
Intensity Max Ch=5 Img=1
 ==================== 
Intensity Max,Unit,Category,Channel,Image,Time,ID,
0.0258109,,Surface,5,Image 1,1,1604,
0.559539,,Surface,5,Image 1,1,1740,
6.70459,,Surface,5,Image 1,1,1745,
0.0594907,,Surface,5,Image 1,1,1753,
1.62718,,Surface,5,Image 1,1,1769,
4.08681,,Surface,5,Image 1,1,1812,
0.0174784,,Surface,5,Image 1,1,1841,
9.95472,,Surface,5,Image 1,1,1887,
0.939872,,Surface,5,Image 1,1,1929,
1.55365,,Surface,5,Image 1,1,1935,
0.434588,,Surface,5,Image 1,1,1937,
0.812966,,Surface,5,Image 1,1,1994,
0.411275,,Surface,5,Image 1,1,2000,
0.47027,,Surface,5,Image 1,1,2031,
1.77662,,Surface,5,Image 1,1,2034,
5.16254,,Surface,5,Image 1,1,2035,
6.38866,,Surface,5,Image 1,1,2037,
0.389646,,Surface,5,Image 1,1,2063,
0.0383096,,Surface,5,Image 1,1,2066,
0.00108471,,Surface,5,Image 1,1,2077,
0.66445,,Surface,5,Image 1,1,2083,
0.0136617,,Surface,5,Image 1,1,2085,
0.296522,,Surface,5,Image 1,1,2086,
0.500966,,Surface,5,Image 1,1,2095,
51.4649,,Surface,5,Image 1,1,2136,
2.98566,,Surface,5,Image 1,1,2155,
0.00140039,,Surface,5,Image 1,1,2159,
0.026519,,Surface,5,Image 1,1,2166,
0.632147,,Surface,5,Image 1,1,2167,
0.00120439,,Surface,5,Image 1,1,2170,
0.0581607,,Surface,5,Image 1,1,2189,
0.0881249,,Surface,5,Image 1,1,2192,
0.00227756,,Surface,5,Image 1,1,2210,
0.015553,,Surface,5,Image 1,1,2211,
14.4526,,Surface,5,Image 1,1,2214,
7.06225,,Surface,5,Image 1,1,2221,
0.252425,,Surface,5,Image 1,1,2224,
3.26264,,Surface,5,Image 1,1,2227,
4.5878e-05,,Surface,5,Image 1,1,2237,
0.737387,,Surface,5,Image 1,1,2243,
6.58439,,Surface,5,Image 1,1,2253,
0.624604,,Surface,5,Image 1,1,2258,
3.52659,,Surface,5,Image 1,1,2259,
4.50526,,Surface,5,Image 1,1,2274,
1.73487,,Surface,5,Image 1,1,2276,
4.35204,,Surface,5,Image 1,1,2277,
1.79903,,Surface,5,Image 1,1,2281,
2.91245,,Surface,5,Image 1,1,2299,
1.41105,,Surface,5,Image 1,1,2320,
0.0476747,,Surface,5,Image 1,1,2321,
41.8085,,Surface,5,Image 1,1,2323,
4.5878e-05,,Surface,5,Image 1,1,2325,
0.0957356,,Surface,5,Image 1,1,2329,
4.35858,,Surface,5,Image 1,1,2338,
0.88609,,Surface,5,Image 1,1,2341,
0.525209,,Surface,5,Image 1,1,2352,
0.270952,,Surface,5,Image 1,1,2353,
5.93182,,Surface,5,Image 1,1,2368,
9.08778,,Surface,5,Image 1,1,2370,
0.0111712,,Surface,5,Image 1,1,2371,
0.382752,,Surface,5,Image 1,1,2386,
1.08978,,Surface,5,Image 1,1,2408,
0.0271317,,Surface,5,Image 1,1,2410,
8.79634,,Surface,5,Image 1,1,2417,
0.0304733,,Surface,5,Image 1,1,2418,
3.97994,,Surface,5,Image 1,1,2422,
0.22924,,Surface,5,Image 1,1,2424,
0.000704021,,Surface,5,Image 1,1,2434,
3.53267,,Surface,5,Image 1,1,2446,
4.54969,,Surface,5,Image 1,1,2450,
0.0232613,,Surface,5,Image 1,1,2462,
0.292161,,Surface,5,Image 1,1,2466,
0.133182,,Surface,5,Image 1,1,2467,
0.315389,,Surface,5,Image 1,1,2474,
0.638656,,Surface,5,Image 1,1,2490,
6.27753,,Surface,5,Image 1,1,2491,
1.4221,,Surface,5,Image 1,1,2492,
0.00437737,,Surface,5,Image 1,1,2501,
19.0784,,Surface,5,Image 1,1,2516,
155.499,,Surface,5,Image 1,1,2527,
0.000237743,,Surface,5,Image 1,1,2540,
5.82004,,Surface,5,Image 1,1,2541,
0.0409019,,Surface,5,Image 1,1,2559,
4.5878e-05,,Surface,5,Image 1,1,2564,
0.989497,,Surface,5,Image 1,1,2568,
34.9125,,Surface,5,Image 1,1,2573,
154.758,,Surface,5,Image 1,1,2574,
1.37067,,Surface,5,Image 1,1,2575,
0.0228363,,Surface,5,Image 1,1,2583,
95.6425,,Surface,5,Image 1,1,2586,
0.0571308,,Surface,5,Image 1,1,2591,
3.04298,,Surface,5,Image 1,1,2606,
20.8259,,Surface,5,Image 1,1,2617,
4.76785,,Surface,5,Image 1,1,2628,
0.911552,,Surface,5,Image 1,1,2633,
2.7399,,Surface,5,Image 1,1,2635,
294.679,,Surface,5,Image 1,1,2662,
0.0892105,,Surface,5,Image 1,1,2664,
7.6439,,Surface,5,Image 1,1,2679,
11.9553,,Surface,5,Image 1,1,2680,
0.104979,,Surface,5,Image 1,1,2682,
8.26585,,Surface,5,Image 1,1,2691,
7.45,,Surface,5,Image 1,1,2708,
0.00797209,,Surface,5,Image 1,1,2709,
0.84135,,Surface,5,Image 1,1,2716,
0.092019,,Surface,5,Image 1,1,2717,
2.68084,,Surface,5,Image 1,1,2729,
2.58507,,Surface,5,Image 1,1,2734,
15.3551,,Surface,5,Image 1,1,2752,
9.55577,,Surface,5,Image 1,1,2767,
4.22868,,Surface,5,Image 1,1,2769,
2.71171,,Surface,5,Image 1,1,2777,
0.298211,,Surface,5,Image 1,1,2785,
2.00375,,Surface,5,Image 1,1,2794,
2.6033,,Surface,5,Image 1,1,2803,
0.773131,,Surface,5,Image 1,1,2806,
66.2468,,Surface,5,Image 1,1,2807,
3.93126,,Surface,5,Image 1,1,2841,
0.0719318,,Surface,5,Image 1,1,2851,
0.0353511,,Surface,5,Image 1,1,2859,
1.85339,,Surface,5,Image 1,1,2868,
33.8645,,Surface,5,Image 1,1,2883,
1.24511,,Surface,5,Image 1,1,2888,
0.743372,,Surface,5,Image 1,1,2889,
1.34097,,Surface,5,Image 1,1,2897,
0.00566839,,Surface,5,Image 1,1,2899,
0.112841,,Surface,5,Image 1,1,2900,
1.78907,,Surface,5,Image 1,1,2907,
0.216155,,Surface,5,Image 1,1,2908,
21.9192,,Surface,5,Image 1,1,2920,
0.922081,,Surface,5,Image 1,1,2921,
34.7123,,Surface,5,Image 1,1,2923,
0.467593,,Surface,5,Image 1,1,2942,
0.794127,,Surface,5,Image 1,1,2952,
0.228615,,Surface,5,Image 1,1,2953,
0.701112,,Surface,5,Image 1,1,2962,
1.83336,,Surface,5,Image 1,1,2972,
0.0200505,,Surface,5,Image 1,1,2978,
0.0022243,,Surface,5,Image 1,1,3002,
2.42396,,Surface,5,Image 1,1,3006,
0.00869269,,Surface,5,Image 1,1,3012,
2.98524,,Surface,5,Image 1,1,3028,
4.57995,,Surface,5,Image 1,1,3061,
0.891052,,Surface,5,Image 1,1,3078,
2.66403,,Surface,5,Image 1,1,3085,
0.115308,,Surface,5,Image 1,1,3087,
9.96673,,Surface,5,Image 1,1,3091,
1.3221,,Surface,5,Image 1,1,3093,
0.175324,,Surface,5,Image 1,1,3098,
3.80775,,Surface,5,Image 1,1,3101,
0.0741314,,Surface,5,Image 1,1,3103,
0.243113,,Surface,5,Image 1,1,3112,
5.1582,,Surface,5,Image 1,1,3126,
5.66649,,Surface,5,Image 1,1,3137,
0.00584263,,Surface,5,Image 1,1,3144,
0.648777,,Surface,5,Image 1,1,3157,
1.48328,,Surface,5,Image 1,1,3166,
0.645034,,Surface,5,Image 1,1,3173,
5.13375,,Surface,5,Image 1,1,3182,
2.41296,,Surface,5,Image 1,1,3196,
0.0127563,,Surface,5,Image 1,1,3211,
0.322486,,Surface,5,Image 1,1,3217,
1.5374,,Surface,5,Image 1,1,3221,
2.40249,,Surface,5,Image 1,1,3224,
1.34606,,Surface,5,Image 1,1,3228,
3.02524,,Surface,5,Image 1,1,3237,
2.22848,,Surface,5,Image 1,1,3240,
1.24626,,Surface,5,Image 1,1,3252,
2.03357,,Surface,5,Image 1,1,3255,
8.82943,,Surface,5,Image 1,1,3260,
4.40741,,Surface,5,Image 1,1,3264,
0.571407,,Surface,5,Image 1,1,3269,
0.0152222,,Surface,5,Image 1,1,3270,
1.60858,,Surface,5,Image 1,1,3273,
0.00522167,,Surface,5,Image 1,1,3276,
1.34519,,Surface,5,Image 1,1,3289,
0.217348,,Surface,5,Image 1,1,3296,
0.0786557,,Surface,5,Image 1,1,3297,
0.0297734,,Surface,5,Image 1,1,3298,
0.551021,,Surface,5,Image 1,1,3302,
0.608768,,Surface,5,Image 1,1,3309,
0.623504,,Surface,5,Image 1,1,3318,
2.02212,,Surface,5,Image 1,1,3322,
0.258291,,Surface,5,Image 1,1,3328,
0.936055,,Surface,5,Image 1,1,3335,
1.80052,,Surface,5,Image 1,1,3336,
0.54164,,Surface,5,Image 1,1,3337,
32.8866,,Surface,5,Image 1,1,3340,
6.98387,,Surface,5,Image 1,1,3346,
38.9782,,Surface,5,Image 1,1,3347,
1.90454,,Surface,5,Image 1,1,3350,
37.073,,Surface,5,Image 1,1,3355,
3.77056,,Surface,5,Image 1,1,3362,
0.451748,,Surface,5,Image 1,1,3365,
0.0411355,,Surface,5,Image 1,1,3366,
1.96516,,Surface,5,Image 1,1,3374,
0.0440018,,Surface,5,Image 1,1,3386,
0.825488,,Surface,5,Image 1,1,3390,
30.6403,,Surface,5,Image 1,1,3411,
9.48196,,Surface,5,Image 1,1,3418,
3.76554,,Surface,5,Image 1,1,3420,
72.693,,Surface,5,Image 1,1,3421,
0.797798,,Surface,5,Image 1,1,3431,
5.40593,,Surface,5,Image 1,1,3433,
8.65456,,Surface,5,Image 1,1,3437,
0.298707,,Surface,5,Image 1,1,3438,
1.74333,,Surface,5,Image 1,1,3443,
0.097714,,Surface,5,Image 1,1,3449,
4.18232,,Surface,5,Image 1,1,3455,
3.43851,,Surface,5,Image 1,1,3465,
4.99108,,Surface,5,Image 1,1,3473,
8.1165,,Surface,5,Image 1,1,3488,
0.13413,,Surface,5,Image 1,1,3489,
104.543,,Surface,5,Image 1,1,3495,
29.3386,,Surface,5,Image 1,1,3501,
1.60198,,Surface,5,Image 1,1,3528,
4.62612,,Surface,5,Image 1,1,3533,
6.96326,,Surface,5,Image 1,1,3555,
101.255,,Surface,5,Image 1,1,3566,
106.553,,Surface,5,Image 1,1,3569,
2.10112,,Surface,5,Image 1,1,3571,
29.9378,,Surface,5,Image 1,1,3573,
300.532,,Surface,5,Image 1,1,3579,
0.746353,,Surface,5,Image 1,1,3581,
2.10642,,Surface,5,Image 1,1,3589,
0.799004,,Surface,5,Image 1,1,3591,
1.46302,,Surface,5,Image 1,1,3593,
2.60047,,Surface,5,Image 1,1,3601,
5.10494,,Surface,5,Image 1,1,3615,
0.508176,,Surface,5,Image 1,1,3616,
5.97256,,Surface,5,Image 1,1,3617,
0.000138728,,Surface,5,Image 1,1,3625,
26.2382,,Surface,5,Image 1,1,3628,
0.476093,,Surface,5,Image 1,1,3634,
39.515,,Surface,5,Image 1,1,3640,
0.94143,,Surface,5,Image 1,1,3641,
60.8833,,Surface,5,Image 1,1,3649,
80.3109,,Surface,5,Image 1,1,3671,
2.57902,,Surface,5,Image 1,1,3672,
45.9649,,Surface,5,Image 1,1,3677,
5.05119,,Surface,5,Image 1,1,3684,
0.0430732,,Surface,5,Image 1,1,3690,
2.5885,,Surface,5,Image 1,1,3698,
0.676698,,Surface,5,Image 1,1,3726,
4.36965,,Surface,5,Image 1,1,3733,
9.63659,,Surface,5,Image 1,1,3739,
1.95811,,Surface,5,Image 1,1,3746,
1.43358,,Surface,5,Image 1,1,3747,
0.995681,,Surface,5,Image 1,1,3750,
0.303203,,Surface,5,Image 1,1,3752,
33.3157,,Surface,5,Image 1,1,3753,
0.729175,,Surface,5,Image 1,1,3766,
5.17368,,Surface,5,Image 1,1,3769,
0.854329,,Surface,5,Image 1,1,3776,
21.0611,,Surface,5,Image 1,1,3786,
5.16659,,Surface,5,Image 1,1,3795,
2.63879,,Surface,5,Image 1,1,3800,
1.0264,,Surface,5,Image 1,1,3815,
2.04522,,Surface,5,Image 1,1,3820,
0.450026,,Surface,5,Image 1,1,3829,
3.76705,,Surface,5,Image 1,1,3835,
0.129712,,Surface,5,Image 1,1,3836,
0.00843871,,Surface,5,Image 1,1,3839,
20.6784,,Surface,5,Image 1,1,3849,
1.58383,,Surface,5,Image 1,1,3854,
0.209636,,Surface,5,Image 1,1,3869,
6.24411,,Surface,5,Image 1,1,3874,
0.425534,,Surface,5,Image 1,1,3878,
1.10519,,Surface,5,Image 1,1,3884,
88.2033,,Surface,5,Image 1,1,3886,
0.712138,,Surface,5,Image 1,1,3889,
1.48305,,Surface,5,Image 1,1,3894,
76.789,,Surface,5,Image 1,1,3897,
11.0963,,Surface,5,Image 1,1,3909,
54.2406,,Surface,5,Image 1,1,3919,
0.761145,,Surface,5,Image 1,1,3921,
2.67375,,Surface,5,Image 1,1,3923,
0.565699,,Surface,5,Image 1,1,3926,
0.136445,,Surface,5,Image 1,1,3929,
1.98038,,Surface,5,Image 1,1,3933,
0.589682,,Surface,5,Image 1,1,3940,
7.32388,,Surface,5,Image 1,1,3947,
0.886841,,Surface,5,Image 1,1,3949,
4.10303,,Surface,5,Image 1,1,3956,
2.9199,,Surface,5,Image 1,1,3963,
9.84102,,Surface,5,Image 1,1,3968,
4.07567,,Surface,5,Image 1,1,3976,
0.666602,,Surface,5,Image 1,1,3977,
0.0422289,,Surface,5,Image 1,1,3978,
5.07199,,Surface,5,Image 1,1,3980,
1.04529,,Surface,5,Image 1,1,3982,
0.673667,,Surface,5,Image 1,1,3994,
3.36591,,Surface,5,Image 1,1,4002,
2.74692,,Surface,5,Image 1,1,4009,
1.29037,,Surface,5,Image 1,1,4041,
64.5821,,Surface,5,Image 1,1,4042,
4.5878e-05,,Surface,5,Image 1,1,4053,
0.999512,,Surface,5,Image 1,1,4057,
0.0301834,,Surface,5,Image 1,1,4072,
53.4086,,Surface,5,Image 1,1,4075,
1.2923,,Surface,5,Image 1,1,4077,
1.81929,,Surface,5,Image 1,1,4079,
0.946066,,Surface,5,Image 1,1,4084,
1.3489,,Surface,5,Image 1,1,4089,
0.000299168,,Surface,5,Image 1,1,4093,
1.26902,,Surface,5,Image 1,1,4101,
29.4725,,Surface,5,Image 1,1,4105,
224.961,,Surface,5,Image 1,1,4107,
0.0774284,,Surface,5,Image 1,1,4110,
2.064,,Surface,5,Image 1,1,4119,
3.29193,,Surface,5,Image 1,1,4126,
1.36192,,Surface,5,Image 1,1,4129,
1.12042,,Surface,5,Image 1,1,4139,
0.000485348,,Surface,5,Image 1,1,4140,
0.121673,,Surface,5,Image 1,1,4142,
20.8361,,Surface,5,Image 1,1,4150,
9.1004,,Surface,5,Image 1,1,4152,
2.54548,,Surface,5,Image 1,1,4153,
1.30106,,Surface,5,Image 1,1,4163,
28.944,,Surface,5,Image 1,1,4172,
6.2229,,Surface,5,Image 1,1,4175,
1.93888,,Surface,5,Image 1,1,4185,
458.788,,Surface,5,Image 1,1,4191,
1.04077,,Surface,5,Image 1,1,4194,
4.8649,,Surface,5,Image 1,1,4195,
21.0171,,Surface,5,Image 1,1,4203,
1.52904,,Surface,5,Image 1,1,4210,
0.00274628,,Surface,5,Image 1,1,4211,
3.42664,,Surface,5,Image 1,1,4233,
10.9125,,Surface,5,Image 1,1,4237,
0.728326,,Surface,5,Image 1,1,4242,
35.2301,,Surface,5,Image 1,1,4243,
27.3827,,Surface,5,Image 1,1,4254,
1.37385,,Surface,5,Image 1,1,4258,
68.2246,,Surface,5,Image 1,1,4259,
9.32573,,Surface,5,Image 1,1,4260,
1.28672,,Surface,5,Image 1,1,4269,
2.61976,,Surface,5,Image 1,1,4275,
2.9423,,Surface,5,Image 1,1,4279,
3.56901,,Surface,5,Image 1,1,4284,
27.9494,,Surface,5,Image 1,1,4285,
0.957679,,Surface,5,Image 1,1,4289,
47.7248,,Surface,5,Image 1,1,4295,
3.20403,,Surface,5,Image 1,1,4308,
8.34592,,Surface,5,Image 1,1,4310,
2.25244,,Surface,5,Image 1,1,4317,
539.275,,Surface,5,Image 1,1,4320,
2.74337,,Surface,5,Image 1,1,4322,
1.15908,,Surface,5,Image 1,1,4330,
34.9358,,Surface,5,Image 1,1,4331,
66.761,,Surface,5,Image 1,1,4355,
2.19236,,Surface,5,Image 1,1,4365,
222.726,,Surface,5,Image 1,1,4380,
22.5819,,Surface,5,Image 1,1,4382,
13.8625,,Surface,5,Image 1,1,4385,
6.94088,,Surface,5,Image 1,1,4386,
67.7564,,Surface,5,Image 1,1,4400,
49.4642,,Surface,5,Image 1,1,4404,
5.12149,,Surface,5,Image 1,1,4408,
1.37692,,Surface,5,Image 1,1,4410,
398.486,,Surface,5,Image 1,1,4418,
7.4546,,Surface,5,Image 1,1,4420,
2.55172,,Surface,5,Image 1,1,4434,
58.6323,,Surface,5,Image 1,1,4435,
0.352135,,Surface,5,Image 1,1,4438,
19.852,,Surface,5,Image 1,1,4443,
44.9751,,Surface,5,Image 1,1,4453,
116.959,,Surface,5,Image 1,1,4460,
59.7129,,Surface,5,Image 1,1,4479,
99.9637,,Surface,5,Image 1,1,4487,
3.17886,,Surface,5,Image 1,1,4488,
3.06551,,Surface,5,Image 1,1,4490,
3.78395,,Surface,5,Image 1,1,4497,
19.7012,,Surface,5,Image 1,1,4498,
261.79,,Surface,5,Image 1,1,4507,
3.473,,Surface,5,Image 1,1,4510,
0.01918,,Surface,5,Image 1,1,4518,
1.39414,,Surface,5,Image 1,1,4520,
3.44964,,Surface,5,Image 1,1,4526,
3.15176,,Surface,5,Image 1,1,4538,
4.08176,,Surface,5,Image 1,1,4539,
3.45149,,Surface,5,Image 1,1,4546,
9.76556,,Surface,5,Image 1,1,4552,
389.963,,Surface,5,Image 1,1,4554,
0.671298,,Surface,5,Image 1,1,4562,
22.6825,,Surface,5,Image 1,1,4570,
3.82383,,Surface,5,Image 1,1,4577,
0.952445,,Surface,5,Image 1,1,4588,
3.26195,,Surface,5,Image 1,1,4591,
1.93126,,Surface,5,Image 1,1,4593,
300.224,,Surface,5,Image 1,1,4595,
312.061,,Surface,5,Image 1,1,4604,
79.5655,,Surface,5,Image 1,1,4605,
5.00486,,Surface,5,Image 1,1,4606,
11.808,,Surface,5,Image 1,1,4618,
7.9879,,Surface,5,Image 1,1,4622,
3.17579,,Surface,5,Image 1,1,4626,
1.68146,,Surface,5,Image 1,1,4632,
0.502438,,Surface,5,Image 1,1,4638,
83.8714,,Surface,5,Image 1,1,4646,
19.9381,,Surface,5,Image 1,1,4654,
18.5251,,Surface,5,Image 1,1,4657,
15.076,,Surface,5,Image 1,1,4662,
2.62357,,Surface,5,Image 1,1,4672,
13.4563,,Surface,5,Image 1,1,4675,
113.103,,Surface,5,Image 1,1,4677,
30.0776,,Surface,5,Image 1,1,4678,
38.687,,Surface,5,Image 1,1,4679,
0.0929571,,Surface,5,Image 1,1,4688,
89.3983,,Surface,5,Image 1,1,4693,
6.82227e-05,,Surface,5,Image 1,1,4704,
34.1027,,Surface,5,Image 1,1,4714,
2.69264,,Surface,5,Image 1,1,4718,
1.37378,,Surface,5,Image 1,1,4727,
0.676803,,Surface,5,Image 1,1,4728,
250.931,,Surface,5,Image 1,1,4729,
4.03445,,Surface,5,Image 1,1,4739,
14.8756,,Surface,5,Image 1,1,4741,
0.128747,,Surface,5,Image 1,1,4742,
7.11544,,Surface,5,Image 1,1,4747,
39.2576,,Surface,5,Image 1,1,4748,
1.77697,,Surface,5,Image 1,1,4750,
0.155481,,Surface,5,Image 1,1,4752,
77.4796,,Surface,5,Image 1,1,4762,
0.294958,,Surface,5,Image 1,1,4794,
6.26158,,Surface,5,Image 1,1,4796,
0.0988487,,Surface,5,Image 1,1,4797,
3.06932,,Surface,5,Image 1,1,4803,
64.6184,,Surface,5,Image 1,1,4807,
31.105,,Surface,5,Image 1,1,4849,
3.12461,,Surface,5,Image 1,1,4850,
57.7902,,Surface,5,Image 1,1,4853,
4.02637,,Surface,5,Image 1,1,4854,
15.9814,,Surface,5,Image 1,1,4855,
80.1349,,Surface,5,Image 1,1,4860,
21.5535,,Surface,5,Image 1,1,4863,
1.60779,,Surface,5,Image 1,1,4866,
99.7119,,Surface,5,Image 1,1,4877,
0.894259,,Surface,5,Image 1,1,4885,
59.3613,,Surface,5,Image 1,1,4894,
0.17521,,Surface,5,Image 1,1,4896,
2.30751,,Surface,5,Image 1,1,4907,
7.37675,,Surface,5,Image 1,1,4909,
13.53,,Surface,5,Image 1,1,4911,
146.334,,Surface,5,Image 1,1,4916,
62.5833,,Surface,5,Image 1,1,4927,
1.34506,,Surface,5,Image 1,1,4936,
34.4064,,Surface,5,Image 1,1,4955,
50.4453,,Surface,5,Image 1,1,4957,
0.763828,,Surface,5,Image 1,1,4968,
40.7138,,Surface,5,Image 1,1,4972,
0.153815,,Surface,5,Image 1,1,4974,
58.1621,,Surface,5,Image 1,1,4976,
3.07391,,Surface,5,Image 1,1,4988,
176.735,,Surface,5,Image 1,1,4991,
232.872,,Surface,5,Image 1,1,5009,
8.56097,,Surface,5,Image 1,1,5013,
37.8033,,Surface,5,Image 1,1,5019,
93.1815,,Surface,5,Image 1,1,5024,
0.319853,,Surface,5,Image 1,1,5026,
3.48581,,Surface,5,Image 1,1,5031,
2.57036,,Surface,5,Image 1,1,5045,
62.6113,,Surface,5,Image 1,1,5048,
251.462,,Surface,5,Image 1,1,5050,
219.008,,Surface,5,Image 1,1,5053,
0.0028658,,Surface,5,Image 1,1,5060,
163.973,,Surface,5,Image 1,1,5062,
37.924,,Surface,5,Image 1,1,5070,
7.21708,,Surface,5,Image 1,1,5071,
5.18601,,Surface,5,Image 1,1,5072,
21.2021,,Surface,5,Image 1,1,5084,
191.249,,Surface,5,Image 1,1,5086,
0.948009,,Surface,5,Image 1,1,5098,
28.056,,Surface,5,Image 1,1,5100,
191.923,,Surface,5,Image 1,1,5101,
240.442,,Surface,5,Image 1,1,5104,
250.267,,Surface,5,Image 1,1,5109,
0.922912,,Surface,5,Image 1,1,5124,
2.27212,,Surface,5,Image 1,1,5125,
5.29605,,Surface,5,Image 1,1,5131,
116.226,,Surface,5,Image 1,1,5133,
71.8734,,Surface,5,Image 1,1,5143,
56.2766,,Surface,5,Image 1,1,5145,
59.6765,,Surface,5,Image 1,1,5147,
190.271,,Surface,5,Image 1,1,5156,
0.904471,,Surface,5,Image 1,1,5165,
22.837,,Surface,5,Image 1,1,5178,
118.657,,Surface,5,Image 1,1,5180,
2.15403,,Surface,5,Image 1,1,5182,
170.536,,Surface,5,Image 1,1,5189,
78.9018,,Surface,5,Image 1,1,5200,
0.368607,,Surface,5,Image 1,1,5202,
2.48065,,Surface,5,Image 1,1,5206,
37.2284,,Surface,5,Image 1,1,5207,
136.761,,Surface,5,Image 1,1,5208,
6.66411,,Surface,5,Image 1,1,5215,
33.8153,,Surface,5,Image 1,1,5217,
4.21683,,Surface,5,Image 1,1,5222,
64.4723,,Surface,5,Image 1,1,5229,
105.365,,Surface,5,Image 1,1,5230,
157.854,,Surface,5,Image 1,1,5231,
63.6144,,Surface,5,Image 1,1,5232,
1.15118,,Surface,5,Image 1,1,5233,
10.6646,,Surface,5,Image 1,1,5237,
113.74,,Surface,5,Image 1,1,5240,
8.77072,,Surface,5,Image 1,1,5251,
11.0745,,Surface,5,Image 1,1,5261,
5.3221,,Surface,5,Image 1,1,5272,
5.75933,,Surface,5,Image 1,1,5279,
0.659466,,Surface,5,Image 1,1,5281,
9.38725,,Surface,5,Image 1,1,5286,
24.5485,,Surface,5,Image 1,1,5287,
129.878,,Surface,5,Image 1,1,5292,
1.45472,,Surface,5,Image 1,1,5303,
1.36513,,Surface,5,Image 1,1,5316,
1.87454,,Surface,5,Image 1,1,5320,
2.3095,,Surface,5,Image 1,1,5327,
22.3257,,Surface,5,Image 1,1,5334,
65.2212,,Surface,5,Image 1,1,5335,
65.0314,,Surface,5,Image 1,1,5337,
10.4549,,Surface,5,Image 1,1,5338,
3.93415,,Surface,5,Image 1,1,5340,
2.90974,,Surface,5,Image 1,1,5344,
5.80324,,Surface,5,Image 1,1,5349,
17.4906,,Surface,5,Image 1,1,5358,
16.1721,,Surface,5,Image 1,1,5365,
9.57392,,Surface,5,Image 1,1,5366,
36.4706,,Surface,5,Image 1,1,5367,
153.406,,Surface,5,Image 1,1,5371,
2.13444,,Surface,5,Image 1,1,5374,
146.054,,Surface,5,Image 1,1,5375,
16.7754,,Surface,5,Image 1,1,5376,
72.8342,,Surface,5,Image 1,1,5384,
39.9568,,Surface,5,Image 1,1,5385,
0.34171,,Surface,5,Image 1,1,5386,
11.6323,,Surface,5,Image 1,1,5401,
45.258,,Surface,5,Image 1,1,5406,
76.0933,,Surface,5,Image 1,1,5407,
0.000286913,,Surface,5,Image 1,1,5411,
3.83177,,Surface,5,Image 1,1,5417,
228.014,,Surface,5,Image 1,1,5419,
9.73787,,Surface,5,Image 1,1,5420,
1.75331,,Surface,5,Image 1,1,5421,
15.2548,,Surface,5,Image 1,1,5431,
337.863,,Surface,5,Image 1,1,5433,
0.207437,,Surface,5,Image 1,1,5440,
100.77,,Surface,5,Image 1,1,5443,
2.01679,,Surface,5,Image 1,1,5445,
1.32854,,Surface,5,Image 1,1,5451,
98.7006,,Surface,5,Image 1,1,5457,
78.367,,Surface,5,Image 1,1,5466,
3.81307,,Surface,5,Image 1,1,5467,
2.82507,,Surface,5,Image 1,1,5469,
77.1529,,Surface,5,Image 1,1,5482,
5.36873,,Surface,5,Image 1,1,5487,
1.68842,,Surface,5,Image 1,1,5491,
2.59358,,Surface,5,Image 1,1,5499,
5.89347,,Surface,5,Image 1,1,5501,
5.83071,,Surface,5,Image 1,1,5502,
181.75,,Surface,5,Image 1,1,5505,
0.0053427,,Surface,5,Image 1,1,5508,
42.6259,,Surface,5,Image 1,1,5510,
18.1708,,Surface,5,Image 1,1,5513,
14.9641,,Surface,5,Image 1,1,5519,
271.307,,Surface,5,Image 1,1,5520,
0.870709,,Surface,5,Image 1,1,5523,
3.3702,,Surface,5,Image 1,1,5524,
94.3768,,Surface,5,Image 1,1,5526,
3.17616,,Surface,5,Image 1,1,5532,
159.453,,Surface,5,Image 1,1,5540,
3.34925,,Surface,5,Image 1,1,5545,
4.14068,,Surface,5,Image 1,1,5550,
8.10185,,Surface,5,Image 1,1,5560,
3.10227,,Surface,5,Image 1,1,5581,
0.000152543,,Surface,5,Image 1,1,5582,
6.34651,,Surface,5,Image 1,1,5584,
0.97388,,Surface,5,Image 1,1,5590,
262.419,,Surface,5,Image 1,1,5593,
73.4943,,Surface,5,Image 1,1,5594,
9.8291,,Surface,5,Image 1,1,5597,
35.1164,,Surface,5,Image 1,1,5600,
84.3762,,Surface,5,Image 1,1,5605,
305.366,,Surface,5,Image 1,1,5617,
65.803,,Surface,5,Image 1,1,5627,
249.748,,Surface,5,Image 1,1,5629,
333.661,,Surface,5,Image 1,1,5631,
0.0472838,,Surface,5,Image 1,1,5633,
1.06854,,Surface,5,Image 1,1,5639,
2.26949,,Surface,5,Image 1,1,5643,
348.861,,Surface,5,Image 1,1,5658,
1.18843,,Surface,5,Image 1,1,5670,
125.85,,Surface,5,Image 1,1,5671,
2.31957,,Surface,5,Image 1,1,5672,
0.103088,,Surface,5,Image 1,1,5673,
0.182744,,Surface,5,Image 1,1,5674,
12.609,,Surface,5,Image 1,1,5675,
0.40606,,Surface,5,Image 1,1,5678,
54.4108,,Surface,5,Image 1,1,5680,
36.3612,,Surface,5,Image 1,1,5681,
1.07556,,Surface,5,Image 1,1,5682,
2.16426,,Surface,5,Image 1,1,5684,
0.65143,,Surface,5,Image 1,1,5689,
0.144782,,Surface,5,Image 1,1,5693,
228.835,,Surface,5,Image 1,1,5695,
95.3715,,Surface,5,Image 1,1,5696,
73.4113,,Surface,5,Image 1,1,5702,
251.638,,Surface,5,Image 1,1,5704,
2.82685,,Surface,5,Image 1,1,5705,
190.144,,Surface,5,Image 1,1,5706,
1.09269,,Surface,5,Image 1,1,5710,
5.54212,,Surface,5,Image 1,1,5714,
1.29934,,Surface,5,Image 1,1,5718,
57.3108,,Surface,5,Image 1,1,5727,
8.01286,,Surface,5,Image 1,1,5734,
234.644,,Surface,5,Image 1,1,5737,
0.419406,,Surface,5,Image 1,1,5748,
89.7327,,Surface,5,Image 1,1,5754,
179.454,,Surface,5,Image 1,1,5755,
4.83993,,Surface,5,Image 1,1,5765,
42.9423,,Surface,5,Image 1,1,5770,
8.008,,Surface,5,Image 1,1,5772,
2.42783,,Surface,5,Image 1,1,5785,
4.23507,,Surface,5,Image 1,1,5791,
0.237542,,Surface,5,Image 1,1,5797,
86.4259,,Surface,5,Image 1,1,5798,
1.91031,,Surface,5,Image 1,1,5801,
253.906,,Surface,5,Image 1,1,5805,
1.72907,,Surface,5,Image 1,1,5810,
150.076,,Surface,5,Image 1,1,5812,
14.7256,,Surface,5,Image 1,1,5813,
415.097,,Surface,5,Image 1,1,5814,
91.5549,,Surface,5,Image 1,1,5815,
1.4755,,Surface,5,Image 1,1,5819,
54.4473,,Surface,5,Image 1,1,5822,
21.4429,,Surface,5,Image 1,1,5825,
1.05495,,Surface,5,Image 1,1,5826,
301.841,,Surface,5,Image 1,1,5831,
19.8227,,Surface,5,Image 1,1,5840,
225.357,,Surface,5,Image 1,1,5842,
0.968693,,Surface,5,Image 1,1,5847,
35.056,,Surface,5,Image 1,1,5852,
33.9712,,Surface,5,Image 1,1,5854,
16.7647,,Surface,5,Image 1,1,5858,
0.488571,,Surface,5,Image 1,1,5860,
4.92703,,Surface,5,Image 1,1,5877,
225.702,,Surface,5,Image 1,1,5883,
3.60434,,Surface,5,Image 1,1,5885,
1.06623,,Surface,5,Image 1,1,5886,
59.7087,,Surface,5,Image 1,1,5887,
103.635,,Surface,5,Image 1,1,5888,
830.318,,Surface,5,Image 1,1,5895,
145.657,,Surface,5,Image 1,1,5900,
0.945585,,Surface,5,Image 1,1,5901,
245.477,,Surface,5,Image 1,1,5906,
596.67,,Surface,5,Image 1,1,5910,
69.1792,,Surface,5,Image 1,1,5915,
119.886,,Surface,5,Image 1,1,5916,
223.67,,Surface,5,Image 1,1,5924,
1.79131,,Surface,5,Image 1,1,5926,
585.399,,Surface,5,Image 1,1,5927,
256.601,,Surface,5,Image 1,1,5929,
29.7484,,Surface,5,Image 1,1,5936,
300.816,,Surface,5,Image 1,1,5939,
97.9299,,Surface,5,Image 1,1,5944,
100.604,,Surface,5,Image 1,1,5948,
187.809,,Surface,5,Image 1,1,5950,
58.0831,,Surface,5,Image 1,1,5953,
243.019,,Surface,5,Image 1,1,5954,
1.72087,,Surface,5,Image 1,1,5958,
42.5564,,Surface,5,Image 1,1,5962,
47.997,,Surface,5,Image 1,1,5966,
181.814,,Surface,5,Image 1,1,5967,
332.314,,Surface,5,Image 1,1,5969,
1.79,,Surface,5,Image 1,1,5970,
254.631,,Surface,5,Image 1,1,5972,
8.94456,,Surface,5,Image 1,1,5977,
0.227453,,Surface,5,Image 1,1,5980,
24.3866,,Surface,5,Image 1,1,5984,
284.365,,Surface,5,Image 1,1,5991,
327.395,,Surface,5,Image 1,1,5996,
301.286,,Surface,5,Image 1,1,5998,
148.284,,Surface,5,Image 1,1,5999,
1.84708,,Surface,5,Image 1,1,6000,
1.45549,,Surface,5,Image 1,1,6002,
1.20263,,Surface,5,Image 1,1,6008,
296.513,,Surface,5,Image 1,1,6018,
300.16,,Surface,5,Image 1,1,6019,
4.87067,,Surface,5,Image 1,1,6020,
1.68361,,Surface,5,Image 1,1,6021,
119.158,,Surface,5,Image 1,1,6022,
51.8913,,Surface,5,Image 1,1,6023,
28.3531,,Surface,5,Image 1,1,6027,
316.776,,Surface,5,Image 1,1,6031,
1.70984,,Surface,5,Image 1,1,6032,
40.7787,,Surface,5,Image 1,1,6033,
250.61,,Surface,5,Image 1,1,6037,
2.61037,,Surface,5,Image 1,1,6041,
309.819,,Surface,5,Image 1,1,6046,
116.909,,Surface,5,Image 1,1,6049,
65.379,,Surface,5,Image 1,1,6051,
7.7359,,Surface,5,Image 1,1,6058,
33.3466,,Surface,5,Image 1,1,6059,
0.23827,,Surface,5,Image 1,1,6065,
10.5725,,Surface,5,Image 1,1,6068,
40.3183,,Surface,5,Image 1,1,6069,
99.9937,,Surface,5,Image 1,1,6071,
352.539,,Surface,5,Image 1,1,6072,
159.415,,Surface,5,Image 1,1,6073,
265.091,,Surface,5,Image 1,1,6078,
12.6302,,Surface,5,Image 1,1,6080,
131.99,,Surface,5,Image 1,1,6081,
71.7757,,Surface,5,Image 1,1,6083,
9.78874,,Surface,5,Image 1,1,6084,
71.3875,,Surface,5,Image 1,1,6086,
615.496,,Surface,5,Image 1,1,6089,
349.859,,Surface,5,Image 1,1,6092,
177.448,,Surface,5,Image 1,1,6100,
115.142,,Surface,5,Image 1,1,6104,
62.5554,,Surface,5,Image 1,1,6108,
95.5582,,Surface,5,Image 1,1,6110,
92.0796,,Surface,5,Image 1,1,6112,
6.74771,,Surface,5,Image 1,1,6114,
52.7862,,Surface,5,Image 1,1,6120,
114.642,,Surface,5,Image 1,1,6127,
87.3796,,Surface,5,Image 1,1,6132,
156.525,,Surface,5,Image 1,1,6134,
198.26,,Surface,5,Image 1,1,6140,
2.64963,,Surface,5,Image 1,1,6141,
91.9826,,Surface,5,Image 1,1,6146,
15.4603,,Surface,5,Image 1,1,6147,
20.2324,,Surface,5,Image 1,1,6152,
5.40101,,Surface,5,Image 1,1,6153,
6.62517,,Surface,5,Image 1,1,6155,
172.515,,Surface,5,Image 1,1,6156,
257.747,,Surface,5,Image 1,1,6159,
19.4802,,Surface,5,Image 1,1,6160,
18.0013,,Surface,5,Image 1,1,6162,
75.5723,,Surface,5,Image 1,1,6163,
321.145,,Surface,5,Image 1,1,6164,
28.1918,,Surface,5,Image 1,1,6170,
167.806,,Surface,5,Image 1,1,6173,
302.346,,Surface,5,Image 1,1,6174,
11.2839,,Surface,5,Image 1,1,6175,
326.549,,Surface,5,Image 1,1,6179,
271.326,,Surface,5,Image 1,1,6181,
5.17946,,Surface,5,Image 1,1,6183,
0.931537,,Surface,5,Image 1,1,6186,
51.4688,,Surface,5,Image 1,1,6193,
55.0375,,Surface,5,Image 1,1,6195,
19.9433,,Surface,5,Image 1,1,6196,
23.9783,,Surface,5,Image 1,1,6197,
0.717134,,Surface,5,Image 1,1,6202,
79.5004,,Surface,5,Image 1,1,6206,
470.572,,Surface,5,Image 1,1,6207,
24.7458,,Surface,5,Image 1,1,6208,
8.57107,,Surface,5,Image 1,1,6209,
6.64353,,Surface,5,Image 1,1,6210,
435.26,,Surface,5,Image 1,1,6214,
37.3805,,Surface,5,Image 1,1,6215,
4.23693,,Surface,5,Image 1,1,6216,
228.18,,Surface,5,Image 1,1,6217,
5.2281,,Surface,5,Image 1,1,6218,
164.182,,Surface,5,Image 1,1,6222,
2.13846,,Surface,5,Image 1,1,6223,
18.26,,Surface,5,Image 1,1,6224,
267.569,,Surface,5,Image 1,1,6225,
17.921,,Surface,5,Image 1,1,6228,
3.66005,,Surface,5,Image 1,1,6229,
19.9151,,Surface,5,Image 1,1,6232,
156.392,,Surface,5,Image 1,1,6235,
98.6692,,Surface,5,Image 1,1,6236,
35.8543,,Surface,5,Image 1,1,6238,
76.3139,,Surface,5,Image 1,1,6241,
52.779,,Surface,5,Image 1,1,6242,
15.8426,,Surface,5,Image 1,1,6243,
247.598,,Surface,5,Image 1,1,6247,
192.968,,Surface,5,Image 1,1,6256,
45.6082,,Surface,5,Image 1,1,6257,
49.3894,,Surface,5,Image 1,1,6258,
7.05153,,Surface,5,Image 1,1,6260,
434.667,,Surface,5,Image 1,1,6261,
233.708,,Surface,5,Image 1,1,6266,
115.785,,Surface,5,Image 1,1,6267,
76.2064,,Surface,5,Image 1,1,6270,
4.25348,,Surface,5,Image 1,1,6271,
86.1107,,Surface,5,Image 1,1,6273,
29.7987,,Surface,5,Image 1,1,6274,
8.26877,,Surface,5,Image 1,1,6276,
85.269,,Surface,5,Image 1,1,6278,
21.7913,,Surface,5,Image 1,1,6281,
243.005,,Surface,5,Image 1,1,6282,
16.2079,,Surface,5,Image 1,1,6283,
8.4945,,Surface,5,Image 1,1,6285,
20.4643,,Surface,5,Image 1,1,6286,
4.28886,,Surface,5,Image 1,1,6287,
12.4087,,Surface,5,Image 1,1,6289,
6.3632,,Surface,5,Image 1,1,6290,
14.314,,Surface,5,Image 1,1,6291,
129.296,,Surface,5,Image 1,1,6292,
2.33305,,Surface,5,Image 1,1,6294,
10.1138,,Surface,5,Image 1,1,6296,
0.00206689,,Surface,5,Image 1,1,6299,
8.28241,,Surface,5,Image 1,1,6301,
62.3184,,Surface,5,Image 1,1,6309,
14.8559,,Surface,5,Image 1,1,6315,
344.209,,Surface,5,Image 1,1,6317,
0.762443,,Surface,5,Image 1,1,6318,
0.0538921,,Surface,5,Image 1,1,6319,
3.83836,,Surface,5,Image 1,1,6322,
6.42959,,Surface,5,Image 1,1,6325,
260.55,,Surface,5,Image 1,1,6326,
18.2899,,Surface,5,Image 1,1,6330,
60.5483,,Surface,5,Image 1,1,6331,
71.3697,,Surface,5,Image 1,1,6333,
19.9044,,Surface,5,Image 1,1,6336,
242.45,,Surface,5,Image 1,1,6337,
264.381,,Surface,5,Image 1,1,6339,
9.72128,,Surface,5,Image 1,1,6341,
16.1512,,Surface,5,Image 1,1,6342,
175.56,,Surface,5,Image 1,1,6345,
4.49265,,Surface,5,Image 1,1,6346,
56.9858,,Surface,5,Image 1,1,6350,
142.833,,Surface,5,Image 1,1,6351,
88.9647,,Surface,5,Image 1,1,6352,
90.5029,,Surface,5,Image 1,1,6354,
268.494,,Surface,5,Image 1,1,6356,
1.90161,,Surface,5,Image 1,1,6359,
8.73458,,Surface,5,Image 1,1,6360,
22.4525,,Surface,5,Image 1,1,6361,
91.8778,,Surface,5,Image 1,1,6362,
71.6986,,Surface,5,Image 1,1,6363,
20.3854,,Surface,5,Image 1,1,6364,
1.07101,,Surface,5,Image 1,1,6365,
48.1503,,Surface,5,Image 1,1,6366,
2.88973,,Surface,5,Image 1,1,6367,
268.577,,Surface,5,Image 1,1,6372,
7.79018,,Surface,5,Image 1,1,6381,
16.366,,Surface,5,Image 1,1,6384,
69.4743,,Surface,5,Image 1,1,6385,
269.991,,Surface,5,Image 1,1,6387,
73.9504,,Surface,5,Image 1,1,6388,
147.666,,Surface,5,Image 1,1,6390,
10.8432,,Surface,5,Image 1,1,6391,
239.905,,Surface,5,Image 1,1,6393,
2.44704,,Surface,5,Image 1,1,6394,
158.854,,Surface,5,Image 1,1,6395,
12.8847,,Surface,5,Image 1,1,6396,
0.723141,,Surface,5,Image 1,1,6398,
15.5957,,Surface,5,Image 1,1,6399,
374.493,,Surface,5,Image 1,1,6402,
14.4608,,Surface,5,Image 1,1,6403,
3.73695,,Surface,5,Image 1,1,6406,
10.4087,,Surface,5,Image 1,1,6409,
87.0813,,Surface,5,Image 1,1,6410,
1.50854,,Surface,5,Image 1,1,6413,
0.44548,,Surface,5,Image 1,1,6414,
5.25662,,Surface,5,Image 1,1,6416,
90.0353,,Surface,5,Image 1,1,6419,
24.4994,,Surface,5,Image 1,1,6423,
27.9216,,Surface,5,Image 1,1,6425,
43.9995,,Surface,5,Image 1,1,6426,
131.858,,Surface,5,Image 1,1,6427,
12.4571,,Surface,5,Image 1,1,6429,
8.38827,,Surface,5,Image 1,1,6430,
72.9897,,Surface,5,Image 1,1,6431,
203.527,,Surface,5,Image 1,1,6432,
241.313,,Surface,5,Image 1,1,6433,
2.92622,,Surface,5,Image 1,1,6437,
19.4721,,Surface,5,Image 1,1,6438,
2.11438,,Surface,5,Image 1,1,6439,
109.292,,Surface,5,Image 1,1,6440,
20.5606,,Surface,5,Image 1,1,6442,
18.5371,,Surface,5,Image 1,1,6443,
5.14716,,Surface,5,Image 1,1,6444,
24.1534,,Surface,5,Image 1,1,6446,
2.01189,,Surface,5,Image 1,1,6447,
44.9278,,Surface,5,Image 1,1,6450,
4.12998,,Surface,5,Image 1,1,6451,
0.0680801,,Surface,5,Image 1,1,6452,
95.8965,,Surface,5,Image 1,1,6456,
2.10842,,Surface,5,Image 1,1,6457,
12.5005,,Surface,5,Image 1,1,6460,
78.779,,Surface,5,Image 1,1,6462,
2.74359,,Surface,5,Image 1,1,6463,
5.02558,,Surface,5,Image 1,1,6464,
7.34206,,Surface,5,Image 1,1,6465,
21.2462,,Surface,5,Image 1,1,6467,
10.388,,Surface,5,Image 1,1,6468,
51.7664,,Surface,5,Image 1,1,6469,
12.8113,,Surface,5,Image 1,1,6470,
64.4612,,Surface,5,Image 1,1,6471,
56.0061,,Surface,5,Image 1,1,6472,
21.4952,,Surface,5,Image 1,1,6477,
193.656,,Surface,5,Image 1,1,6480,
1.9921,,Surface,5,Image 1,1,6482,
129.221,,Surface,5,Image 1,1,6484,
1.87383,,Surface,5,Image 1,1,6485,
2.54837,,Surface,5,Image 1,1,6486,
22.192,,Surface,5,Image 1,1,6488,
0.029626,,Surface,5,Image 1,1,6491,
2.5857,,Surface,5,Image 1,1,6492,
37.2702,,Surface,5,Image 1,1,6493,
3.06274,,Surface,5,Image 1,1,6497,
208.531,,Surface,5,Image 1,1,6498,
44.0019,,Surface,5,Image 1,1,6500,
4.98283,,Surface,5,Image 1,1,6502,
138.701,,Surface,5,Image 1,1,6504,
117.858,,Surface,5,Image 1,1,6505,
10.9793,,Surface,5,Image 1,1,6509,
77.0354,,Surface,5,Image 1,1,6510,
98.0659,,Surface,5,Image 1,1,6511,
57.2124,,Surface,5,Image 1,1,6512,
75.5716,,Surface,5,Image 1,1,6513,
49.6241,,Surface,5,Image 1,1,6518,
125.632,,Surface,5,Image 1,1,6519,
58.6102,,Surface,5,Image 1,1,6520,
27.904,,Surface,5,Image 1,1,6521,
12.2868,,Surface,5,Image 1,1,6522,
7.5418,,Surface,5,Image 1,1,6524,
0.0268997,,Surface,5,Image 1,1,6528,
3.75872,,Surface,5,Image 1,1,6530,
1.8026,,Surface,5,Image 1,1,6531,
104.232,,Surface,5,Image 1,1,6532,
9.36081,,Surface,5,Image 1,1,6534,
13.346,,Surface,5,Image 1,1,6536,
0.572203,,Surface,5,Image 1,1,6537,
2.06712,,Surface,5,Image 1,1,6540,
103.047,,Surface,5,Image 1,1,6541,
136.882,,Surface,5,Image 1,1,6542,
185.544,,Surface,5,Image 1,1,6544,
1.02493,,Surface,5,Image 1,1,6547,
12.6139,,Surface,5,Image 1,1,6550,
22.5183,,Surface,5,Image 1,1,6552,
16.4724,,Surface,5,Image 1,1,6554,
2.22151,,Surface,5,Image 1,1,6556,
71.4765,,Surface,5,Image 1,1,6561,
52.6175,,Surface,5,Image 1,1,6562,
150.843,,Surface,5,Image 1,1,6563,
65.0971,,Surface,5,Image 1,1,6566,
190.389,,Surface,5,Image 1,1,6569,
93.8001,,Surface,5,Image 1,1,6571,
1.24504,,Surface,5,Image 1,1,6572,
7.50398,,Surface,5,Image 1,1,6576,
65.2885,,Surface,5,Image 1,1,6579,
95.3068,,Surface,5,Image 1,1,6580,
60.9104,,Surface,5,Image 1,1,6582,
17.4159,,Surface,5,Image 1,1,6583,
0.710548,,Surface,5,Image 1,1,6586,
116.283,,Surface,5,Image 1,1,6590,
2.72631,,Surface,5,Image 1,1,6591,
39.3604,,Surface,5,Image 1,1,6592,
114.432,,Surface,5,Image 1,1,6593,
79.5965,,Surface,5,Image 1,1,6594,
25.9172,,Surface,5,Image 1,1,6595,
4.08835,,Surface,5,Image 1,1,6596,
3.2925,,Surface,5,Image 1,1,6599,
127.107,,Surface,5,Image 1,1,6601,
18.2602,,Surface,5,Image 1,1,6602,
8.39082,,Surface,5,Image 1,1,6603,
15.484,,Surface,5,Image 1,1,6604,
13.0509,,Surface,5,Image 1,1,6605,
49.1621,,Surface,5,Image 1,1,6606,
6.64471,,Surface,5,Image 1,1,6607,
3.03574,,Surface,5,Image 1,1,6616,
3.29591,,Surface,5,Image 1,1,6617,
12.5659,,Surface,5,Image 1,1,6618,
4.7811,,Surface,5,Image 1,1,6619,
113.587,,Surface,5,Image 1,1,6622,
8.13547,,Surface,5,Image 1,1,6625,
8.2041,,Surface,5,Image 1,1,6627,
126.609,,Surface,5,Image 1,1,6634,
6.90303,,Surface,5,Image 1,1,6635,
469.337,,Surface,5,Image 1,1,6636,
339.871,,Surface,5,Image 1,1,6638,
10.9327,,Surface,5,Image 1,1,6639,
14.712,,Surface,5,Image 1,1,6640,
6.34521,,Surface,5,Image 1,1,6641,
3.28279,,Surface,5,Image 1,1,6643,
242.068,,Surface,5,Image 1,1,6644,
199.948,,Surface,5,Image 1,1,6646,
0.786076,,Surface,5,Image 1,1,6649,
4.45798,,Surface,5,Image 1,1,6650,
67.3714,,Surface,5,Image 1,1,6653,
127.199,,Surface,5,Image 1,1,6656,
2.61971,,Surface,5,Image 1,1,6658,
2.18688,,Surface,5,Image 1,1,6659,
4.59398,,Surface,5,Image 1,1,6661,
124.946,,Surface,5,Image 1,1,6663,
28.1248,,Surface,5,Image 1,1,6664,
103.141,,Surface,5,Image 1,1,6666,
1.15012,,Surface,5,Image 1,1,6668,
2.21717,,Surface,5,Image 1,1,6671,
4.33039,,Surface,5,Image 1,1,6673,
4.11143,,Surface,5,Image 1,1,6677,
240.481,,Surface,5,Image 1,1,6678,
7.70408,,Surface,5,Image 1,1,6680,
9.90895,,Surface,5,Image 1,1,6681,
129.075,,Surface,5,Image 1,1,6684,
27.622,,Surface,5,Image 1,1,6686,
248.125,,Surface,5,Image 1,1,6687,
2.62745,,Surface,5,Image 1,1,6690,
94.6109,,Surface,5,Image 1,1,6691,
3.33517,,Surface,5,Image 1,1,6693,
1.88481,,Surface,5,Image 1,1,6694,
29.2864,,Surface,5,Image 1,1,6695,
15.749,,Surface,5,Image 1,1,6696,
97.8015,,Surface,5,Image 1,1,6697,
1.2624,,Surface,5,Image 1,1,6700,
169.985,,Surface,5,Image 1,1,6703,
80.2774,,Surface,5,Image 1,1,6707,
5.33739,,Surface,5,Image 1,1,6714,
23.045,,Surface,5,Image 1,1,6715,
239.208,,Surface,5,Image 1,1,6716,
1.23204,,Surface,5,Image 1,1,6717,
3.16001,,Surface,5,Image 1,1,6719,
4.89153,,Surface,5,Image 1,1,6721,
101.752,,Surface,5,Image 1,1,6722,
8.17745,,Surface,5,Image 1,1,6724,
109.568,,Surface,5,Image 1,1,6725,
97.4157,,Surface,5,Image 1,1,6726,
104.934,,Surface,5,Image 1,1,6727,
4.78258,,Surface,5,Image 1,1,6728,
300.605,,Surface,5,Image 1,1,6729,
35.1474,,Surface,5,Image 1,1,6730,
6.9809,,Surface,5,Image 1,1,6731,
1.77843,,Surface,5,Image 1,1,6733,
63.9977,,Surface,5,Image 1,1,6734,
0.38534,,Surface,5,Image 1,1,6735,
2.16019,,Surface,5,Image 1,1,6737,
10.6623,,Surface,5,Image 1,1,6738,
12.5078,,Surface,5,Image 1,1,6740,
1.53967,,Surface,5,Image 1,1,6741,
374.268,,Surface,5,Image 1,1,6746,
150.431,,Surface,5,Image 1,1,6749,
3.50208,,Surface,5,Image 1,1,6750,
229.763,,Surface,5,Image 1,1,6751,
31.8812,,Surface,5,Image 1,1,6753,
3.77811,,Surface,5,Image 1,1,6755,
29.3721,,Surface,5,Image 1,1,6756,
82.0692,,Surface,5,Image 1,1,6758,
6.41095,,Surface,5,Image 1,1,6760,
1.6499,,Surface,5,Image 1,1,6761,
436.156,,Surface,5,Image 1,1,6762,
6.01345,,Surface,5,Image 1,1,6765,
58.5285,,Surface,5,Image 1,1,6766,
1.15793,,Surface,5,Image 1,1,6767,
38.965,,Surface,5,Image 1,1,6768,
9.0861,,Surface,5,Image 1,1,6769,
77.4811,,Surface,5,Image 1,1,6770,
198.073,,Surface,5,Image 1,1,6771,
174.568,,Surface,5,Image 1,1,6772,
7.05327,,Surface,5,Image 1,1,6775,
3.4794,,Surface,5,Image 1,1,6778,
7.51126,,Surface,5,Image 1,1,6779,
345.675,,Surface,5,Image 1,1,6781,
162.631,,Surface,5,Image 1,1,6782,
127.764,,Surface,5,Image 1,1,6783,
6.28934,,Surface,5,Image 1,1,6786,
2.43928,,Surface,5,Image 1,1,6787,
1.39751,,Surface,5,Image 1,1,6790,
331.803,,Surface,5,Image 1,1,6791,
0.741093,,Surface,5,Image 1,1,6793,
1.45859,,Surface,5,Image 1,1,6795,
68.8809,,Surface,5,Image 1,1,6796,
1.50956,,Surface,5,Image 1,1,6797,
15.5539,,Surface,5,Image 1,1,6805,
332.49,,Surface,5,Image 1,1,6806,
81.6544,,Surface,5,Image 1,1,6807,
9.03256,,Surface,5,Image 1,1,6808,
171.114,,Surface,5,Image 1,1,6809,
84.3131,,Surface,5,Image 1,1,6811,
1.32654,,Surface,5,Image 1,1,6814,
2.37933,,Surface,5,Image 1,1,6816,
37.1103,,Surface,5,Image 1,1,6818,
6.52868,,Surface,5,Image 1,1,6819,
9.40355,,Surface,5,Image 1,1,6826,
94.5479,,Surface,5,Image 1,1,6829,
0.975978,,Surface,5,Image 1,1,6830,
5.89442,,Surface,5,Image 1,1,6831,
662.312,,Surface,5,Image 1,1,6833,
346.736,,Surface,5,Image 1,1,6835,
13.9933,,Surface,5,Image 1,1,6838,
343.765,,Surface,5,Image 1,1,6839,
4.94259,,Surface,5,Image 1,1,6840,
553.77,,Surface,5,Image 1,1,6841,
418.692,,Surface,5,Image 1,1,6849,
1.87252,,Surface,5,Image 1,1,6850,
137.876,,Surface,5,Image 1,1,6852,
74.781,,Surface,5,Image 1,1,6853,
4.2579,,Surface,5,Image 1,1,6854,
2.25689,,Surface,5,Image 1,1,6855,
7.69192,,Surface,5,Image 1,1,6856,
3.17912,,Surface,5,Image 1,1,6857,
245.064,,Surface,5,Image 1,1,6858,
3.48361,,Surface,5,Image 1,1,6860,
49.8273,,Surface,5,Image 1,1,6862,
2.42875,,Surface,5,Image 1,1,6863,
16.1495,,Surface,5,Image 1,1,6864,
28.6014,,Surface,5,Image 1,1,6866,
104.079,,Surface,5,Image 1,1,6868,
14.4618,,Surface,5,Image 1,1,6869,
21.8046,,Surface,5,Image 1,1,6870,
7.41112,,Surface,5,Image 1,1,6871,
38.1064,,Surface,5,Image 1,1,6872,
0.1879,,Surface,5,Image 1,1,6874,
11.7539,,Surface,5,Image 1,1,6875,
16.5355,,Surface,5,Image 1,1,6877,
1.44062,,Surface,5,Image 1,1,6878,
84.6185,,Surface,5,Image 1,1,6879,
10.7733,,Surface,5,Image 1,1,6880,
39.1327,,Surface,5,Image 1,1,6881,
1.59507,,Surface,5,Image 1,1,6882,
105.394,,Surface,5,Image 1,1,6883,
370.614,,Surface,5,Image 1,1,6885,
101.943,,Surface,5,Image 1,1,6886,
489.745,,Surface,5,Image 1,1,6887,
7.59443,,Surface,5,Image 1,1,6888,
1.3355,,Surface,5,Image 1,1,6889,
9.20636,,Surface,5,Image 1,1,6890,
2.00864,,Surface,5,Image 1,1,6891,
3.55369,,Surface,5,Image 1,1,6892,
392.404,,Surface,5,Image 1,1,6893,
14.4442,,Surface,5,Image 1,1,6895,
72.9868,,Surface,5,Image 1,1,6899,
4.5402,,Surface,5,Image 1,1,6901,
44.3295,,Surface,5,Image 1,1,6902,
0.596227,,Surface,5,Image 1,1,6903,
494.06,,Surface,5,Image 1,1,6904,
46.5515,,Surface,5,Image 1,1,6905,
49.5701,,Surface,5,Image 1,1,6906,
6.17895,,Surface,5,Image 1,1,6908,
23.407,,Surface,5,Image 1,1,6911,
6.64306,,Surface,5,Image 1,1,6912,
97.6632,,Surface,5,Image 1,1,6913,
10.4005,,Surface,5,Image 1,1,6919,
2.03264,,Surface,5,Image 1,1,6921,
79.5706,,Surface,5,Image 1,1,6922,
68.3883,,Surface,5,Image 1,1,6923,
0.644408,,Surface,5,Image 1,1,6925,
58.3935,,Surface,5,Image 1,1,6927,
69.13,,Surface,5,Image 1,1,6928,
1.92669,,Surface,5,Image 1,1,6929,
78.1741,,Surface,5,Image 1,1,6931,
5.69853,,Surface,5,Image 1,1,6932,
27.773,,Surface,5,Image 1,1,6934,
30.1623,,Surface,5,Image 1,1,6935,
24.9426,,Surface,5,Image 1,1,6936,
7.10186,,Surface,5,Image 1,1,6939,
6.5208,,Surface,5,Image 1,1,6940,
0.208526,,Surface,5,Image 1,1,6941,
64.6227,,Surface,5,Image 1,1,6942,
26.6874,,Surface,5,Image 1,1,6947,
30.7197,,Surface,5,Image 1,1,6949,
147.961,,Surface,5,Image 1,1,6950,
213.974,,Surface,5,Image 1,1,6953,
7.8003,,Surface,5,Image 1,1,6956,
48.9169,,Surface,5,Image 1,1,6957,
38.9441,,Surface,5,Image 1,1,6959,
45.3172,,Surface,5,Image 1,1,6960,
148.347,,Surface,5,Image 1,1,6962,
27.7055,,Surface,5,Image 1,1,6963,
65.648,,Surface,5,Image 1,1,6965,
52.7316,,Surface,5,Image 1,1,6966,
2.85001,,Surface,5,Image 1,1,6967,
9.16533,,Surface,5,Image 1,1,6969,
12.0683,,Surface,5,Image 1,1,6971,
118.334,,Surface,5,Image 1,1,6973,
1.9517,,Surface,5,Image 1,1,6974,
29.8176,,Surface,5,Image 1,1,6975,
1.88763,,Surface,5,Image 1,1,6977,
2.30397,,Surface,5,Image 1,1,6979,
434.18,,Surface,5,Image 1,1,6981,
21.3049,,Surface,5,Image 1,1,6987,
37.5469,,Surface,5,Image 1,1,6988,
3.16759,,Surface,5,Image 1,1,6992,
57.0977,,Surface,5,Image 1,1,6993,
2.8379,,Surface,5,Image 1,1,6995,
19.7932,,Surface,5,Image 1,1,6997,
221.518,,Surface,5,Image 1,1,7000,
476.214,,Surface,5,Image 1,1,7001,
63.1154,,Surface,5,Image 1,1,7005,
10.0418,,Surface,5,Image 1,1,7006,
387.102,,Surface,5,Image 1,1,7009,
0.348326,,Surface,5,Image 1,1,7010,
6.24693,,Surface,5,Image 1,1,7016,
5.8499,,Surface,5,Image 1,1,7019,
12.7072,,Surface,5,Image 1,1,7020,
11.5482,,Surface,5,Image 1,1,7021,
23.3752,,Surface,5,Image 1,1,7023,
3.44691,,Surface,5,Image 1,1,7024,
19.9381,,Surface,5,Image 1,1,7025,
111.289,,Surface,5,Image 1,1,7026,
58.6934,,Surface,5,Image 1,1,7028,
4.89211,,Surface,5,Image 1,1,7033,
18.826,,Surface,5,Image 1,1,7034,
4.74126,,Surface,5,Image 1,1,7036,
14.3562,,Surface,5,Image 1,1,7037,
469.432,,Surface,5,Image 1,1,7040,
94.7865,,Surface,5,Image 1,1,7042,
520.109,,Surface,5,Image 1,1,7043,
29.7652,,Surface,5,Image 1,1,7044,
7.47159,,Surface,5,Image 1,1,7045,
23.4616,,Surface,5,Image 1,1,7046,
52.9334,,Surface,5,Image 1,1,7048,
3.78292,,Surface,5,Image 1,1,7049,
9.51612,,Surface,5,Image 1,1,7053,
34.2885,,Surface,5,Image 1,1,7054,
376.195,,Surface,5,Image 1,1,7055,
28.1558,,Surface,5,Image 1,1,7056,
556.206,,Surface,5,Image 1,1,7058,
60.8794,,Surface,5,Image 1,1,7061,
0.0890646,,Surface,5,Image 1,1,7062,
7.66488,,Surface,5,Image 1,1,7063,
3.37419,,Surface,5,Image 1,1,7065,
61.114,,Surface,5,Image 1,1,7066,
30.7094,,Surface,5,Image 1,1,7067,
63.227,,Surface,5,Image 1,1,7071,
50.2824,,Surface,5,Image 1,1,7073,
6.46966,,Surface,5,Image 1,1,7075,
11.4489,,Surface,5,Image 1,1,7078,
10.1498,,Surface,5,Image 1,1,7079,
430.213,,Surface,5,Image 1,1,7080,
2.41938,,Surface,5,Image 1,1,7082,
88.8382,,Surface,5,Image 1,1,7083,
132.052,,Surface,5,Image 1,1,7084,
1.21246,,Surface,5,Image 1,1,7087,
24.0393,,Surface,5,Image 1,1,7088,
363.755,,Surface,5,Image 1,1,7090,
11.9495,,Surface,5,Image 1,1,7091,
66.8316,,Surface,5,Image 1,1,7092,
11.8465,,Surface,5,Image 1,1,7098,
10.811,,Surface,5,Image 1,1,7100,
2.63729,,Surface,5,Image 1,1,7101,
57.7596,,Surface,5,Image 1,1,7103,
1.01794,,Surface,5,Image 1,1,7109,
41.2195,,Surface,5,Image 1,1,7115,
5.77464,,Surface,5,Image 1,1,7117,
49.579,,Surface,5,Image 1,1,7118,
181.394,,Surface,5,Image 1,1,7120,
1.92088,,Surface,5,Image 1,1,7121,
1.95587,,Surface,5,Image 1,1,7124,
3.70751,,Surface,5,Image 1,1,7128,
6.52917,,Surface,5,Image 1,1,7129,
95.8878,,Surface,5,Image 1,1,7130,
1.35791,,Surface,5,Image 1,1,7132,
577.982,,Surface,5,Image 1,1,7133,
460.159,,Surface,5,Image 1,1,7139,
6.14327,,Surface,5,Image 1,1,7140,
446.285,,Surface,5,Image 1,1,7143,
27.3635,,Surface,5,Image 1,1,7144,
48.4781,,Surface,5,Image 1,1,7145,
108.954,,Surface,5,Image 1,1,7146,
7.46773,,Surface,5,Image 1,1,7147,
142.103,,Surface,5,Image 1,1,7148,
5.52871,,Surface,5,Image 1,1,7149,
28.6827,,Surface,5,Image 1,1,7153,
14.5209,,Surface,5,Image 1,1,7154,
0.487536,,Surface,5,Image 1,1,7156,
21.8302,,Surface,5,Image 1,1,7157,
4.21377,,Surface,5,Image 1,1,7159,
55.9329,,Surface,5,Image 1,1,7160,
12.6706,,Surface,5,Image 1,1,7163,
125.665,,Surface,5,Image 1,1,7168,
0.24347,,Surface,5,Image 1,1,7171,
111.007,,Surface,5,Image 1,1,7172,
1.36559,,Surface,5,Image 1,1,7175,
3.64498,,Surface,5,Image 1,1,7176,
1.93615,,Surface,5,Image 1,1,7179,
34.0799,,Surface,5,Image 1,1,7182,
4.43778,,Surface,5,Image 1,1,7184,
162.871,,Surface,5,Image 1,1,7185,
4.39562,,Surface,5,Image 1,1,7189,
128.147,,Surface,5,Image 1,1,7190,
100.279,,Surface,5,Image 1,1,7195,
23.2831,,Surface,5,Image 1,1,7196,
47.475,,Surface,5,Image 1,1,7197,
9.79979,,Surface,5,Image 1,1,7199,
1.8078,,Surface,5,Image 1,1,7203,
67.7924,,Surface,5,Image 1,1,7204,
162.413,,Surface,5,Image 1,1,7205,
3.89792,,Surface,5,Image 1,1,7207,
247.645,,Surface,5,Image 1,1,7210,
4.52843,,Surface,5,Image 1,1,7211,
1.08035,,Surface,5,Image 1,1,7212,
6.68783,,Surface,5,Image 1,1,7213,
186.091,,Surface,5,Image 1,1,7215,
86.2021,,Surface,5,Image 1,1,7216,
0.814889,,Surface,5,Image 1,1,7217,
1.98778,,Surface,5,Image 1,1,7219,
153.813,,Surface,5,Image 1,1,7220,
8.70151,,Surface,5,Image 1,1,7221,
313.105,,Surface,5,Image 1,1,7222,
9.69074,,Surface,5,Image 1,1,7225,
43.4358,,Surface,5,Image 1,1,7227,
8.02245,,Surface,5,Image 1,1,7228,
19.2812,,Surface,5,Image 1,1,7229,
3.7705,,Surface,5,Image 1,1,7230,
13.7135,,Surface,5,Image 1,1,7232,
45.1201,,Surface,5,Image 1,1,7233,
13.4378,,Surface,5,Image 1,1,7235,
6.91312,,Surface,5,Image 1,1,7236,
4.69911,,Surface,5,Image 1,1,7237,
0.654852,,Surface,5,Image 1,1,7238,
25.7704,,Surface,5,Image 1,1,7239,
2.9726,,Surface,5,Image 1,1,7241,
5.19601,,Surface,5,Image 1,1,7243,
120.62,,Surface,5,Image 1,1,7244,
1.86556,,Surface,5,Image 1,1,7249,
31.1659,,Surface,5,Image 1,1,7251,
5.82438,,Surface,5,Image 1,1,7255,
92.5,,Surface,5,Image 1,1,7256,
3.79065,,Surface,5,Image 1,1,7258,
87.5914,,Surface,5,Image 1,1,7260,
644.133,,Surface,5,Image 1,1,7261,
3.16195,,Surface,5,Image 1,1,7262,
18.2966,,Surface,5,Image 1,1,7263,
10.6457,,Surface,5,Image 1,1,7264,
136.472,,Surface,5,Image 1,1,7265,
19.7184,,Surface,5,Image 1,1,7269,
5.8598,,Surface,5,Image 1,1,7270,
13.098,,Surface,5,Image 1,1,7271,
13.8425,,Surface,5,Image 1,1,7272,
4.30081,,Surface,5,Image 1,1,7273,
75.6288,,Surface,5,Image 1,1,7276,
1.1769,,Surface,5,Image 1,1,7279,
2.76202,,Surface,5,Image 1,1,7282,
1.65196,,Surface,5,Image 1,1,7283,
12.9019,,Surface,5,Image 1,1,7285,
5.75557,,Surface,5,Image 1,1,7287,
12.8267,,Surface,5,Image 1,1,7293,
30.9247,,Surface,5,Image 1,1,7298,
7.48521,,Surface,5,Image 1,1,7300,
5.34202,,Surface,5,Image 1,1,7301,
3.94319,,Surface,5,Image 1,1,7302,
13.6698,,Surface,5,Image 1,1,7307,
15.743,,Surface,5,Image 1,1,7308,
97.9296,,Surface,5,Image 1,1,7311,
45.2696,,Surface,5,Image 1,1,7314,
7.87381,,Surface,5,Image 1,1,7315,
5.56777,,Surface,5,Image 1,1,7316,
42.9259,,Surface,5,Image 1,1,7317,
2.57865,,Surface,5,Image 1,1,7318,
87.5453,,Surface,5,Image 1,1,7322,
1.32621,,Surface,5,Image 1,1,7323,
8.51172,,Surface,5,Image 1,1,7325,
84.3359,,Surface,5,Image 1,1,7326,
47.2079,,Surface,5,Image 1,1,7327,
3.96848,,Surface,5,Image 1,1,7328,
689.238,,Surface,5,Image 1,1,7329,
733.137,,Surface,5,Image 1,1,7330,
3.2354,,Surface,5,Image 1,1,7332,
10.0795,,Surface,5,Image 1,1,7333,
23.4723,,Surface,5,Image 1,1,7334,
2.63389,,Surface,5,Image 1,1,7335,
6.56385,,Surface,5,Image 1,1,7338,
1.2535,,Surface,5,Image 1,1,7343,
3.51943,,Surface,5,Image 1,1,7349,
29.4435,,Surface,5,Image 1,1,7352,
4.5177,,Surface,5,Image 1,1,7353,
10.2047,,Surface,5,Image 1,1,7354,
4.93435,,Surface,5,Image 1,1,7357,
3.34849,,Surface,5,Image 1,1,7359,
8.24121,,Surface,5,Image 1,1,7360,
11.6184,,Surface,5,Image 1,1,7361,
5.9761,,Surface,5,Image 1,1,7362,
7.52428,,Surface,5,Image 1,1,7365,
2.29753,,Surface,5,Image 1,1,7366,
3.40942,,Surface,5,Image 1,1,7369,
91.3863,,Surface,5,Image 1,1,7370,
5.00042,,Surface,5,Image 1,1,7372,
175.696,,Surface,5,Image 1,1,7374,
6.57199,,Surface,5,Image 1,1,7375,
14.8338,,Surface,5,Image 1,1,7376,
3.33901,,Surface,5,Image 1,1,7378,
56.1133,,Surface,5,Image 1,1,7380,
14.5838,,Surface,5,Image 1,1,7382,
1.48256,,Surface,5,Image 1,1,7384,
6.8542,,Surface,5,Image 1,1,7385,
6.11013,,Surface,5,Image 1,1,7386,
0.625069,,Surface,5,Image 1,1,7390,
2.694,,Surface,5,Image 1,1,7395,
89.0393,,Surface,5,Image 1,1,7397,
12.0892,,Surface,5,Image 1,1,7399,
8.06139,,Surface,5,Image 1,1,7402,
4.10062,,Surface,5,Image 1,1,7403,
2.94777,,Surface,5,Image 1,1,7404,
72.8718,,Surface,5,Image 1,1,7405,
18.7861,,Surface,5,Image 1,1,7406,
73.886,,Surface,5,Image 1,1,7407,
53.5156,,Surface,5,Image 1,1,7411,
11.2703,,Surface,5,Image 1,1,7413,
93.3718,,Surface,5,Image 1,1,7417,
71.522,,Surface,5,Image 1,1,7418,
3.14577,,Surface,5,Image 1,1,7421,
273.291,,Surface,5,Image 1,1,7425,
86.486,,Surface,5,Image 1,1,7428,
10.6954,,Surface,5,Image 1,1,7430,
25.5222,,Surface,5,Image 1,1,7434,
3.84343,,Surface,5,Image 1,1,7437,
74.0572,,Surface,5,Image 1,1,7440,
3.12977,,Surface,5,Image 1,1,7444,
105.042,,Surface,5,Image 1,1,7448,
6.01829,,Surface,5,Image 1,1,7449,
3.49546,,Surface,5,Image 1,1,7450,
178.337,,Surface,5,Image 1,1,7451,
8.08492,,Surface,5,Image 1,1,7453,
10.175,,Surface,5,Image 1,1,7456,
3.20217,,Surface,5,Image 1,1,7457,
8.04972,,Surface,5,Image 1,1,7458,
16.6264,,Surface,5,Image 1,1,7459,
40.5514,,Surface,5,Image 1,1,7463,
2.65912,,Surface,5,Image 1,1,7466,
33.432,,Surface,5,Image 1,1,7469,
3.56764,,Surface,5,Image 1,1,7471,
123.364,,Surface,5,Image 1,1,7472,
11.3143,,Surface,5,Image 1,1,7473,
4.22384,,Surface,5,Image 1,1,7477,
93.4343,,Surface,5,Image 1,1,7478,
75.1925,,Surface,5,Image 1,1,7482,
5.20153,,Surface,5,Image 1,1,7483,
5.24953,,Surface,5,Image 1,1,7489,
106.431,,Surface,5,Image 1,1,7490,
3.76168,,Surface,5,Image 1,1,7491,
14.56,,Surface,5,Image 1,1,7493,
15.1472,,Surface,5,Image 1,1,7494,
3.68832,,Surface,5,Image 1,1,7495,
24.2415,,Surface,5,Image 1,1,7498,
3.86098,,Surface,5,Image 1,1,7500,
7.92231,,Surface,5,Image 1,1,7502,
2.86768,,Surface,5,Image 1,1,7503,
12.6981,,Surface,5,Image 1,1,7505,
41.6691,,Surface,5,Image 1,1,7506,
8.77577,,Surface,5,Image 1,1,7508,
3.67517,,Surface,5,Image 1,1,7510,
1.55757,,Surface,5,Image 1,1,7512,
68.5899,,Surface,5,Image 1,1,7513,
56.9531,,Surface,5,Image 1,1,7514,
6.33419,,Surface,5,Image 1,1,7515,
5.6447,,Surface,5,Image 1,1,7516,
15.8904,,Surface,5,Image 1,1,7517,
3.22364,,Surface,5,Image 1,1,7520,
46.7762,,Surface,5,Image 1,1,7526,
1.76532,,Surface,5,Image 1,1,7528,
0.756145,,Surface,5,Image 1,1,7530,
2.93668,,Surface,5,Image 1,1,7542,
67.9798,,Surface,5,Image 1,1,7547,
2.60412,,Surface,5,Image 1,1,7548,
6.98197,,Surface,5,Image 1,1,7549,
7.22232,,Surface,5,Image 1,1,7550,
38.6098,,Surface,5,Image 1,1,7552,
5.73997,,Surface,5,Image 1,1,7555,
436.755,,Surface,5,Image 1,1,7561,
52.8776,,Surface,5,Image 1,1,7564,
2.56369,,Surface,5,Image 1,1,7565,
1.0185,,Surface,5,Image 1,1,7566,
269.228,,Surface,5,Image 1,1,7567,
1.97119,,Surface,5,Image 1,1,7571,
28.6917,,Surface,5,Image 1,1,7573,
1.46967,,Surface,5,Image 1,1,7576,
26.7031,,Surface,5,Image 1,1,7578,
0.134512,,Surface,5,Image 1,1,7579,
3.97332,,Surface,5,Image 1,1,7580,
38.5548,,Surface,5,Image 1,1,7581,
1.08869,,Surface,5,Image 1,1,7588,
35.3614,,Surface,5,Image 1,1,7590,
5.30197,,Surface,5,Image 1,1,7591,
39.0171,,Surface,5,Image 1,1,7594,
0.893935,,Surface,5,Image 1,1,7595,
10.7908,,Surface,5,Image 1,1,7598,
2.96623,,Surface,5,Image 1,1,7599,
1.92057,,Surface,5,Image 1,1,7601,
2.99758,,Surface,5,Image 1,1,7605,
62.0137,,Surface,5,Image 1,1,7609,
112.664,,Surface,5,Image 1,1,7610,
2.14417,,Surface,5,Image 1,1,7612,
1.93266,,Surface,5,Image 1,1,7613,
1.8583,,Surface,5,Image 1,1,7614,
4.59283,,Surface,5,Image 1,1,7616,
26.0052,,Surface,5,Image 1,1,7618,
1.83311,,Surface,5,Image 1,1,7622,
18.9163,,Surface,5,Image 1,1,7623,
131.065,,Surface,5,Image 1,1,7624,
60.7259,,Surface,5,Image 1,1,7625,
57.9134,,Surface,5,Image 1,1,7629,
5.55061,,Surface,5,Image 1,1,7630,
2.72364,,Surface,5,Image 1,1,7631,
0.132136,,Surface,5,Image 1,1,7632,
8.0951,,Surface,5,Image 1,1,7635,
1.81775,,Surface,5,Image 1,1,7637,
150.668,,Surface,5,Image 1,1,7638,
3.54239,,Surface,5,Image 1,1,7639,
19.4968,,Surface,5,Image 1,1,7641,
204.084,,Surface,5,Image 1,1,7643,
6.107,,Surface,5,Image 1,1,7644,
3.41997,,Surface,5,Image 1,1,7647,
2.59376,,Surface,5,Image 1,1,7648,
10.0217,,Surface,5,Image 1,1,7650,
5.3041,,Surface,5,Image 1,1,7651,
0.417182,,Surface,5,Image 1,1,7652,
3.05163,,Surface,5,Image 1,1,7653,
39.203,,Surface,5,Image 1,1,7654,
3.87922,,Surface,5,Image 1,1,7655,
217.895,,Surface,5,Image 1,1,7658,
1.95216,,Surface,5,Image 1,1,7661,
15.681,,Surface,5,Image 1,1,7663,
34.5241,,Surface,5,Image 1,1,7664,
285.613,,Surface,5,Image 1,1,7667,
55.4022,,Surface,5,Image 1,1,7668,
45.5441,,Surface,5,Image 1,1,7669,
2.34835,,Surface,5,Image 1,1,7670,
52.8357,,Surface,5,Image 1,1,7673,
1.43805,,Surface,5,Image 1,1,7675,
94.5538,,Surface,5,Image 1,1,7679,
13.3539,,Surface,5,Image 1,1,7682,
92.911,,Surface,5,Image 1,1,7684,
39.1238,,Surface,5,Image 1,1,7686,
3.90725,,Surface,5,Image 1,1,7687,
6.89339,,Surface,5,Image 1,1,7688,
0.23659,,Surface,5,Image 1,1,7689,
169.462,,Surface,5,Image 1,1,7691,
14.7434,,Surface,5,Image 1,1,7692,
110.304,,Surface,5,Image 1,1,7695,
3.37625,,Surface,5,Image 1,1,7696,
6.34339,,Surface,5,Image 1,1,7703,
91.4338,,Surface,5,Image 1,1,7705,
9.04957,,Surface,5,Image 1,1,7708,
4.57918,,Surface,5,Image 1,1,7709,
5.64256,,Surface,5,Image 1,1,7711,
7.2817,,Surface,5,Image 1,1,7713,
0.677481,,Surface,5,Image 1,1,7717,
175.6,,Surface,5,Image 1,1,7718,
16.5822,,Surface,5,Image 1,1,7719,
182.662,,Surface,5,Image 1,1,7720,
67.8512,,Surface,5,Image 1,1,7726,
0.722642,,Surface,5,Image 1,1,7727,
0.215043,,Surface,5,Image 1,1,7728,
45.1701,,Surface,5,Image 1,1,7731,
6.69468,,Surface,5,Image 1,1,7732,
3.03477,,Surface,5,Image 1,1,7733,
69.8237,,Surface,5,Image 1,1,7735,
19.0254,,Surface,5,Image 1,1,7737,
6.90967,,Surface,5,Image 1,1,7738,
0.869319,,Surface,5,Image 1,1,7739,
0.516606,,Surface,5,Image 1,1,7740,
130.845,,Surface,5,Image 1,1,7743,
8.51143,,Surface,5,Image 1,1,7745,
4.92526,,Surface,5,Image 1,1,7746,
1.88105,,Surface,5,Image 1,1,7747,
11.1921,,Surface,5,Image 1,1,7748,
16.7021,,Surface,5,Image 1,1,7749,
429.54,,Surface,5,Image 1,1,7750,
148.252,,Surface,5,Image 1,1,7751,
1.5932,,Surface,5,Image 1,1,7756,
11.6317,,Surface,5,Image 1,1,7762,
3.07811,,Surface,5,Image 1,1,7764,
1.28282,,Surface,5,Image 1,1,7766,
2.28217,,Surface,5,Image 1,1,7768,
139.774,,Surface,5,Image 1,1,7769,
1.27547,,Surface,5,Image 1,1,7771,
122.998,,Surface,5,Image 1,1,7772,
95.7431,,Surface,5,Image 1,1,7773,
91.2277,,Surface,5,Image 1,1,7774,
19.5246,,Surface,5,Image 1,1,7776,
4.32271,,Surface,5,Image 1,1,7780,
35.2539,,Surface,5,Image 1,1,7782,
125.858,,Surface,5,Image 1,1,7783,
60.3768,,Surface,5,Image 1,1,7784,
3.92715,,Surface,5,Image 1,1,7786,
34.0847,,Surface,5,Image 1,1,7788,
4.18928,,Surface,5,Image 1,1,7790,
0.879603,,Surface,5,Image 1,1,7794,
7.6498,,Surface,5,Image 1,1,7795,
4.02359,,Surface,5,Image 1,1,7796,
4.08376,,Surface,5,Image 1,1,7798,
7.32433,,Surface,5,Image 1,1,7799,
408.993,,Surface,5,Image 1,1,7801,
80.0731,,Surface,5,Image 1,1,7804,
6.42816,,Surface,5,Image 1,1,7805,
57.575,,Surface,5,Image 1,1,7806,
81.3759,,Surface,5,Image 1,1,7807,
146.241,,Surface,5,Image 1,1,7809,
14.8071,,Surface,5,Image 1,1,7814,
66.3999,,Surface,5,Image 1,1,7816,
6.81721,,Surface,5,Image 1,1,7819,
1.56504,,Surface,5,Image 1,1,7821,
1.60748,,Surface,5,Image 1,1,7828,
0.00704805,,Surface,5,Image 1,1,7829,
93.64,,Surface,5,Image 1,1,7830,
1.09462,,Surface,5,Image 1,1,7833,
14.691,,Surface,5,Image 1,1,7834,
3.5389,,Surface,5,Image 1,1,7836,
0.490115,,Surface,5,Image 1,1,7839,
1.88912,,Surface,5,Image 1,1,7840,
4.03999,,Surface,5,Image 1,1,7841,
83.891,,Surface,5,Image 1,1,7843,
3.43746,,Surface,5,Image 1,1,7844,
10.5492,,Surface,5,Image 1,1,7846,
6.91276,,Surface,5,Image 1,1,7847,
6.12599,,Surface,5,Image 1,1,7849,
2.22336,,Surface,5,Image 1,1,7851,
5.00379,,Surface,5,Image 1,1,7853,
3.00756,,Surface,5,Image 1,1,7854,
3.80352,,Surface,5,Image 1,1,7856,
51.5103,,Surface,5,Image 1,1,7857,
6.45235,,Surface,5,Image 1,1,7859,
195.883,,Surface,5,Image 1,1,7864,
0.54338,,Surface,5,Image 1,1,7865,
0.349106,,Surface,5,Image 1,1,7866,
34.9345,,Surface,5,Image 1,1,7867,
77.2312,,Surface,5,Image 1,1,7869,
33.8159,,Surface,5,Image 1,1,7874,
2.23395,,Surface,5,Image 1,1,7879,
24.3254,,Surface,5,Image 1,1,7884,
193.777,,Surface,5,Image 1,1,7885,
82.9303,,Surface,5,Image 1,1,7888,
6.32227,,Surface,5,Image 1,1,7889,
7.01572,,Surface,5,Image 1,1,7890,
33.3333,,Surface,5,Image 1,1,7892,
0.18884,,Surface,5,Image 1,1,7895,
1.00688,,Surface,5,Image 1,1,7897,
0.759917,,Surface,5,Image 1,1,7899,
3.17834,,Surface,5,Image 1,1,7902,
37.4332,,Surface,5,Image 1,1,7903,
3.53099,,Surface,5,Image 1,1,7904,
90.3568,,Surface,5,Image 1,1,7905,
12.875,,Surface,5,Image 1,1,7906,
2.69768,,Surface,5,Image 1,1,7907,
124.615,,Surface,5,Image 1,1,7911,
65.7871,,Surface,5,Image 1,1,7912,
13.8902,,Surface,5,Image 1,1,7913,
10.0632,,Surface,5,Image 1,1,7916,
2.19331,,Surface,5,Image 1,1,7919,
11.7738,,Surface,5,Image 1,1,7920,
16.7326,,Surface,5,Image 1,1,7924,
27.6075,,Surface,5,Image 1,1,7927,
3.39185,,Surface,5,Image 1,1,7928,
267.8,,Surface,5,Image 1,1,7934,
4.76106,,Surface,5,Image 1,1,7935,
9.75709,,Surface,5,Image 1,1,7936,
0.144336,,Surface,5,Image 1,1,7937,
7.12261,,Surface,5,Image 1,1,7938,
68.1591,,Surface,5,Image 1,1,7941,
0.986593,,Surface,5,Image 1,1,7943,
7.6016,,Surface,5,Image 1,1,7944,
39.6058,,Surface,5,Image 1,1,7945,
135.286,,Surface,5,Image 1,1,7946,
0.728532,,Surface,5,Image 1,1,7947,
102.299,,Surface,5,Image 1,1,7948,
139.36,,Surface,5,Image 1,1,7949,
14.9035,,Surface,5,Image 1,1,7950,
42.5453,,Surface,5,Image 1,1,7951,
3.84307,,Surface,5,Image 1,1,7953,
12.7826,,Surface,5,Image 1,1,7955,
3.99812,,Surface,5,Image 1,1,7956,
4.15202,,Surface,5,Image 1,1,7957,
3.28981,,Surface,5,Image 1,1,7960,
3.33489,,Surface,5,Image 1,1,7962,
1.46749,,Surface,5,Image 1,1,7963,
51.3918,,Surface,5,Image 1,1,7967,
51.8513,,Surface,5,Image 1,1,7969,
23.8668,,Surface,5,Image 1,1,7970,
4.35697,,Surface,5,Image 1,1,7971,
140.648,,Surface,5,Image 1,1,7972,
5.33557,,Surface,5,Image 1,1,7974,
216.573,,Surface,5,Image 1,1,7976,
0.270542,,Surface,5,Image 1,1,7979,
247.055,,Surface,5,Image 1,1,7980,
3.53835,,Surface,5,Image 1,1,7981,
39.757,,Surface,5,Image 1,1,7983,
9.01343,,Surface,5,Image 1,1,7985,
2.91566,,Surface,5,Image 1,1,7986,
12.5853,,Surface,5,Image 1,1,7989,
3.31745,,Surface,5,Image 1,1,7990,
2.23942,,Surface,5,Image 1,1,7993,
110.993,,Surface,5,Image 1,1,7994,
51.0469,,Surface,5,Image 1,1,8000,
0.305185,,Surface,5,Image 1,1,8003,
3.56395,,Surface,5,Image 1,1,8004,
12.1118,,Surface,5,Image 1,1,8005,
0.00325261,,Surface,5,Image 1,1,8006,
5.87672,,Surface,5,Image 1,1,8008,
246.232,,Surface,5,Image 1,1,8009,
1.17438,,Surface,5,Image 1,1,8010,
6.41918,,Surface,5,Image 1,1,8012,
0.0684519,,Surface,5,Image 1,1,8014,
1.64463,,Surface,5,Image 1,1,8016,
6.21203,,Surface,5,Image 1,1,8018,
6.97499,,Surface,5,Image 1,1,8019,
94.4529,,Surface,5,Image 1,1,8023,
2.93616,,Surface,5,Image 1,1,8025,
183.934,,Surface,5,Image 1,1,8026,
6.39208,,Surface,5,Image 1,1,8029,
4.24011,,Surface,5,Image 1,1,8031,
2.9806,,Surface,5,Image 1,1,8033,
9.29635,,Surface,5,Image 1,1,8036,
6.14067,,Surface,5,Image 1,1,8041,
0.362019,,Surface,5,Image 1,1,8043,
78.8006,,Surface,5,Image 1,1,8045,
4.27098,,Surface,5,Image 1,1,8046,
1.06792,,Surface,5,Image 1,1,8049,
0.00102392,,Surface,5,Image 1,1,8050,
5.40513,,Surface,5,Image 1,1,8052,
5.11938,,Surface,5,Image 1,1,8053,
125.392,,Surface,5,Image 1,1,8055,
28.0249,,Surface,5,Image 1,1,8057,
92.5021,,Surface,5,Image 1,1,8058,
6.48858,,Surface,5,Image 1,1,8059,
66.7472,,Surface,5,Image 1,1,8061,
6.90175,,Surface,5,Image 1,1,8063,
7.53917,,Surface,5,Image 1,1,8068,
44.3931,,Surface,5,Image 1,1,8069,
21.4401,,Surface,5,Image 1,1,8072,
3.6489,,Surface,5,Image 1,1,8073,
32.7778,,Surface,5,Image 1,1,8074,
183.356,,Surface,5,Image 1,1,8075,
12.8022,,Surface,5,Image 1,1,8077,
1.9446,,Surface,5,Image 1,1,8078,
5.30929,,Surface,5,Image 1,1,8079,
5.03079,,Surface,5,Image 1,1,8081,
7.34663,,Surface,5,Image 1,1,8082,
34.0561,,Surface,5,Image 1,1,8085,
3.87662,,Surface,5,Image 1,1,8087,
5.5093,,Surface,5,Image 1,1,8089,
116.357,,Surface,5,Image 1,1,8090,
51.1558,,Surface,5,Image 1,1,8092,
29.3134,,Surface,5,Image 1,1,8094,
4.89697,,Surface,5,Image 1,1,8097,
8.90413,,Surface,5,Image 1,1,8098,
1.46266,,Surface,5,Image 1,1,8099,
9.30633,,Surface,5,Image 1,1,8104,
13.3101,,Surface,5,Image 1,1,8107,
13.9098,,Surface,5,Image 1,1,8109,
7.45802,,Surface,5,Image 1,1,8110,
118.269,,Surface,5,Image 1,1,8112,
128.819,,Surface,5,Image 1,1,8114,
197.997,,Surface,5,Image 1,1,8115,
6.38763,,Surface,5,Image 1,1,8116,
7.60499,,Surface,5,Image 1,1,8117,
161.994,,Surface,5,Image 1,1,8119,
3.65222,,Surface,5,Image 1,1,8122,
23.206,,Surface,5,Image 1,1,8127,
18.703,,Surface,5,Image 1,1,8131,
1.99137,,Surface,5,Image 1,1,8132,
16.4603,,Surface,5,Image 1,1,8133,
2.58789,,Surface,5,Image 1,1,8137,
85.2025,,Surface,5,Image 1,1,8141,
6.2123,,Surface,5,Image 1,1,8144,
6.23729,,Surface,5,Image 1,1,8146,
6.49421,,Surface,5,Image 1,1,8147,
58.6567,,Surface,5,Image 1,1,8149,
9.80925,,Surface,5,Image 1,1,8153,
0.39729,,Surface,5,Image 1,1,8154,
3.94145,,Surface,5,Image 1,1,8155,
10.729,,Surface,5,Image 1,1,8157,
20.7935,,Surface,5,Image 1,1,8161,
2.45573,,Surface,5,Image 1,1,8163,
8.29649,,Surface,5,Image 1,1,8165,
2.59775,,Surface,5,Image 1,1,8166,
196.942,,Surface,5,Image 1,1,8167,
6.18063,,Surface,5,Image 1,1,8168,
25.0784,,Surface,5,Image 1,1,8169,
8.84711,,Surface,5,Image 1,1,8172,
82.563,,Surface,5,Image 1,1,8174,
3.82675,,Surface,5,Image 1,1,8176,
2.99015,,Surface,5,Image 1,1,8177,
73.5727,,Surface,5,Image 1,1,8183,
3.70458,,Surface,5,Image 1,1,8188,
94.7496,,Surface,5,Image 1,1,8191,
7.06309,,Surface,5,Image 1,1,8192,
0.0176576,,Surface,5,Image 1,1,8193,
60.2343,,Surface,5,Image 1,1,8194,
209.749,,Surface,5,Image 1,1,8195,
206.927,,Surface,5,Image 1,1,8197,
12.0074,,Surface,5,Image 1,1,8201,
2.25508,,Surface,5,Image 1,1,8205,
0.293971,,Surface,5,Image 1,1,8208,
65.1957,,Surface,5,Image 1,1,8211,
120.66,,Surface,5,Image 1,1,8213,
201.733,,Surface,5,Image 1,1,8215,
9.55798,,Surface,5,Image 1,1,8222,
9.90029,,Surface,5,Image 1,1,8223,
7.42766,,Surface,5,Image 1,1,8225,
4.9461,,Surface,5,Image 1,1,8229,
73.2724,,Surface,5,Image 1,1,8231,
128.147,,Surface,5,Image 1,1,8232,
264.025,,Surface,5,Image 1,1,8235,
101.306,,Surface,5,Image 1,1,8236,
59.2687,,Surface,5,Image 1,1,8241,
0.180326,,Surface,5,Image 1,1,8242,
0.187944,,Surface,5,Image 1,1,8244,
321.697,,Surface,5,Image 1,1,8248,
67.791,,Surface,5,Image 1,1,8249,
7.71248,,Surface,5,Image 1,1,8251,
0.000368723,,Surface,5,Image 1,1,8253,
2.43586,,Surface,5,Image 1,1,8254,
16.306,,Surface,5,Image 1,1,8258,
0.209291,,Surface,5,Image 1,1,8260,
11.1899,,Surface,5,Image 1,1,8266,
6.2947,,Surface,5,Image 1,1,8268,
243.954,,Surface,5,Image 1,1,8270,
25.3808,,Surface,5,Image 1,1,8271,
14.4746,,Surface,5,Image 1,1,8273,
7.60548,,Surface,5,Image 1,1,8274,
215.623,,Surface,5,Image 1,1,8278,
57.5155,,Surface,5,Image 1,1,8280,
0.224828,,Surface,5,Image 1,1,8284,
0.876048,,Surface,5,Image 1,1,8285,
250.854,,Surface,5,Image 1,1,8286,
0.0248128,,Surface,5,Image 1,1,8288,
40.4264,,Surface,5,Image 1,1,8289,
50.036,,Surface,5,Image 1,1,8292,
257.042,,Surface,5,Image 1,1,8293,
123.589,,Surface,5,Image 1,1,8294,
2.34786,,Surface,5,Image 1,1,8295,
499.485,,Surface,5,Image 1,1,8303,
3.1662,,Surface,5,Image 1,1,8307,
27.5797,,Surface,5,Image 1,1,8310,
2.42418,,Surface,5,Image 1,1,8312,
2.39021,,Surface,5,Image 1,1,8313,
130.062,,Surface,5,Image 1,1,8319,
0.100073,,Surface,5,Image 1,1,8323,
18.235,,Surface,5,Image 1,1,8324,
20.8015,,Surface,5,Image 1,1,8326,
162.154,,Surface,5,Image 1,1,8327,
230.247,,Surface,5,Image 1,1,8329,
130.691,,Surface,5,Image 1,1,8333,
4.22934,,Surface,5,Image 1,1,8336,
8.86325,,Surface,5,Image 1,1,8337,
70.4935,,Surface,5,Image 1,1,8339,
165.027,,Surface,5,Image 1,1,8340,
16.2089,,Surface,5,Image 1,1,8341,
29.6621,,Surface,5,Image 1,1,8343,
76.0968,,Surface,5,Image 1,1,8350,
84.7784,,Surface,5,Image 1,1,8352,
1.0473,,Surface,5,Image 1,1,8353,
134.18,,Surface,5,Image 1,1,8354,
47.981,,Surface,5,Image 1,1,8359,
581.729,,Surface,5,Image 1,1,8360,
120.745,,Surface,5,Image 1,1,8364,
1.334,,Surface,5,Image 1,1,8368,
1.99618,,Surface,5,Image 1,1,8369,
19.0033,,Surface,5,Image 1,1,8372,
67.8965,,Surface,5,Image 1,1,8377,
171.562,,Surface,5,Image 1,1,8379,
157.812,,Surface,5,Image 1,1,8384,
0.569308,,Surface,5,Image 1,1,8385,
154.881,,Surface,5,Image 1,1,8387,
101.622,,Surface,5,Image 1,1,8388,
38.2478,,Surface,5,Image 1,1,8389,
1.06564,,Surface,5,Image 1,1,8390,
0.89156,,Surface,5,Image 1,1,8394,
71.7561,,Surface,5,Image 1,1,8396,
25.6622,,Surface,5,Image 1,1,8400,
5.25957,,Surface,5,Image 1,1,8401,
1.68492,,Surface,5,Image 1,1,8402,
62.7406,,Surface,5,Image 1,1,8404,
9.70222,,Surface,5,Image 1,1,8406,
68.7691,,Surface,5,Image 1,1,8410,
5.67045,,Surface,5,Image 1,1,8411,
489.221,,Surface,5,Image 1,1,8417,
38.4771,,Surface,5,Image 1,1,8419,
111.962,,Surface,5,Image 1,1,8422,
87.3636,,Surface,5,Image 1,1,8423,
128.756,,Surface,5,Image 1,1,8426,
401.103,,Surface,5,Image 1,1,8430,
341.226,,Surface,5,Image 1,1,8434,
53.5205,,Surface,5,Image 1,1,8437,
225.469,,Surface,5,Image 1,1,8440,
1.09219,,Surface,5,Image 1,1,8442,
111.892,,Surface,5,Image 1,1,8443,
63.4262,,Surface,5,Image 1,1,8444,
90.6589,,Surface,5,Image 1,1,8446,
33.7893,,Surface,5,Image 1,1,8447,
356.587,,Surface,5,Image 1,1,8448,
1.04573,,Surface,5,Image 1,1,8449,
0.176321,,Surface,5,Image 1,1,8451,
14.2083,,Surface,5,Image 1,1,8453,
4.30981,,Surface,5,Image 1,1,8454,
268.39,,Surface,5,Image 1,1,8456,
68.1855,,Surface,5,Image 1,1,8459,
480.989,,Surface,5,Image 1,1,8460,
28.5353,,Surface,5,Image 1,1,8465,
154.025,,Surface,5,Image 1,1,8470,
2.81309,,Surface,5,Image 1,1,8472,
23.2231,,Surface,5,Image 1,1,8475,
19.1962,,Surface,5,Image 1,1,8477,
50.3598,,Surface,5,Image 1,1,8478,
164.895,,Surface,5,Image 1,1,8480,
21.5113,,Surface,5,Image 1,1,8482,
29.6726,,Surface,5,Image 1,1,8483,
23.1659,,Surface,5,Image 1,1,8484,
123.826,,Surface,5,Image 1,1,8485,
402.165,,Surface,5,Image 1,1,8487,
0.147387,,Surface,5,Image 1,1,8490,
0.431768,,Surface,5,Image 1,1,8492,
0.416861,,Surface,5,Image 1,1,8496,
47.5462,,Surface,5,Image 1,1,8499,
79.5882,,Surface,5,Image 1,1,8503,
0.354584,,Surface,5,Image 1,1,8514,
133.614,,Surface,5,Image 1,1,8515,
174.223,,Surface,5,Image 1,1,8516,
330.906,,Surface,5,Image 1,1,8517,
2.31167,,Surface,5,Image 1,1,8518,
226.244,,Surface,5,Image 1,1,8520,
16.1716,,Surface,5,Image 1,1,8521,
14.3147,,Surface,5,Image 1,1,8522,
3.01521,,Surface,5,Image 1,1,8528,
296.981,,Surface,5,Image 1,1,8531,
41.5558,,Surface,5,Image 1,1,8533,
61.3724,,Surface,5,Image 1,1,8540,
5.29151,,Surface,5,Image 1,1,8542,
245.766,,Surface,5,Image 1,1,8543,
266.027,,Surface,5,Image 1,1,8545,
25.824,,Surface,5,Image 1,1,8546,
78.6455,,Surface,5,Image 1,1,8548,
104.292,,Surface,5,Image 1,1,8549,
4.72843,,Surface,5,Image 1,1,8552,
115.299,,Surface,5,Image 1,1,8553,
64.7812,,Surface,5,Image 1,1,8555,
42.2598,,Surface,5,Image 1,1,8558,
119.798,,Surface,5,Image 1,1,8560,
329.871,,Surface,5,Image 1,1,8561,
51.1973,,Surface,5,Image 1,1,8563,
71.6719,,Surface,5,Image 1,1,8564,
179.043,,Surface,5,Image 1,1,8565,
2.8169,,Surface,5,Image 1,1,8571,
49.1883,,Surface,5,Image 1,1,8575,
51.1776,,Surface,5,Image 1,1,8579,
0.631147,,Surface,5,Image 1,1,8583,
0.692276,,Surface,5,Image 1,1,8584,
246.134,,Surface,5,Image 1,1,8587,
136.512,,Surface,5,Image 1,1,8590,
5.6623,,Surface,5,Image 1,1,8591,
27.9215,,Surface,5,Image 1,1,8592,
2.30955,,Surface,5,Image 1,1,8593,
85.2154,,Surface,5,Image 1,1,8600,
71.479,,Surface,5,Image 1,1,8603,
113.763,,Surface,5,Image 1,1,8605,
0.837836,,Surface,5,Image 1,1,8608,
58.0099,,Surface,5,Image 1,1,8611,
97.9167,,Surface,5,Image 1,1,8613,
140.309,,Surface,5,Image 1,1,8614,
124.952,,Surface,5,Image 1,1,8615,
47.3888,,Surface,5,Image 1,1,8616,
0.303612,,Surface,5,Image 1,1,8617,
90.2849,,Surface,5,Image 1,1,8623,
6.57205,,Surface,5,Image 1,1,8639,
3.97351,,Surface,5,Image 1,1,8643,
17.5795,,Surface,5,Image 1,1,8644,
5.07495,,Surface,5,Image 1,1,8647,
131.047,,Surface,5,Image 1,1,8651,
4.18779,,Surface,5,Image 1,1,8653,
184.202,,Surface,5,Image 1,1,8656,
10.8612,,Surface,5,Image 1,1,8664,
54.0707,,Surface,5,Image 1,1,8665,
4.30929,,Surface,5,Image 1,1,8666,
21.7087,,Surface,5,Image 1,1,8672,
178.658,,Surface,5,Image 1,1,8673,
196.489,,Surface,5,Image 1,1,8674,
146.435,,Surface,5,Image 1,1,8678,
135.129,,Surface,5,Image 1,1,8682,
155.649,,Surface,5,Image 1,1,8683,
93.8314,,Surface,5,Image 1,1,8685,
42.0691,,Surface,5,Image 1,1,8686,
55.0128,,Surface,5,Image 1,1,8688,
43.3592,,Surface,5,Image 1,1,8693,
36.2854,,Surface,5,Image 1,1,8694,
26.6011,,Surface,5,Image 1,1,8699,
19.3234,,Surface,5,Image 1,1,8702,
0.808602,,Surface,5,Image 1,1,8703,
14.787,,Surface,5,Image 1,1,8704,
1.83474,,Surface,5,Image 1,1,8708,
97.06,,Surface,5,Image 1,1,8710,
78.83,,Surface,5,Image 1,1,8714,
1.47313,,Surface,5,Image 1,1,8720,
1.16686,,Surface,5,Image 1,1,8724,
0.579213,,Surface,5,Image 1,1,8725,
111.459,,Surface,5,Image 1,1,8729,
1.36769,,Surface,5,Image 1,1,8732,
9.58477,,Surface,5,Image 1,1,8733,
10.2352,,Surface,5,Image 1,1,8735,
2.76888,,Surface,5,Image 1,1,8740,
92.5993,,Surface,5,Image 1,1,8744,
6.04588,,Surface,5,Image 1,1,8746,
58.593,,Surface,5,Image 1,1,8747,
3.41109,,Surface,5,Image 1,1,8748,
304.486,,Surface,5,Image 1,1,8749,
70.7769,,Surface,5,Image 1,1,8752,
18.7627,,Surface,5,Image 1,1,8756,
41.7765,,Surface,5,Image 1,1,8757,
0.585229,,Surface,5,Image 1,1,8758,
149.435,,Surface,5,Image 1,1,8759,
13.1721,,Surface,5,Image 1,1,8763,
5.05487,,Surface,5,Image 1,1,8764,
13.1626,,Surface,5,Image 1,1,8765,
158.132,,Surface,5,Image 1,1,8766,
58.2259,,Surface,5,Image 1,1,8768,
1.25844,,Surface,5,Image 1,1,8772,
251.611,,Surface,5,Image 1,1,8774,
30.4259,,Surface,5,Image 1,1,8778,
7.96163,,Surface,5,Image 1,1,8786,
24.56,,Surface,5,Image 1,1,8790,
2.90262,,Surface,5,Image 1,1,8793,
8.03681,,Surface,5,Image 1,1,8798,
50.0703,,Surface,5,Image 1,1,8804,
0.62482,,Surface,5,Image 1,1,8808,
90.2055,,Surface,5,Image 1,1,8811,
164.714,,Surface,5,Image 1,1,8812,
20.3204,,Surface,5,Image 1,1,8814,
151.651,,Surface,5,Image 1,1,8816,
1.32962,,Surface,5,Image 1,1,8819,
7.2151,,Surface,5,Image 1,1,8821,
10.8204,,Surface,5,Image 1,1,8822,
187.147,,Surface,5,Image 1,1,8825,
1.58541,,Surface,5,Image 1,1,8827,
62.8454,,Surface,5,Image 1,1,8829,
55.6302,,Surface,5,Image 1,1,8840,
269.192,,Surface,5,Image 1,1,8841,
4.95391,,Surface,5,Image 1,1,8842,
0.594613,,Surface,5,Image 1,1,8843,
1.48627,,Surface,5,Image 1,1,8847,
3.35805,,Surface,5,Image 1,1,8850,
2.86875,,Surface,5,Image 1,1,8851,
11.4286,,Surface,5,Image 1,1,8853,
4.80298,,Surface,5,Image 1,1,8855,
28.2811,,Surface,5,Image 1,1,8857,
9.14833,,Surface,5,Image 1,1,8865,
189.767,,Surface,5,Image 1,1,8868,
71.4328,,Surface,5,Image 1,1,8872,
5.78693,,Surface,5,Image 1,1,8881,
3.10456,,Surface,5,Image 1,1,8883,
8.33968,,Surface,5,Image 1,1,8888,
155.644,,Surface,5,Image 1,1,8891,
10.1049,,Surface,5,Image 1,1,8892,
6.01231,,Surface,5,Image 1,1,8896,
229.053,,Surface,5,Image 1,1,8900,
96.6346,,Surface,5,Image 1,1,8901,
2.09634,,Surface,5,Image 1,1,8907,
122.155,,Surface,5,Image 1,1,8908,
0.552979,,Surface,5,Image 1,1,8909,
0.83267,,Surface,5,Image 1,1,8911,
0.0474048,,Surface,5,Image 1,1,8916,
132.083,,Surface,5,Image 1,1,8917,
117.266,,Surface,5,Image 1,1,8921,
24.3025,,Surface,5,Image 1,1,8923,
94.877,,Surface,5,Image 1,1,8931,
60.6911,,Surface,5,Image 1,1,8933,
43.3588,,Surface,5,Image 1,1,8935,
35.9353,,Surface,5,Image 1,1,8937,
11.3766,,Surface,5,Image 1,1,8940,
149.342,,Surface,5,Image 1,1,8944,
2.41946,,Surface,5,Image 1,1,8948,
5.67385,,Surface,5,Image 1,1,8950,
128.815,,Surface,5,Image 1,1,8951,
1.56312,,Surface,5,Image 1,1,8957,
0.0921315,,Surface,5,Image 1,1,8959,
190.455,,Surface,5,Image 1,1,8961,
93.9343,,Surface,5,Image 1,1,8962,
0.541466,,Surface,5,Image 1,1,8966,
0.483643,,Surface,5,Image 1,1,8969,
109.922,,Surface,5,Image 1,1,8970,
0.978045,,Surface,5,Image 1,1,8973,
0.60957,,Surface,5,Image 1,1,8975,
0.94414,,Surface,5,Image 1,1,8978,
9.63473,,Surface,5,Image 1,1,8979,
195.075,,Surface,5,Image 1,1,8980,
123.649,,Surface,5,Image 1,1,8981,
236.611,,Surface,5,Image 1,1,8992,
6.95778,,Surface,5,Image 1,1,8993,
24.1693,,Surface,5,Image 1,1,8999,
1.70808,,Surface,5,Image 1,1,9003,
15.1482,,Surface,5,Image 1,1,9006,
0.527173,,Surface,5,Image 1,1,9007,
0.311758,,Surface,5,Image 1,1,9009,
3.93851,,Surface,5,Image 1,1,9010,
2.35272,,Surface,5,Image 1,1,9017,
6.2804,,Surface,5,Image 1,1,9019,
10.8939,,Surface,5,Image 1,1,9023,
81.4476,,Surface,5,Image 1,1,9027,
0.87047,,Surface,5,Image 1,1,9028,
219.935,,Surface,5,Image 1,1,9029,
0.583821,,Surface,5,Image 1,1,9039,
2.60578,,Surface,5,Image 1,1,9041,
4.33077,,Surface,5,Image 1,1,9054,
0.730772,,Surface,5,Image 1,1,9055,
7.72427,,Surface,5,Image 1,1,9056,
256.977,,Surface,5,Image 1,1,9062,
1.72271,,Surface,5,Image 1,1,9063,
4.76046,,Surface,5,Image 1,1,9067,
0.156901,,Surface,5,Image 1,1,9072,
4.46222,,Surface,5,Image 1,1,9073,
534.737,,Surface,5,Image 1,1,9076,
189.356,,Surface,5,Image 1,1,9077,
68.5005,,Surface,5,Image 1,1,9086,
0.14427,,Surface,5,Image 1,1,9087,
21.3376,,Surface,5,Image 1,1,9093,
23.8892,,Surface,5,Image 1,1,9094,
0.285893,,Surface,5,Image 1,1,9100,
205.939,,Surface,5,Image 1,1,9101,
64.233,,Surface,5,Image 1,1,9103,
107.045,,Surface,5,Image 1,1,9106,
1.70702,,Surface,5,Image 1,1,9107,
38.2919,,Surface,5,Image 1,1,9110,
201.334,,Surface,5,Image 1,1,9111,
7.52049,,Surface,5,Image 1,1,9114,
1.25495,,Surface,5,Image 1,1,9117,
10.4072,,Surface,5,Image 1,1,9118,
241.578,,Surface,5,Image 1,1,9119,
0.544038,,Surface,5,Image 1,1,9122,
92.542,,Surface,5,Image 1,1,9126,
241.936,,Surface,5,Image 1,1,9132,
181.583,,Surface,5,Image 1,1,9143,
0.416479,,Surface,5,Image 1,1,9147,
7.71465,,Surface,5,Image 1,1,9148,
5.33619,,Surface,5,Image 1,1,9150,
32.152,,Surface,5,Image 1,1,9154,
5.6477,,Surface,5,Image 1,1,9169,
1.24296,,Surface,5,Image 1,1,9189,
9.40751,,Surface,5,Image 1,1,9192,
108.949,,Surface,5,Image 1,1,9200,
2.95536,,Surface,5,Image 1,1,9205,
26.6159,,Surface,5,Image 1,1,9207,
7.63292,,Surface,5,Image 1,1,9212,
60.4202,,Surface,5,Image 1,1,9216,
12.7139,,Surface,5,Image 1,1,9237,
0.262076,,Surface,5,Image 1,1,9238,
0.00606702,,Surface,5,Image 1,1,9240,
0.229431,,Surface,5,Image 1,1,9242,
0.557786,,Surface,5,Image 1,1,9243,
82.1907,,Surface,5,Image 1,1,9245,
99.7678,,Surface,5,Image 1,1,9247,
25.5842,,Surface,5,Image 1,1,9250,
86.2205,,Surface,5,Image 1,1,9251,
0.491717,,Surface,5,Image 1,1,9254,
1.35621,,Surface,5,Image 1,1,9256,
0.0521479,,Surface,5,Image 1,1,9258,
3.71051,,Surface,5,Image 1,1,9259,
1.33064,,Surface,5,Image 1,1,9261,
188.229,,Surface,5,Image 1,1,9274,
0.0715812,,Surface,5,Image 1,1,9275,
132.506,,Surface,5,Image 1,1,9276,
0.807079,,Surface,5,Image 1,1,9277,
0.000197751,,Surface,5,Image 1,1,9279,
0.893777,,Surface,5,Image 1,1,9285,
42.869,,Surface,5,Image 1,1,9287,
20.8746,,Surface,5,Image 1,1,9290,
68.1647,,Surface,5,Image 1,1,9291,
36.5732,,Surface,5,Image 1,1,9313,
3.36259,,Surface,5,Image 1,1,9325,
1.71027,,Surface,5,Image 1,1,9328,
15.8707,,Surface,5,Image 1,1,9329,
1.2772,,Surface,5,Image 1,1,9332,
1.817,,Surface,5,Image 1,1,9335,
0.205342,,Surface,5,Image 1,1,9343,
0.0860297,,Surface,5,Image 1,1,9346,
3.0442,,Surface,5,Image 1,1,9347,
0.617519,,Surface,5,Image 1,1,9348,
39.2883,,Surface,5,Image 1,1,9350,
1.47779,,Surface,5,Image 1,1,9355,
0.433651,,Surface,5,Image 1,1,9356,
2.18432,,Surface,5,Image 1,1,9367,
33.0968,,Surface,5,Image 1,1,9378,
4.77546,,Surface,5,Image 1,1,9385,
22.7398,,Surface,5,Image 1,1,9389,
2.07833,,Surface,5,Image 1,1,9391,
5.41774,,Surface,5,Image 1,1,9397,
54.7667,,Surface,5,Image 1,1,9399,
5.2439,,Surface,5,Image 1,1,9402,
1.96957,,Surface,5,Image 1,1,9408,
29.7261,,Surface,5,Image 1,1,9414,
0.11287,,Surface,5,Image 1,1,9417,
5.79075,,Surface,5,Image 1,1,9419,
4.1404,,Surface,5,Image 1,1,9422,
12.5976,,Surface,5,Image 1,1,9440,
10.6818,,Surface,5,Image 1,1,9458,
0.390254,,Surface,5,Image 1,1,9463,
4.37914,,Surface,5,Image 1,1,9465,
0.425645,,Surface,5,Image 1,1,9473,
1.60926,,Surface,5,Image 1,1,9474,
73.4883,,Surface,5,Image 1,1,9475,
28.1756,,Surface,5,Image 1,1,9476,
0.0550382,,Surface,5,Image 1,1,9477,
52.4544,,Surface,5,Image 1,1,9479,
1.15777,,Surface,5,Image 1,1,9482,
2.56478,,Surface,5,Image 1,1,9483,
0.14179,,Surface,5,Image 1,1,9485,
6.31318,,Surface,5,Image 1,1,9491,
0.0113599,,Surface,5,Image 1,1,9496,
3.89892,,Surface,5,Image 1,1,9497,
33.1522,,Surface,5,Image 1,1,9499,
9.03979,,Surface,5,Image 1,1,9502,
2.74069,,Surface,5,Image 1,1,9504,
4.9373,,Surface,5,Image 1,1,9509,
0.270011,,Surface,5,Image 1,1,9510,
3.00913,,Surface,5,Image 1,1,9521,
8.2071,,Surface,5,Image 1,1,9523,
19.7236,,Surface,5,Image 1,1,9526,
1.22326,,Surface,5,Image 1,1,9527,
2.86128,,Surface,5,Image 1,1,9530,
2.20507,,Surface,5,Image 1,1,9531,
1.05638,,Surface,5,Image 1,1,9539,
0.0265423,,Surface,5,Image 1,1,9543,
3.59965,,Surface,5,Image 1,1,9545,
2.7656,,Surface,5,Image 1,1,9546,
71.2318,,Surface,5,Image 1,1,9548,
5.66843,,Surface,5,Image 1,1,9549,
0.397487,,Surface,5,Image 1,1,9561,
1.50797,,Surface,5,Image 1,1,9568,
0.183915,,Surface,5,Image 1,1,9572,
37.211,,Surface,5,Image 1,1,9573,
82.9804,,Surface,5,Image 1,1,9580,
47.2348,,Surface,5,Image 1,1,9585,
0.819432,,Surface,5,Image 1,1,9588,
1.58947,,Surface,5,Image 1,1,9592,
0.000158213,,Surface,5,Image 1,1,9594,
3.62233,,Surface,5,Image 1,1,9598,
1.57627,,Surface,5,Image 1,1,9604,
0.203329,,Surface,5,Image 1,1,9605,
0.22897,,Surface,5,Image 1,1,9612,
33.062,,Surface,5,Image 1,1,9613,
71.7465,,Surface,5,Image 1,1,9619,
114.291,,Surface,5,Image 1,1,9620,
3.54014,,Surface,5,Image 1,1,9624,
0.254877,,Surface,5,Image 1,1,9629,
3.66021,,Surface,5,Image 1,1,9631,
4.2786,,Surface,5,Image 1,1,9640,
0.178553,,Surface,5,Image 1,1,9648,
52.8403,,Surface,5,Image 1,1,9651,
2.80078,,Surface,5,Image 1,1,9652,
3.94952,,Surface,5,Image 1,1,9655,
2.09829,,Surface,5,Image 1,1,9656,
5.75047,,Surface,5,Image 1,1,9662,
33.2921,,Surface,5,Image 1,1,9664,
0.291604,,Surface,5,Image 1,1,9667,
3.63084,,Surface,5,Image 1,1,9670,
92.8623,,Surface,5,Image 1,1,9676,
1.407,,Surface,5,Image 1,1,9680,
0.773317,,Surface,5,Image 1,1,9684,
0.513623,,Surface,5,Image 1,1,9694,
15.1754,,Surface,5,Image 1,1,9695,
131.023,,Surface,5,Image 1,1,9698,
3.06585,,Surface,5,Image 1,1,9706,
1.35745,,Surface,5,Image 1,1,9711,
1.58214,,Surface,5,Image 1,1,9718,
2.66746,,Surface,5,Image 1,1,9720,
50.6432,,Surface,5,Image 1,1,9723,
0.174556,,Surface,5,Image 1,1,9731,
0.625052,,Surface,5,Image 1,1,9732,
0.301089,,Surface,5,Image 1,1,9734,
3.93539,,Surface,5,Image 1,1,9735,
0.0301339,,Surface,5,Image 1,1,9738,
1.80801,,Surface,5,Image 1,1,9742,
0.617453,,Surface,5,Image 1,1,9743,
78.9445,,Surface,5,Image 1,1,9750,
4.28033,,Surface,5,Image 1,1,9752,
0.263317,,Surface,5,Image 1,1,9754,
5.7113,,Surface,5,Image 1,1,9762,
0.000963138,,Surface,5,Image 1,1,9775,
1.09555,,Surface,5,Image 1,1,9787,
5.31234,,Surface,5,Image 1,1,9790,
62.238,,Surface,5,Image 1,1,9791,
76.2416,,Surface,5,Image 1,1,9792,
3.72647,,Surface,5,Image 1,1,9798,
79.6046,,Surface,5,Image 1,1,9803,
60.3871,,Surface,5,Image 1,1,9811,
0.279122,,Surface,5,Image 1,1,9814,
23.5029,,Surface,5,Image 1,1,9817,
9.98144,,Surface,5,Image 1,1,9818,
99.7398,,Surface,5,Image 1,1,9820,
0.00324593,,Surface,5,Image 1,1,9824,
1.199,,Surface,5,Image 1,1,9827,
1.18876,,Surface,5,Image 1,1,9829,
0.122219,,Surface,5,Image 1,1,9830,
2.8694,,Surface,5,Image 1,1,9833,
0.507268,,Surface,5,Image 1,1,9840,
16.2566,,Surface,5,Image 1,1,9843,
6.24191,,Surface,5,Image 1,1,9845,
0.700304,,Surface,5,Image 1,1,9848,
2.86644,,Surface,5,Image 1,1,9852,
0.00766191,,Surface,5,Image 1,1,9853,
4.12221,,Surface,5,Image 1,1,9856,
1.57612,,Surface,5,Image 1,1,9864,
0.873092,,Surface,5,Image 1,1,9867,
0.0935275,,Surface,5,Image 1,1,9879,
0.00252791,,Surface,5,Image 1,1,9883,
1.90593,,Surface,5,Image 1,1,9884,
0.911884,,Surface,5,Image 1,1,9885,
24.5511,,Surface,5,Image 1,1,9891,
34.225,,Surface,5,Image 1,1,9894,
0.649357,,Surface,5,Image 1,1,9901,
0.178074,,Surface,5,Image 1,1,9907,
2.2278,,Surface,5,Image 1,1,9910,
4.1193,,Surface,5,Image 1,1,9916,
0.391351,,Surface,5,Image 1,1,9917,
1.15871,,Surface,5,Image 1,1,9922,
29.7092,,Surface,5,Image 1,1,9929,
3.7408,,Surface,5,Image 1,1,9938,
3.33687,,Surface,5,Image 1,1,9942,
0.300812,,Surface,5,Image 1,1,9949,
0.510176,,Surface,5,Image 1,1,9952,
3.50251,,Surface,5,Image 1,1,9958,
1.8793,,Surface,5,Image 1,1,9965,
1.63115,,Surface,5,Image 1,1,9966,
0.161326,,Surface,5,Image 1,1,9968,
8.9781,,Surface,5,Image 1,1,9970,
3.39915,,Surface,5,Image 1,1,9972,
0.358768,,Surface,5,Image 1,1,9973,
3.33387,,Surface,5,Image 1,1,9974,
0.750476,,Surface,5,Image 1,1,9981,
2.26171,,Surface,5,Image 1,1,9986,
57.5435,,Surface,5,Image 1,1,9988,
0.27873,,Surface,5,Image 1,1,9994,
45.2143,,Surface,5,Image 1,1,9998,
48.2456,,Surface,5,Image 1,1,10002,
2.96296,,Surface,5,Image 1,1,10008,
19.011,,Surface,5,Image 1,1,10013,
1.33373,,Surface,5,Image 1,1,10018,
4.89053,,Surface,5,Image 1,1,10021,
1.45147,,Surface,5,Image 1,1,10028,
62.4028,,Surface,5,Image 1,1,10041,
0.313015,,Surface,5,Image 1,1,10042,
0.629764,,Surface,5,Image 1,1,10046,
64.5801,,Surface,5,Image 1,1,10055,
0.0254576,,Surface,5,Image 1,1,10056,
2.87459,,Surface,5,Image 1,1,10060,
0.174875,,Surface,5,Image 1,1,10064,
91.1422,,Surface,5,Image 1,1,10077,
1.01111,,Surface,5,Image 1,1,10085,
12.5577,,Surface,5,Image 1,1,10089,
0.00765708,,Surface,5,Image 1,1,10090,
31.1541,,Surface,5,Image 1,1,10093,
52.6076,,Surface,5,Image 1,1,10107,
0.942955,,Surface,5,Image 1,1,10108,
323.159,,Surface,5,Image 1,1,10110,
0.00114539,,Surface,5,Image 1,1,10113,
0.731348,,Surface,5,Image 1,1,10117,
1.85185,,Surface,5,Image 1,1,10132,
4.03772,,Surface,5,Image 1,1,10136,
0.636082,,Surface,5,Image 1,1,10137,
4.86171,,Surface,5,Image 1,1,10139,
14.9,,Surface,5,Image 1,1,10142,
1.25649,,Surface,5,Image 1,1,10144,
39.4337,,Surface,5,Image 1,1,10145,
104.466,,Surface,5,Image 1,1,10154,
2.97068,,Surface,5,Image 1,1,10171,
0.37101,,Surface,5,Image 1,1,10175,
0.702161,,Surface,5,Image 1,1,10179,
0.0264668,,Surface,5,Image 1,1,10184,
107.745,,Surface,5,Image 1,1,10185,
3.16221,,Surface,5,Image 1,1,10188,
0.0915174,,Surface,5,Image 1,1,10189,
1.44924,,Surface,5,Image 1,1,10192,
73.4553,,Surface,5,Image 1,1,10194,
2.79974,,Surface,5,Image 1,1,10204,
1.21729,,Surface,5,Image 1,1,10205,
2.01254,,Surface,5,Image 1,1,10206,
3.67584,,Surface,5,Image 1,1,10215,
3.77409,,Surface,5,Image 1,1,10216,
1.39262,,Surface,5,Image 1,1,10224,
0.588472,,Surface,5,Image 1,1,10227,
3.70092,,Surface,5,Image 1,1,10231,
0.736092,,Surface,5,Image 1,1,10246,
4.5878e-05,,Surface,5,Image 1,1,10248,
0.00174157,,Surface,5,Image 1,1,10249,
49.735,,Surface,5,Image 1,1,10250,
0.360513,,Surface,5,Image 1,1,10251,
0.154739,,Surface,5,Image 1,1,10253,
1.05159,,Surface,5,Image 1,1,10267,
0.0651067,,Surface,5,Image 1,1,10270,
9.12055,,Surface,5,Image 1,1,10272,
2.42667,,Surface,5,Image 1,1,10274,
2.08578,,Surface,5,Image 1,1,10275,
0.642955,,Surface,5,Image 1,1,10276,
0.000250938,,Surface,5,Image 1,1,10280,
0.0102704,,Surface,5,Image 1,1,10282,
0.399609,,Surface,5,Image 1,1,10286,
2.34644,,Surface,5,Image 1,1,10287,
61.5987,,Surface,5,Image 1,1,10294,
0.917012,,Surface,5,Image 1,1,10301,
253.096,,Surface,5,Image 1,1,10311,
2.39891,,Surface,5,Image 1,1,10315,
0.0401556,,Surface,5,Image 1,1,10318,
0.615847,,Surface,5,Image 1,1,10325,
0.594592,,Surface,5,Image 1,1,10331,
1.65979,,Surface,5,Image 1,1,10333,
0.867242,,Surface,5,Image 1,1,10345,
13.3723,,Surface,5,Image 1,1,10347,
44.3089,,Surface,5,Image 1,1,10355,
20.7757,,Surface,5,Image 1,1,10356,
102.5,,Surface,5,Image 1,1,10359,
86.3469,,Surface,5,Image 1,1,10360,
0.0201575,,Surface,5,Image 1,1,10361,
21.0909,,Surface,5,Image 1,1,10363,
0.244701,,Surface,5,Image 1,1,10365,
4.48299,,Surface,5,Image 1,1,10366,
10.1156,,Surface,5,Image 1,1,10369,
43.4233,,Surface,5,Image 1,1,10370,
1.95563,,Surface,5,Image 1,1,10372,
0.293016,,Surface,5,Image 1,1,10377,
154.343,,Surface,5,Image 1,1,10381,
239.717,,Surface,5,Image 1,1,10384,
2.56335,,Surface,5,Image 1,1,10388,
214.816,,Surface,5,Image 1,1,10392,
4.74721,,Surface,5,Image 1,1,10408,
334.873,,Surface,5,Image 1,1,10413,
0.782196,,Surface,5,Image 1,1,10414,
325.65,,Surface,5,Image 1,1,10415,
2.13897,,Surface,5,Image 1,1,10417,
114.959,,Surface,5,Image 1,1,10424,
0.149574,,Surface,5,Image 1,1,10432,
2.66896,,Surface,5,Image 1,1,10433,
2.43642,,Surface,5,Image 1,1,10439,
0.676484,,Surface,5,Image 1,1,10445,
0.0786719,,Surface,5,Image 1,1,10456,
0.569366,,Surface,5,Image 1,1,10457,
2.35547,,Surface,5,Image 1,1,10465,
13.1458,,Surface,5,Image 1,1,10467,
5.4475,,Surface,5,Image 1,1,10476,
0.526158,,Surface,5,Image 1,1,10486,
2.56375,,Surface,5,Image 1,1,10487,
0.760038,,Surface,5,Image 1,1,10491,
4.5878e-05,,Surface,5,Image 1,1,10501,
0.0513687,,Surface,5,Image 1,1,10508,
4.5878e-05,,Surface,5,Image 1,1,10515,
0.00502719,,Surface,5,Image 1,1,10523,
1.35184,,Surface,5,Image 1,1,10542,
2.33265,,Surface,5,Image 1,1,10545,
0.257075,,Surface,5,Image 1,1,10550,
11.8342,,Surface,5,Image 1,1,10554,
2.08249,,Surface,5,Image 1,1,10557,
4.5878e-05,,Surface,5,Image 1,1,10610,
