
Intensity Median Ch=5 Img=1
 ==================== 
Intensity Median,Unit,Category,Channel,Image,Time,ID,
0.000139236,,Surface,5,Image 1,1,136,
0.000244141,,Surface,5,Image 1,1,177,
6.86646e-05,,Surface,5,Image 1,1,182,
0.0137939,,Surface,5,Image 1,1,260,
0.126709,,Surface,5,Image 1,1,262,
0.795898,,Surface,5,Image 1,1,271,
6.67572e-05,,Surface,5,Image 1,1,273,
0.0461426,,Surface,5,Image 1,1,275,
6.53613e-05,,Surface,5,Image 1,1,281,
6.53613e-05,,Surface,5,Image 1,1,282,
9.15527e-05,,Surface,5,Image 1,1,283,
0.0227051,,Surface,5,Image 1,1,302,
0.0521851,,Surface,5,Image 1,1,304,
0.0695801,,Surface,5,Image 1,1,312,
0.00341797,,Surface,5,Image 1,1,315,
0.0788574,,Surface,5,Image 1,1,319,
0.00662231,,Surface,5,Image 1,1,321,
0.000366211,,Surface,5,Image 1,1,323,
0.00524902,,Surface,5,Image 1,1,330,
6.58035e-05,,Surface,5,Image 1,1,337,
0.0644531,,Surface,5,Image 1,1,338,
0.0603027,,Surface,5,Image 1,1,339,
0.000166893,,Surface,5,Image 1,1,341,
0.0131836,,Surface,5,Image 1,1,342,
0.0332031,,Surface,5,Image 1,1,346,
0.15625,,Surface,5,Image 1,1,353,
0.0294189,,Surface,5,Image 1,1,355,
6.53613e-05,,Surface,5,Image 1,1,358,
1.34961,,Surface,5,Image 1,1,361,
0.0214844,,Surface,5,Image 1,1,363,
0.000244141,,Surface,5,Image 1,1,364,
6.86646e-05,,Surface,5,Image 1,1,372,
0.0022583,,Surface,5,Image 1,1,373,
0.0400391,,Surface,5,Image 1,1,377,
6.67572e-05,,Surface,5,Image 1,1,379,
0.535156,,Surface,5,Image 1,1,381,
7.62939e-05,,Surface,5,Image 1,1,382,
7.62939e-05,,Surface,5,Image 1,1,386,
0.169922,,Surface,5,Image 1,1,388,
0.00756836,,Surface,5,Image 1,1,389,
0.0032959,,Surface,5,Image 1,1,391,
6.53613e-05,,Surface,5,Image 1,1,393,
6.67572e-05,,Surface,5,Image 1,1,397,
6.53613e-05,,Surface,5,Image 1,1,399,
6.53613e-05,,Surface,5,Image 1,1,400,
0.000244141,,Surface,5,Image 1,1,404,
6.86646e-05,,Surface,5,Image 1,1,412,
0.0444336,,Surface,5,Image 1,1,414,
7.62939e-05,,Surface,5,Image 1,1,417,
0.00628662,,Surface,5,Image 1,1,421,
0.000244141,,Surface,5,Image 1,1,422,
0.000259399,,Surface,5,Image 1,1,423,
0.0222168,,Surface,5,Image 1,1,425,
0.00341797,,Surface,5,Image 1,1,427,
0.0249023,,Surface,5,Image 1,1,430,
0.000549316,,Surface,5,Image 1,1,432,
0.0640869,,Surface,5,Image 1,1,433,
0.0800781,,Surface,5,Image 1,1,437,
0.0378418,,Surface,5,Image 1,1,439,
0.157227,,Surface,5,Image 1,1,442,
0.209961,,Surface,5,Image 1,1,445,
6.58035e-05,,Surface,5,Image 1,1,447,
6.55651e-05,,Surface,5,Image 1,1,448,
6.53613e-05,,Surface,5,Image 1,1,449,
0.0634155,,Surface,5,Image 1,1,450,
0.736328,,Surface,5,Image 1,1,451,
0.000671387,,Surface,5,Image 1,1,454,
6.86646e-05,,Surface,5,Image 1,1,455,
0.0527344,,Surface,5,Image 1,1,456,
0.689453,,Surface,5,Image 1,1,458,
0.428711,,Surface,5,Image 1,1,459,
0.00915527,,Surface,5,Image 1,1,461,
0.0217285,,Surface,5,Image 1,1,464,
0.143066,,Surface,5,Image 1,1,466,
0.0430908,,Surface,5,Image 1,1,468,
0.0351562,,Surface,5,Image 1,1,469,
0.28418,,Surface,5,Image 1,1,470,
0.0032959,,Surface,5,Image 1,1,471,
0.0030899,,Surface,5,Image 1,1,472,
0.21875,,Surface,5,Image 1,1,475,
6.53613e-05,,Surface,5,Image 1,1,476,
0.000577927,,Surface,5,Image 1,1,478,
0.00393677,,Surface,5,Image 1,1,479,
6.53863e-05,,Surface,5,Image 1,1,483,
83.8125,,Surface,5,Image 1,1,484,
6.26172,,Surface,5,Image 1,1,485,
0.00502777,,Surface,5,Image 1,1,488,
1.54297,,Surface,5,Image 1,1,489,
1.2168,,Surface,5,Image 1,1,490,
2.75391,,Surface,5,Image 1,1,491,
3.01953,,Surface,5,Image 1,1,493,
0.0900879,,Surface,5,Image 1,1,496,
2.64648,,Surface,5,Image 1,1,498,
82.25,,Surface,5,Image 1,1,499,
0.253906,,Surface,5,Image 1,1,500,
0.833984,,Surface,5,Image 1,1,501,
1.43945,,Surface,5,Image 1,1,503,
0.614746,,Surface,5,Image 1,1,505,
0.00634766,,Surface,5,Image 1,1,507,
0.0545044,,Surface,5,Image 1,1,508,
1.88086,,Surface,5,Image 1,1,509,
1.27539,,Surface,5,Image 1,1,510,
0.156738,,Surface,5,Image 1,1,512,
6.53613e-05,,Surface,5,Image 1,1,513,
6.67572e-05,,Surface,5,Image 1,1,515,
6.53613e-05,,Surface,5,Image 1,1,517,
0.202637,,Surface,5,Image 1,1,518,
1.9043,,Surface,5,Image 1,1,519,
0.125488,,Surface,5,Image 1,1,520,
0.508789,,Surface,5,Image 1,1,522,
7.28906,,Surface,5,Image 1,1,523,
1.80566,,Surface,5,Image 1,1,524,
0.617188,,Surface,5,Image 1,1,525,
0.851562,,Surface,5,Image 1,1,527,
1.3252,,Surface,5,Image 1,1,528,
2.72852,,Surface,5,Image 1,1,529,
0.0252686,,Surface,5,Image 1,1,530,
2.39453,,Surface,5,Image 1,1,532,
0.000854492,,Surface,5,Image 1,1,536,
7.62939e-05,,Surface,5,Image 1,1,538,
0.000204086,,Surface,5,Image 1,1,541,
0.980469,,Surface,5,Image 1,1,542,
2.05078,,Surface,5,Image 1,1,544,
1.56543,,Surface,5,Image 1,1,545,
1.76562,,Surface,5,Image 1,1,546,
1.9668,,Surface,5,Image 1,1,547,
0.224609,,Surface,5,Image 1,1,548,
1.53516,,Surface,5,Image 1,1,550,
6.54459e-05,,Surface,5,Image 1,1,551,
6.53613e-05,,Surface,5,Image 1,1,553,
4.66797,,Surface,5,Image 1,1,554,
0.45459,,Surface,5,Image 1,1,555,
1.43555,,Surface,5,Image 1,1,556,
2.33691,,Surface,5,Image 1,1,557,
1.25977,,Surface,5,Image 1,1,558,
6.54459e-05,,Surface,5,Image 1,1,559,
6.53639e-05,,Surface,5,Image 1,1,560,
8.95703,,Surface,5,Image 1,1,563,
1.39648,,Surface,5,Image 1,1,565,
0.251953,,Surface,5,Image 1,1,566,
1.55469,,Surface,5,Image 1,1,567,
2.16406,,Surface,5,Image 1,1,569,
1.28613,,Surface,5,Image 1,1,571,
0.000137329,,Surface,5,Image 1,1,572,
1.6582,,Surface,5,Image 1,1,574,
0.00392914,,Surface,5,Image 1,1,575,
0.0302734,,Surface,5,Image 1,1,576,
6.55469,,Surface,5,Image 1,1,577,
1.57422,,Surface,5,Image 1,1,578,
3.74023,,Surface,5,Image 1,1,579,
0.550293,,Surface,5,Image 1,1,580,
0.0236816,,Surface,5,Image 1,1,581,
0.391968,,Surface,5,Image 1,1,583,
0.133057,,Surface,5,Image 1,1,586,
1.93945,,Surface,5,Image 1,1,587,
0.942383,,Surface,5,Image 1,1,588,
1.2627,,Surface,5,Image 1,1,592,
3.28125,,Surface,5,Image 1,1,593,
1.70117,,Surface,5,Image 1,1,594,
0.00683594,,Surface,5,Image 1,1,595,
1.81934,,Surface,5,Image 1,1,596,
2.21094,,Surface,5,Image 1,1,597,
0.500488,,Surface,5,Image 1,1,598,
2.53516,,Surface,5,Image 1,1,601,
0.0803223,,Surface,5,Image 1,1,604,
0.678223,,Surface,5,Image 1,1,605,
2.39648,,Surface,5,Image 1,1,606,
1.95312,,Surface,5,Image 1,1,607,
1.44043,,Surface,5,Image 1,1,608,
2.27734,,Surface,5,Image 1,1,610,
16.8125,,Surface,5,Image 1,1,611,
2.87305,,Surface,5,Image 1,1,612,
1.42969,,Surface,5,Image 1,1,613,
1.16797,,Surface,5,Image 1,1,614,
1.4082,,Surface,5,Image 1,1,615,
3.98438,,Surface,5,Image 1,1,616,
9.15527e-05,,Surface,5,Image 1,1,619,
0.686523,,Surface,5,Image 1,1,620,
2.13232,,Surface,5,Image 1,1,622,
5.57031,,Surface,5,Image 1,1,623,
11.0859,,Surface,5,Image 1,1,624,
6.35156,,Surface,5,Image 1,1,625,
7.10156,,Surface,5,Image 1,1,628,
1.36621,,Surface,5,Image 1,1,629,
2.17578,,Surface,5,Image 1,1,630,
0.794922,,Surface,5,Image 1,1,633,
0.824707,,Surface,5,Image 1,1,634,
2.41992,,Surface,5,Image 1,1,635,
1.83984,,Surface,5,Image 1,1,637,
2.62109,,Surface,5,Image 1,1,638,
3.17188,,Surface,5,Image 1,1,639,
1.72461,,Surface,5,Image 1,1,640,
0.291992,,Surface,5,Image 1,1,642,
4.56641,,Surface,5,Image 1,1,643,
0.000907898,,Surface,5,Image 1,1,644,
1.27637,,Surface,5,Image 1,1,645,
3.33984,,Surface,5,Image 1,1,647,
3.07812,,Surface,5,Image 1,1,653,
6.53863e-05,,Surface,5,Image 1,1,654,
0.010498,,Surface,5,Image 1,1,657,
4.73438,,Surface,5,Image 1,1,658,
2.29492,,Surface,5,Image 1,1,659,
0.00195312,,Surface,5,Image 1,1,661,
1.37207,,Surface,5,Image 1,1,665,
2.97656,,Surface,5,Image 1,1,666,
1.88281,,Surface,5,Image 1,1,667,
0.0332947,,Surface,5,Image 1,1,668,
7.65625,,Surface,5,Image 1,1,669,
2.63477,,Surface,5,Image 1,1,670,
2.26953,,Surface,5,Image 1,1,671,
2.25586,,Surface,5,Image 1,1,672,
0.967773,,Surface,5,Image 1,1,673,
2.40234,,Surface,5,Image 1,1,675,
1.40625,,Surface,5,Image 1,1,676,
1.58008,,Surface,5,Image 1,1,678,
0.167236,,Surface,5,Image 1,1,679,
0.623047,,Surface,5,Image 1,1,680,
1.24805,,Surface,5,Image 1,1,682,
0.671875,,Surface,5,Image 1,1,683,
0.775879,,Surface,5,Image 1,1,684,
0.00128174,,Surface,5,Image 1,1,686,
0.0254517,,Surface,5,Image 1,1,692,
0.960938,,Surface,5,Image 1,1,693,
2.89062,,Surface,5,Image 1,1,694,
2.82422,,Surface,5,Image 1,1,695,
1.47656,,Surface,5,Image 1,1,696,
1.43066,,Surface,5,Image 1,1,697,
1.18359,,Surface,5,Image 1,1,698,
1.37012,,Surface,5,Image 1,1,700,
2.25781,,Surface,5,Image 1,1,701,
5.75781,,Surface,5,Image 1,1,702,
0.654297,,Surface,5,Image 1,1,703,
0.76709,,Surface,5,Image 1,1,704,
2.63672,,Surface,5,Image 1,1,705,
1.48242,,Surface,5,Image 1,1,706,
0.943359,,Surface,5,Image 1,1,707,
9.25064e-05,,Surface,5,Image 1,1,708,
5.63281,,Surface,5,Image 1,1,711,
5.10938,,Surface,5,Image 1,1,712,
1.74609,,Surface,5,Image 1,1,713,
1.38867,,Surface,5,Image 1,1,714,
8.98438,,Surface,5,Image 1,1,715,
0.145996,,Surface,5,Image 1,1,717,
0.129883,,Surface,5,Image 1,1,719,
0.610352,,Surface,5,Image 1,1,720,
1.1084,,Surface,5,Image 1,1,724,
0.0136719,,Surface,5,Image 1,1,727,
3.10156,,Surface,5,Image 1,1,729,
1.98438,,Surface,5,Image 1,1,730,
8.21875,,Surface,5,Image 1,1,732,
1.70312,,Surface,5,Image 1,1,733,
11.8281,,Surface,5,Image 1,1,734,
3.61523,,Surface,5,Image 1,1,735,
9.82812,,Surface,5,Image 1,1,738,
7.90625,,Surface,5,Image 1,1,739,
0.874023,,Surface,5,Image 1,1,740,
1.63281,,Surface,5,Image 1,1,741,
0.46582,,Surface,5,Image 1,1,743,
0.90625,,Surface,5,Image 1,1,744,
0.0090332,,Surface,5,Image 1,1,746,
2.08008,,Surface,5,Image 1,1,747,
1.14648,,Surface,5,Image 1,1,749,
1.33301,,Surface,5,Image 1,1,750,
2.90625,,Surface,5,Image 1,1,752,
1.4165,,Surface,5,Image 1,1,754,
0.203125,,Surface,5,Image 1,1,756,
0.870117,,Surface,5,Image 1,1,757,
0.335449,,Surface,5,Image 1,1,758,
0.0698242,,Surface,5,Image 1,1,759,
8.90625,,Surface,5,Image 1,1,760,
12.875,,Surface,5,Image 1,1,761,
1.03906,,Surface,5,Image 1,1,763,
2.76953,,Surface,5,Image 1,1,764,
1.01758,,Surface,5,Image 1,1,767,
0.732422,,Surface,5,Image 1,1,768,
0.679688,,Surface,5,Image 1,1,771,
1.08594,,Surface,5,Image 1,1,772,
11.2812,,Surface,5,Image 1,1,774,
0.729004,,Surface,5,Image 1,1,775,
23.125,,Surface,5,Image 1,1,776,
0.996094,,Surface,5,Image 1,1,777,
3.44141,,Surface,5,Image 1,1,779,
8.04688,,Surface,5,Image 1,1,780,
0.893555,,Surface,5,Image 1,1,781,
0.000106812,,Surface,5,Image 1,1,782,
1.04785,,Surface,5,Image 1,1,783,
0.388184,,Surface,5,Image 1,1,787,
9.15527e-05,,Surface,5,Image 1,1,788,
0.639648,,Surface,5,Image 1,1,790,
2.21875,,Surface,5,Image 1,1,791,
0.611328,,Surface,5,Image 1,1,792,
0.198975,,Surface,5,Image 1,1,794,
0.969238,,Surface,5,Image 1,1,795,
0.986328,,Surface,5,Image 1,1,796,
0.897461,,Surface,5,Image 1,1,797,
0.941895,,Surface,5,Image 1,1,799,
2.48047,,Surface,5,Image 1,1,800,
0.00021553,,Surface,5,Image 1,1,802,
0.00708008,,Surface,5,Image 1,1,803,
0.036499,,Surface,5,Image 1,1,806,
0.0100708,,Surface,5,Image 1,1,808,
2.11133,,Surface,5,Image 1,1,809,
2.03711,,Surface,5,Image 1,1,810,
0.633789,,Surface,5,Image 1,1,812,
0.44873,,Surface,5,Image 1,1,813,
0.480469,,Surface,5,Image 1,1,814,
0.548828,,Surface,5,Image 1,1,815,
0.015625,,Surface,5,Image 1,1,816,
1.22852,,Surface,5,Image 1,1,817,
2.06836,,Surface,5,Image 1,1,818,
0.504883,,Surface,5,Image 1,1,819,
0.902344,,Surface,5,Image 1,1,821,
1.29492,,Surface,5,Image 1,1,822,
0.117188,,Surface,5,Image 1,1,823,
0.000244141,,Surface,5,Image 1,1,825,
1.11621,,Surface,5,Image 1,1,826,
1.21875,,Surface,5,Image 1,1,827,
6.53714e-05,,Surface,5,Image 1,1,829,
0.783203,,Surface,5,Image 1,1,830,
0.600586,,Surface,5,Image 1,1,831,
0.074707,,Surface,5,Image 1,1,832,
1.01074,,Surface,5,Image 1,1,833,
1.12207,,Surface,5,Image 1,1,835,
1.30273,,Surface,5,Image 1,1,836,
1.94336,,Surface,5,Image 1,1,839,
2.30566,,Surface,5,Image 1,1,840,
0.541992,,Surface,5,Image 1,1,841,
1.13086,,Surface,5,Image 1,1,842,
1.81934,,Surface,5,Image 1,1,843,
0.540039,,Surface,5,Image 1,1,844,
8.14062,,Surface,5,Image 1,1,845,
0.00195312,,Surface,5,Image 1,1,846,
1.09766,,Surface,5,Image 1,1,847,
2.45312,,Surface,5,Image 1,1,848,
1.60938,,Surface,5,Image 1,1,849,
0.543945,,Surface,5,Image 1,1,850,
0.638184,,Surface,5,Image 1,1,851,
1.57227,,Surface,5,Image 1,1,853,
1.01367,,Surface,5,Image 1,1,854,
0.833008,,Surface,5,Image 1,1,855,
1.41016,,Surface,5,Image 1,1,856,
1.13086,,Surface,5,Image 1,1,857,
0.0600586,,Surface,5,Image 1,1,858,
0.902344,,Surface,5,Image 1,1,860,
0.847656,,Surface,5,Image 1,1,861,
0.441406,,Surface,5,Image 1,1,862,
2.52148,,Surface,5,Image 1,1,863,
0.700195,,Surface,5,Image 1,1,865,
1.19189,,Surface,5,Image 1,1,866,
0.584473,,Surface,5,Image 1,1,867,
1.00879,,Surface,5,Image 1,1,869,
1.73828,,Surface,5,Image 1,1,870,
1.1543,,Surface,5,Image 1,1,871,
0.87793,,Surface,5,Image 1,1,872,
1.12109,,Surface,5,Image 1,1,874,
0.40918,,Surface,5,Image 1,1,875,
1.08105,,Surface,5,Image 1,1,876,
1.25391,,Surface,5,Image 1,1,877,
0.000267029,,Surface,5,Image 1,1,878,
2.17578,,Surface,5,Image 1,1,879,
0.637695,,Surface,5,Image 1,1,880,
0.71875,,Surface,5,Image 1,1,881,
1.12695,,Surface,5,Image 1,1,882,
0.517578,,Surface,5,Image 1,1,883,
0.831055,,Surface,5,Image 1,1,884,
1.58203,,Surface,5,Image 1,1,887,
2.68164,,Surface,5,Image 1,1,888,
0.926758,,Surface,5,Image 1,1,891,
1.19336,,Surface,5,Image 1,1,892,
0.000274658,,Surface,5,Image 1,1,893,
2.29688,,Surface,5,Image 1,1,894,
0.00805664,,Surface,5,Image 1,1,895,
1.04297,,Surface,5,Image 1,1,896,
0.00134277,,Surface,5,Image 1,1,897,
0.950684,,Surface,5,Image 1,1,898,
1.61523,,Surface,5,Image 1,1,899,
1.42871,,Surface,5,Image 1,1,900,
1.06055,,Surface,5,Image 1,1,902,
1.52734,,Surface,5,Image 1,1,904,
6.53613e-05,,Surface,5,Image 1,1,905,
0.428711,,Surface,5,Image 1,1,906,
3.04297,,Surface,5,Image 1,1,907,
1.2373,,Surface,5,Image 1,1,908,
1.24219,,Surface,5,Image 1,1,910,
1.71484,,Surface,5,Image 1,1,911,
4.32812,,Surface,5,Image 1,1,912,
0.150879,,Surface,5,Image 1,1,913,
1.52832,,Surface,5,Image 1,1,914,
0.902344,,Surface,5,Image 1,1,915,
1.72461,,Surface,5,Image 1,1,916,
0.463867,,Surface,5,Image 1,1,917,
4.66211,,Surface,5,Image 1,1,918,
1.38672,,Surface,5,Image 1,1,919,
3.14062,,Surface,5,Image 1,1,920,
1.28027,,Surface,5,Image 1,1,922,
0.886719,,Surface,5,Image 1,1,923,
2.45117,,Surface,5,Image 1,1,925,
2.24609,,Surface,5,Image 1,1,926,
2.29297,,Surface,5,Image 1,1,928,
0.683105,,Surface,5,Image 1,1,929,
1.35645,,Surface,5,Image 1,1,930,
0.0155029,,Surface,5,Image 1,1,931,
3.48242,,Surface,5,Image 1,1,932,
8.75781,,Surface,5,Image 1,1,933,
0.00662231,,Surface,5,Image 1,1,934,
4.25781,,Surface,5,Image 1,1,935,
9.90625,,Surface,5,Image 1,1,936,
1.50781,,Surface,5,Image 1,1,937,
2.10156,,Surface,5,Image 1,1,938,
5.84766,,Surface,5,Image 1,1,939,
2.53125,,Surface,5,Image 1,1,940,
0.586914,,Surface,5,Image 1,1,941,
7.62939e-05,,Surface,5,Image 1,1,942,
1.99609,,Surface,5,Image 1,1,943,
1.59375,,Surface,5,Image 1,1,944,
1.15039,,Surface,5,Image 1,1,945,
0.71582,,Surface,5,Image 1,1,946,
0.820312,,Surface,5,Image 1,1,947,
0.738281,,Surface,5,Image 1,1,948,
1.2373,,Surface,5,Image 1,1,949,
2.0332,,Surface,5,Image 1,1,952,
1.07617,,Surface,5,Image 1,1,953,
1.04102,,Surface,5,Image 1,1,954,
0.339355,,Surface,5,Image 1,1,955,
1.51172,,Surface,5,Image 1,1,956,
1.0957,,Surface,5,Image 1,1,957,
11.8125,,Surface,5,Image 1,1,959,
1.25586,,Surface,5,Image 1,1,961,
0.391113,,Surface,5,Image 1,1,962,
0.412109,,Surface,5,Image 1,1,963,
1.08301,,Surface,5,Image 1,1,969,
2.32422,,Surface,5,Image 1,1,970,
3.46875,,Surface,5,Image 1,1,972,
1.81641,,Surface,5,Image 1,1,973,
3.72266,,Surface,5,Image 1,1,974,
5.72266,,Surface,5,Image 1,1,975,
2.78516,,Surface,5,Image 1,1,976,
2.74609,,Surface,5,Image 1,1,977,
0.587891,,Surface,5,Image 1,1,978,
3.85156,,Surface,5,Image 1,1,979,
1.71094,,Surface,5,Image 1,1,980,
1.43848,,Surface,5,Image 1,1,981,
3.98047,,Surface,5,Image 1,1,982,
2.75391,,Surface,5,Image 1,1,983,
0.966797,,Surface,5,Image 1,1,984,
0.999023,,Surface,5,Image 1,1,985,
3.91016,,Surface,5,Image 1,1,986,
0.00567627,,Surface,5,Image 1,1,987,
1.22461,,Surface,5,Image 1,1,988,
0.461914,,Surface,5,Image 1,1,989,
0.00135803,,Surface,5,Image 1,1,990,
2.98047,,Surface,5,Image 1,1,991,
0.0537109,,Surface,5,Image 1,1,992,
0.00114441,,Surface,5,Image 1,1,993,
1.94043,,Surface,5,Image 1,1,994,
1.1377,,Surface,5,Image 1,1,995,
48.5,,Surface,5,Image 1,1,996,
2.25195,,Surface,5,Image 1,1,997,
0.246094,,Surface,5,Image 1,1,998,
0.0055542,,Surface,5,Image 1,1,999,
1.07812,,Surface,5,Image 1,1,1000,
0.245117,,Surface,5,Image 1,1,1001,
0.501953,,Surface,5,Image 1,1,1002,
0.693359,,Surface,5,Image 1,1,1003,
0.779297,,Surface,5,Image 1,1,1004,
0.482422,,Surface,5,Image 1,1,1005,
5.27734,,Surface,5,Image 1,1,1006,
0.820312,,Surface,5,Image 1,1,1007,
3.19531,,Surface,5,Image 1,1,1009,
1.12109,,Surface,5,Image 1,1,1010,
1.31396,,Surface,5,Image 1,1,1011,
2.51562,,Surface,5,Image 1,1,1012,
1.23584,,Surface,5,Image 1,1,1013,
1.25195,,Surface,5,Image 1,1,1014,
1.06348,,Surface,5,Image 1,1,1015,
1.07715,,Surface,5,Image 1,1,1016,
3.37793,,Surface,5,Image 1,1,1017,
0.866211,,Surface,5,Image 1,1,1018,
8.90625,,Surface,5,Image 1,1,1019,
0.685547,,Surface,5,Image 1,1,1021,
0.0200195,,Surface,5,Image 1,1,1022,
0.52832,,Surface,5,Image 1,1,1024,
20,,Surface,5,Image 1,1,1025,
1.53125,,Surface,5,Image 1,1,1027,
6.52344,,Surface,5,Image 1,1,1029,
1.55078,,Surface,5,Image 1,1,1030,
2.40625,,Surface,5,Image 1,1,1031,
0.832031,,Surface,5,Image 1,1,1032,
0.0532227,,Surface,5,Image 1,1,1034,
0.138672,,Surface,5,Image 1,1,1035,
0.416992,,Surface,5,Image 1,1,1037,
0.0401611,,Surface,5,Image 1,1,1038,
2.625,,Surface,5,Image 1,1,1039,
5.33203,,Surface,5,Image 1,1,1040,
6.53613e-05,,Surface,5,Image 1,1,1042,
1.62695,,Surface,5,Image 1,1,1043,
0.0561523,,Surface,5,Image 1,1,1044,
0.952148,,Surface,5,Image 1,1,1045,
132.375,,Surface,5,Image 1,1,1046,
0.865967,,Surface,5,Image 1,1,1047,
0.4729,,Surface,5,Image 1,1,1048,
2.64453,,Surface,5,Image 1,1,1049,
1.99414,,Surface,5,Image 1,1,1051,
2.77148,,Surface,5,Image 1,1,1052,
2.1543,,Surface,5,Image 1,1,1053,
0.866211,,Surface,5,Image 1,1,1054,
0.734863,,Surface,5,Image 1,1,1055,
1.19336,,Surface,5,Image 1,1,1057,
0.719727,,Surface,5,Image 1,1,1058,
1.43164,,Surface,5,Image 1,1,1059,
24.4375,,Surface,5,Image 1,1,1060,
1.66211,,Surface,5,Image 1,1,1061,
1.0625,,Surface,5,Image 1,1,1062,
6.67572e-05,,Surface,5,Image 1,1,1063,
0.00292969,,Surface,5,Image 1,1,1064,
0.329102,,Surface,5,Image 1,1,1065,
1.45703,,Surface,5,Image 1,1,1066,
8.17188,,Surface,5,Image 1,1,1067,
2.4043,,Surface,5,Image 1,1,1068,
0.986328,,Surface,5,Image 1,1,1069,
9.15527e-05,,Surface,5,Image 1,1,1070,
1.41992,,Surface,5,Image 1,1,1071,
1.50391,,Surface,5,Image 1,1,1072,
2.35352,,Surface,5,Image 1,1,1073,
0.385742,,Surface,5,Image 1,1,1074,
0.428711,,Surface,5,Image 1,1,1075,
0.0177002,,Surface,5,Image 1,1,1076,
0.00942993,,Surface,5,Image 1,1,1077,
2.52734,,Surface,5,Image 1,1,1078,
0.871582,,Surface,5,Image 1,1,1079,
1.40039,,Surface,5,Image 1,1,1080,
3.92383,,Surface,5,Image 1,1,1081,
7.38281,,Surface,5,Image 1,1,1082,
1.19434,,Surface,5,Image 1,1,1084,
3.00586,,Surface,5,Image 1,1,1085,
1.43555,,Surface,5,Image 1,1,1087,
0.463867,,Surface,5,Image 1,1,1088,
2.29688,,Surface,5,Image 1,1,1089,
0.82373,,Surface,5,Image 1,1,1090,
3.21094,,Surface,5,Image 1,1,1091,
0.489258,,Surface,5,Image 1,1,1093,
34.5312,,Surface,5,Image 1,1,1094,
47.6875,,Surface,5,Image 1,1,1095,
1.94922,,Surface,5,Image 1,1,1096,
0.452148,,Surface,5,Image 1,1,1097,
1.60547,,Surface,5,Image 1,1,1099,
1.45898,,Surface,5,Image 1,1,1100,
2.89062,,Surface,5,Image 1,1,1102,
9.54688,,Surface,5,Image 1,1,1103,
2.15527,,Surface,5,Image 1,1,1104,
0.319336,,Surface,5,Image 1,1,1105,
0.92627,,Surface,5,Image 1,1,1106,
6.23438,,Surface,5,Image 1,1,1107,
1.17578,,Surface,5,Image 1,1,1108,
14.5,,Surface,5,Image 1,1,1109,
0.923828,,Surface,5,Image 1,1,1111,
1.89453,,Surface,5,Image 1,1,1112,
0.635254,,Surface,5,Image 1,1,1113,
0.458984,,Surface,5,Image 1,1,1114,
0.689453,,Surface,5,Image 1,1,1116,
0.00344849,,Surface,5,Image 1,1,1117,
3.45312,,Surface,5,Image 1,1,1119,
2.54053,,Surface,5,Image 1,1,1121,
0.504883,,Surface,5,Image 1,1,1122,
1.77637,,Surface,5,Image 1,1,1123,
2.54688,,Surface,5,Image 1,1,1124,
2.74219,,Surface,5,Image 1,1,1125,
5.48047,,Surface,5,Image 1,1,1126,
0.866211,,Surface,5,Image 1,1,1127,
3.85547,,Surface,5,Image 1,1,1128,
1.46582,,Surface,5,Image 1,1,1130,
1.76562,,Surface,5,Image 1,1,1131,
0.425781,,Surface,5,Image 1,1,1134,
1.29102,,Surface,5,Image 1,1,1135,
1.43945,,Surface,5,Image 1,1,1136,
4.16797,,Surface,5,Image 1,1,1138,
8.03125,,Surface,5,Image 1,1,1139,
0.00805664,,Surface,5,Image 1,1,1141,
2.16797,,Surface,5,Image 1,1,1142,
6.53613e-05,,Surface,5,Image 1,1,1143,
0.411133,,Surface,5,Image 1,1,1144,
1.18066,,Surface,5,Image 1,1,1145,
0.623901,,Surface,5,Image 1,1,1147,
0.795898,,Surface,5,Image 1,1,1148,
0.0065918,,Surface,5,Image 1,1,1149,
0.617188,,Surface,5,Image 1,1,1151,
1.96484,,Surface,5,Image 1,1,1152,
0.0017395,,Surface,5,Image 1,1,1153,
4.42383,,Surface,5,Image 1,1,1154,
0.00115967,,Surface,5,Image 1,1,1155,
0.494629,,Surface,5,Image 1,1,1156,
0.773438,,Surface,5,Image 1,1,1157,
4.86719,,Surface,5,Image 1,1,1158,
8.20312,,Surface,5,Image 1,1,1159,
6.53613e-05,,Surface,5,Image 1,1,1160,
62.75,,Surface,5,Image 1,1,1161,
1.25391,,Surface,5,Image 1,1,1162,
1.72266,,Surface,5,Image 1,1,1163,
1.2041,,Surface,5,Image 1,1,1164,
0.000102043,,Surface,5,Image 1,1,1165,
0.000671387,,Surface,5,Image 1,1,1166,
0.0510559,,Surface,5,Image 1,1,1168,
1.51758,,Surface,5,Image 1,1,1170,
0.0217285,,Surface,5,Image 1,1,1171,
0.996094,,Surface,5,Image 1,1,1172,
1.49414,,Surface,5,Image 1,1,1173,
1.31055,,Surface,5,Image 1,1,1174,
1.49414,,Surface,5,Image 1,1,1176,
0.364258,,Surface,5,Image 1,1,1178,
0.000549316,,Surface,5,Image 1,1,1179,
2.99414,,Surface,5,Image 1,1,1180,
2.54102,,Surface,5,Image 1,1,1181,
0.155273,,Surface,5,Image 1,1,1182,
1.36523,,Surface,5,Image 1,1,1183,
1.80078,,Surface,5,Image 1,1,1184,
0.797852,,Surface,5,Image 1,1,1185,
1.06543,,Surface,5,Image 1,1,1186,
2.78906,,Surface,5,Image 1,1,1187,
0.563477,,Surface,5,Image 1,1,1188,
0.142578,,Surface,5,Image 1,1,1189,
2.88086,,Surface,5,Image 1,1,1190,
2.04102,,Surface,5,Image 1,1,1191,
0.782227,,Surface,5,Image 1,1,1192,
2.125,,Surface,5,Image 1,1,1193,
1.20898,,Surface,5,Image 1,1,1194,
0.990234,,Surface,5,Image 1,1,1196,
8.13281,,Surface,5,Image 1,1,1198,
1.24512,,Surface,5,Image 1,1,1199,
0.0783691,,Surface,5,Image 1,1,1200,
1.56836,,Surface,5,Image 1,1,1201,
0.776367,,Surface,5,Image 1,1,1202,
1.59961,,Surface,5,Image 1,1,1203,
26.0938,,Surface,5,Image 1,1,1204,
14.6875,,Surface,5,Image 1,1,1206,
1.46484,,Surface,5,Image 1,1,1207,
4.03906,,Surface,5,Image 1,1,1208,
0.785156,,Surface,5,Image 1,1,1209,
1.4668,,Surface,5,Image 1,1,1210,
0.0837402,,Surface,5,Image 1,1,1212,
1.75391,,Surface,5,Image 1,1,1213,
2.51562,,Surface,5,Image 1,1,1214,
0.00201416,,Surface,5,Image 1,1,1216,
0.000259399,,Surface,5,Image 1,1,1217,
2.37695,,Surface,5,Image 1,1,1218,
1.23438,,Surface,5,Image 1,1,1219,
4.97852,,Surface,5,Image 1,1,1220,
3.53711,,Surface,5,Image 1,1,1221,
2.69141,,Surface,5,Image 1,1,1222,
1.4668,,Surface,5,Image 1,1,1224,
0.430298,,Surface,5,Image 1,1,1225,
3.17969,,Surface,5,Image 1,1,1226,
2.40234,,Surface,5,Image 1,1,1227,
0.998047,,Surface,5,Image 1,1,1228,
1.13086,,Surface,5,Image 1,1,1229,
1.74219,,Surface,5,Image 1,1,1230,
1.15576,,Surface,5,Image 1,1,1231,
3.53125,,Surface,5,Image 1,1,1232,
3.64844,,Surface,5,Image 1,1,1233,
3.37305,,Surface,5,Image 1,1,1234,
1.48047,,Surface,5,Image 1,1,1235,
2.4043,,Surface,5,Image 1,1,1236,
3.64062,,Surface,5,Image 1,1,1237,
0.81543,,Surface,5,Image 1,1,1238,
1.56445,,Surface,5,Image 1,1,1239,
2.24512,,Surface,5,Image 1,1,1241,
4.17969,,Surface,5,Image 1,1,1242,
2.80859,,Surface,5,Image 1,1,1243,
0.799316,,Surface,5,Image 1,1,1244,
6.20312,,Surface,5,Image 1,1,1245,
1.47461,,Surface,5,Image 1,1,1246,
3.35156,,Surface,5,Image 1,1,1247,
1.9375,,Surface,5,Image 1,1,1248,
8.83594,,Surface,5,Image 1,1,1249,
0.716797,,Surface,5,Image 1,1,1251,
4.98438,,Surface,5,Image 1,1,1252,
12.6562,,Surface,5,Image 1,1,1253,
1.85938,,Surface,5,Image 1,1,1254,
0.484375,,Surface,5,Image 1,1,1256,
24.5625,,Surface,5,Image 1,1,1258,
11.5625,,Surface,5,Image 1,1,1259,
1.1709,,Surface,5,Image 1,1,1260,
1.72266,,Surface,5,Image 1,1,1261,
0.0656738,,Surface,5,Image 1,1,1262,
6.53613e-05,,Surface,5,Image 1,1,1263,
1.92188,,Surface,5,Image 1,1,1264,
3.83984,,Surface,5,Image 1,1,1265,
2.50195,,Surface,5,Image 1,1,1267,
2.00977,,Surface,5,Image 1,1,1268,
3.36914,,Surface,5,Image 1,1,1270,
0.948242,,Surface,5,Image 1,1,1271,
1.71826,,Surface,5,Image 1,1,1272,
7.08594,,Surface,5,Image 1,1,1273,
50.375,,Surface,5,Image 1,1,1274,
0.799805,,Surface,5,Image 1,1,1275,
0.0200195,,Surface,5,Image 1,1,1276,
0.679199,,Surface,5,Image 1,1,1277,
0.00448608,,Surface,5,Image 1,1,1278,
6.28906,,Surface,5,Image 1,1,1279,
6.53613e-05,,Surface,5,Image 1,1,1280,
4.70703,,Surface,5,Image 1,1,1281,
0.0224609,,Surface,5,Image 1,1,1284,
6.21875,,Surface,5,Image 1,1,1285,
107.062,,Surface,5,Image 1,1,1286,
1.86719,,Surface,5,Image 1,1,1288,
5.3418,,Surface,5,Image 1,1,1289,
22.7188,,Surface,5,Image 1,1,1292,
2.48438,,Surface,5,Image 1,1,1293,
1.59766,,Surface,5,Image 1,1,1294,
1.51953,,Surface,5,Image 1,1,1295,
2.05664,,Surface,5,Image 1,1,1296,
6.53125,,Surface,5,Image 1,1,1297,
0.856445,,Surface,5,Image 1,1,1298,
0.913086,,Surface,5,Image 1,1,1299,
135.188,,Surface,5,Image 1,1,1300,
1.92773,,Surface,5,Image 1,1,1301,
20.5,,Surface,5,Image 1,1,1303,
1.46094,,Surface,5,Image 1,1,1304,
7.5625,,Surface,5,Image 1,1,1305,
4.64453,,Surface,5,Image 1,1,1306,
0.851074,,Surface,5,Image 1,1,1307,
47.2188,,Surface,5,Image 1,1,1308,
1.14844,,Surface,5,Image 1,1,1309,
1.01855,,Surface,5,Image 1,1,1310,
5.25,,Surface,5,Image 1,1,1311,
1.70508,,Surface,5,Image 1,1,1312,
1.85449,,Surface,5,Image 1,1,1313,
6.76172,,Surface,5,Image 1,1,1314,
4.8125,,Surface,5,Image 1,1,1315,
0.425781,,Surface,5,Image 1,1,1316,
6.93359,,Surface,5,Image 1,1,1317,
8.90625,,Surface,5,Image 1,1,1318,
1.53223,,Surface,5,Image 1,1,1319,
1.6543,,Surface,5,Image 1,1,1320,
1.56836,,Surface,5,Image 1,1,1321,
3.00391,,Surface,5,Image 1,1,1322,
1.08398,,Surface,5,Image 1,1,1327,
6.97656,,Surface,5,Image 1,1,1331,
5.71875,,Surface,5,Image 1,1,1333,
46.6875,,Surface,5,Image 1,1,1334,
0.000244141,,Surface,5,Image 1,1,1337,
2.68359,,Surface,5,Image 1,1,1338,
1.56641,,Surface,5,Image 1,1,1339,
2.48633,,Surface,5,Image 1,1,1340,
1.09473,,Surface,5,Image 1,1,1341,
9.41406,,Surface,5,Image 1,1,1342,
11.4688,,Surface,5,Image 1,1,1343,
6.38281,,Surface,5,Image 1,1,1345,
9.8125,,Surface,5,Image 1,1,1346,
1.9668,,Surface,5,Image 1,1,1348,
6.92969,,Surface,5,Image 1,1,1349,
4.5,,Surface,5,Image 1,1,1350,
3.23438,,Surface,5,Image 1,1,1352,
12.0625,,Surface,5,Image 1,1,1353,
3.10938,,Surface,5,Image 1,1,1354,
6.53613e-05,,Surface,5,Image 1,1,1355,
0.00732422,,Surface,5,Image 1,1,1356,
1.49219,,Surface,5,Image 1,1,1357,
5.92188,,Surface,5,Image 1,1,1358,
9.09375,,Surface,5,Image 1,1,1359,
0.583008,,Surface,5,Image 1,1,1360,
1.71484,,Surface,5,Image 1,1,1363,
5.67578,,Surface,5,Image 1,1,1364,
4.6875,,Surface,5,Image 1,1,1365,
9.15527e-05,,Surface,5,Image 1,1,1366,
8.875,,Surface,5,Image 1,1,1367,
1.83203,,Surface,5,Image 1,1,1368,
4.45312,,Surface,5,Image 1,1,1369,
0.443359,,Surface,5,Image 1,1,1370,
0.443359,,Surface,5,Image 1,1,1372,
21.25,,Surface,5,Image 1,1,1373,
1.25586,,Surface,5,Image 1,1,1374,
4.125,,Surface,5,Image 1,1,1375,
0.869141,,Surface,5,Image 1,1,1376,
0.500488,,Surface,5,Image 1,1,1378,
26.3438,,Surface,5,Image 1,1,1379,
0.14209,,Surface,5,Image 1,1,1380,
0.38623,,Surface,5,Image 1,1,1381,
2.45703,,Surface,5,Image 1,1,1384,
1.37891,,Surface,5,Image 1,1,1387,
2.0957,,Surface,5,Image 1,1,1388,
3.23242,,Surface,5,Image 1,1,1389,
107.188,,Surface,5,Image 1,1,1390,
0.102722,,Surface,5,Image 1,1,1391,
1.33203,,Surface,5,Image 1,1,1393,
0.947266,,Surface,5,Image 1,1,1394,
4.8623,,Surface,5,Image 1,1,1395,
0.000610352,,Surface,5,Image 1,1,1396,
33.125,,Surface,5,Image 1,1,1399,
3.37891,,Surface,5,Image 1,1,1401,
7.01562,,Surface,5,Image 1,1,1402,
2.91211,,Surface,5,Image 1,1,1403,
3.70312,,Surface,5,Image 1,1,1404,
7.27344,,Surface,5,Image 1,1,1405,
10.7969,,Surface,5,Image 1,1,1406,
34.0078,,Surface,5,Image 1,1,1408,
13.1875,,Surface,5,Image 1,1,1409,
1.23633,,Surface,5,Image 1,1,1410,
1.12207,,Surface,5,Image 1,1,1411,
111.125,,Surface,5,Image 1,1,1413,
0.644531,,Surface,5,Image 1,1,1414,
39.375,,Surface,5,Image 1,1,1415,
1.39014,,Surface,5,Image 1,1,1416,
1.00586,,Surface,5,Image 1,1,1417,
1.05664,,Surface,5,Image 1,1,1419,
1.24805,,Surface,5,Image 1,1,1420,
0.755859,,Surface,5,Image 1,1,1422,
10.6562,,Surface,5,Image 1,1,1424,
0.00183105,,Surface,5,Image 1,1,1426,
115.625,,Surface,5,Image 1,1,1427,
1.3418,,Surface,5,Image 1,1,1428,
1.04492,,Surface,5,Image 1,1,1429,
4.90625,,Surface,5,Image 1,1,1430,
41.8125,,Surface,5,Image 1,1,1431,
4.33008,,Surface,5,Image 1,1,1432,
9.29688,,Surface,5,Image 1,1,1433,
2.41797,,Surface,5,Image 1,1,1434,
6.53613e-05,,Surface,5,Image 1,1,1436,
1.57812,,Surface,5,Image 1,1,1437,
1.25293,,Surface,5,Image 1,1,1438,
0.00653076,,Surface,5,Image 1,1,1439,
0.899414,,Surface,5,Image 1,1,1440,
148.375,,Surface,5,Image 1,1,1441,
0.00189209,,Surface,5,Image 1,1,1442,
0.655273,,Surface,5,Image 1,1,1443,
29.6875,,Surface,5,Image 1,1,1444,
16.125,,Surface,5,Image 1,1,1445,
0.470703,,Surface,5,Image 1,1,1446,
41.75,,Surface,5,Image 1,1,1450,
110.625,,Surface,5,Image 1,1,1451,
1.16748,,Surface,5,Image 1,1,1452,
0.788086,,Surface,5,Image 1,1,1453,
53.1875,,Surface,5,Image 1,1,1455,
0.554199,,Surface,5,Image 1,1,1456,
0.635742,,Surface,5,Image 1,1,1457,
6.84375,,Surface,5,Image 1,1,1458,
12.5078,,Surface,5,Image 1,1,1459,
1.16602,,Surface,5,Image 1,1,1461,
17.5312,,Surface,5,Image 1,1,1462,
2.02539,,Surface,5,Image 1,1,1465,
53.75,,Surface,5,Image 1,1,1466,
6.16406,,Surface,5,Image 1,1,1467,
7.46875,,Surface,5,Image 1,1,1469,
2.16602,,Surface,5,Image 1,1,1470,
0.0809326,,Surface,5,Image 1,1,1471,
6.53613e-05,,Surface,5,Image 1,1,1472,
6.53613e-05,,Surface,5,Image 1,1,1473,
26.0625,,Surface,5,Image 1,1,1475,
6.53613e-05,,Surface,5,Image 1,1,1476,
4.62891,,Surface,5,Image 1,1,1477,
0.870117,,Surface,5,Image 1,1,1478,
18.9375,,Surface,5,Image 1,1,1479,
2.76758,,Surface,5,Image 1,1,1480,
2.3125,,Surface,5,Image 1,1,1482,
2.66602,,Surface,5,Image 1,1,1484,
1.51758,,Surface,5,Image 1,1,1485,
4.48828,,Surface,5,Image 1,1,1486,
30.8125,,Surface,5,Image 1,1,1487,
4.70703,,Surface,5,Image 1,1,1488,
21.5,,Surface,5,Image 1,1,1489,
1.11328,,Surface,5,Image 1,1,1490,
58.6562,,Surface,5,Image 1,1,1491,
1.09082,,Surface,5,Image 1,1,1493,
10.3477,,Surface,5,Image 1,1,1494,
0.803223,,Surface,5,Image 1,1,1495,
0.474609,,Surface,5,Image 1,1,1496,
0.952148,,Surface,5,Image 1,1,1497,
60.5625,,Surface,5,Image 1,1,1498,
14.3438,,Surface,5,Image 1,1,1500,
1.16406,,Surface,5,Image 1,1,1501,
2.43359,,Surface,5,Image 1,1,1502,
1.06543,,Surface,5,Image 1,1,1505,
89,,Surface,5,Image 1,1,1507,
66.125,,Surface,5,Image 1,1,1509,
15.125,,Surface,5,Image 1,1,1510,
126.875,,Surface,5,Image 1,1,1512,
1.0166,,Surface,5,Image 1,1,1513,
6.57031,,Surface,5,Image 1,1,1515,
0.928711,,Surface,5,Image 1,1,1517,
4.10156,,Surface,5,Image 1,1,1518,
58.375,,Surface,5,Image 1,1,1519,
0.96875,,Surface,5,Image 1,1,1520,
3.04297,,Surface,5,Image 1,1,1521,
1.2793,,Surface,5,Image 1,1,1522,
2.24219,,Surface,5,Image 1,1,1523,
9.34375,,Surface,5,Image 1,1,1524,
7.80078,,Surface,5,Image 1,1,1525,
4.69531,,Surface,5,Image 1,1,1526,
39.0312,,Surface,5,Image 1,1,1527,
2.88086,,Surface,5,Image 1,1,1529,
19.6875,,Surface,5,Image 1,1,1530,
1.13184,,Surface,5,Image 1,1,1531,
7.4375,,Surface,5,Image 1,1,1532,
0.0373535,,Surface,5,Image 1,1,1533,
193.312,,Surface,5,Image 1,1,1534,
143.125,,Surface,5,Image 1,1,1535,
0.0983887,,Surface,5,Image 1,1,1536,
0.699707,,Surface,5,Image 1,1,1540,
32,,Surface,5,Image 1,1,1541,
2.16016,,Surface,5,Image 1,1,1542,
5.70312,,Surface,5,Image 1,1,1544,
0.435547,,Surface,5,Image 1,1,1545,
0.507812,,Surface,5,Image 1,1,1547,
73.625,,Surface,5,Image 1,1,1548,
1.54883,,Surface,5,Image 1,1,1550,
86.625,,Surface,5,Image 1,1,1551,
9.15527e-05,,Surface,5,Image 1,1,1552,
1.78906,,Surface,5,Image 1,1,1553,
0.817383,,Surface,5,Image 1,1,1554,
8.0625,,Surface,5,Image 1,1,1555,
3.625,,Surface,5,Image 1,1,1556,
1.71094,,Surface,5,Image 1,1,1558,
0.000546932,,Surface,5,Image 1,1,1559,
5.83203,,Surface,5,Image 1,1,1560,
0.892578,,Surface,5,Image 1,1,1561,
9.0625,,Surface,5,Image 1,1,1562,
6.81055,,Surface,5,Image 1,1,1563,
44.0625,,Surface,5,Image 1,1,1564,
0.689941,,Surface,5,Image 1,1,1565,
2.48047,,Surface,5,Image 1,1,1566,
23.8438,,Surface,5,Image 1,1,1567,
1.58594,,Surface,5,Image 1,1,1568,
1.61133,,Surface,5,Image 1,1,1569,
0.00292969,,Surface,5,Image 1,1,1570,
46.4375,,Surface,5,Image 1,1,1571,
2.01953,,Surface,5,Image 1,1,1573,
41.7812,,Surface,5,Image 1,1,1574,
4.875,,Surface,5,Image 1,1,1575,
1.62305,,Surface,5,Image 1,1,1576,
1.00049,,Surface,5,Image 1,1,1577,
2.62891,,Surface,5,Image 1,1,1578,
35.1875,,Surface,5,Image 1,1,1579,
103.188,,Surface,5,Image 1,1,1580,
5.24609,,Surface,5,Image 1,1,1581,
4.27148,,Surface,5,Image 1,1,1582,
27.3906,,Surface,5,Image 1,1,1583,
260.875,,Surface,5,Image 1,1,1584,
1.70117,,Surface,5,Image 1,1,1585,
0.790039,,Surface,5,Image 1,1,1587,
39.375,,Surface,5,Image 1,1,1588,
6.53613e-05,,Surface,5,Image 1,1,1589,
79.5625,,Surface,5,Image 1,1,1590,
0.728516,,Surface,5,Image 1,1,1591,
1.31445,,Surface,5,Image 1,1,1592,
1.2832,,Surface,5,Image 1,1,1593,
213.75,,Surface,5,Image 1,1,1594,
1.08203,,Surface,5,Image 1,1,1595,
13.8125,,Surface,5,Image 1,1,1596,
111.375,,Surface,5,Image 1,1,1598,
193.938,,Surface,5,Image 1,1,1599,
1.84766,,Surface,5,Image 1,1,1600,
6.5332,,Surface,5,Image 1,1,1602,
1.26855,,Surface,5,Image 1,1,1603,
22.4688,,Surface,5,Image 1,1,1604,
14.6875,,Surface,5,Image 1,1,1605,
38.0625,,Surface,5,Image 1,1,1606,
5.54102,,Surface,5,Image 1,1,1607,
11.6875,,Surface,5,Image 1,1,1608,
39.875,,Surface,5,Image 1,1,1609,
18.625,,Surface,5,Image 1,1,1610,
1.38916,,Surface,5,Image 1,1,1611,
0.00305176,,Surface,5,Image 1,1,1613,
0.830078,,Surface,5,Image 1,1,1615,
10.6094,,Surface,5,Image 1,1,1616,
88.5,,Surface,5,Image 1,1,1617,
5.29688,,Surface,5,Image 1,1,1618,
4.10156,,Surface,5,Image 1,1,1619,
5.72656,,Surface,5,Image 1,1,1621,
0.919922,,Surface,5,Image 1,1,1622,
1.23828,,Surface,5,Image 1,1,1623,
0.555664,,Surface,5,Image 1,1,1625,
0.45752,,Surface,5,Image 1,1,1627,
94.5,,Surface,5,Image 1,1,1628,
57.1875,,Surface,5,Image 1,1,1629,
1.01953,,Surface,5,Image 1,1,1630,
3.14062,,Surface,5,Image 1,1,1632,
10.625,,Surface,5,Image 1,1,1633,
29.4844,,Surface,5,Image 1,1,1634,
1,,Surface,5,Image 1,1,1637,
133.375,,Surface,5,Image 1,1,1638,
0.40918,,Surface,5,Image 1,1,1639,
42.625,,Surface,5,Image 1,1,1640,
3.0625,,Surface,5,Image 1,1,1641,
45.625,,Surface,5,Image 1,1,1643,
14.4062,,Surface,5,Image 1,1,1644,
15.0625,,Surface,5,Image 1,1,1645,
0.616699,,Surface,5,Image 1,1,1646,
0.0032959,,Surface,5,Image 1,1,1647,
11.0781,,Surface,5,Image 1,1,1649,
0.78125,,Surface,5,Image 1,1,1650,
2.31055,,Surface,5,Image 1,1,1651,
4.05859,,Surface,5,Image 1,1,1653,
39.1875,,Surface,5,Image 1,1,1654,
2.0625,,Surface,5,Image 1,1,1655,
28,,Surface,5,Image 1,1,1657,
10.25,,Surface,5,Image 1,1,1658,
1.04688,,Surface,5,Image 1,1,1659,
117.5,,Surface,5,Image 1,1,1660,
0.0411987,,Surface,5,Image 1,1,1661,
2.52148,,Surface,5,Image 1,1,1662,
11.7188,,Surface,5,Image 1,1,1663,
0.970703,,Surface,5,Image 1,1,1664,
1.51758,,Surface,5,Image 1,1,1665,
3.98828,,Surface,5,Image 1,1,1666,
6.53613e-05,,Surface,5,Image 1,1,1668,
0.71875,,Surface,5,Image 1,1,1669,
3.10938,,Surface,5,Image 1,1,1670,
194.625,,Surface,5,Image 1,1,1671,
5.11328,,Surface,5,Image 1,1,1672,
3.35156,,Surface,5,Image 1,1,1673,
0.566406,,Surface,5,Image 1,1,1675,
0.762695,,Surface,5,Image 1,1,1677,
1.48047,,Surface,5,Image 1,1,1678,
0.363281,,Surface,5,Image 1,1,1679,
2.24414,,Surface,5,Image 1,1,1680,
257.312,,Surface,5,Image 1,1,1684,
1.05273,,Surface,5,Image 1,1,1686,
25.625,,Surface,5,Image 1,1,1687,
0.0195923,,Surface,5,Image 1,1,1689,
188.125,,Surface,5,Image 1,1,1690,
1.05273,,Surface,5,Image 1,1,1691,
0.0653076,,Surface,5,Image 1,1,1692,
51.125,,Surface,5,Image 1,1,1693,
1.04102,,Surface,5,Image 1,1,1694,
2.05469,,Surface,5,Image 1,1,1695,
0.336914,,Surface,5,Image 1,1,1697,
0.583984,,Surface,5,Image 1,1,1699,
1.46094,,Surface,5,Image 1,1,1701,
75.8125,,Surface,5,Image 1,1,1702,
3.05859,,Surface,5,Image 1,1,1703,
13.4375,,Surface,5,Image 1,1,1705,
7.9375,,Surface,5,Image 1,1,1706,
91.6875,,Surface,5,Image 1,1,1707,
26.9375,,Surface,5,Image 1,1,1709,
32.0625,,Surface,5,Image 1,1,1710,
0.738281,,Surface,5,Image 1,1,1711,
0.0175781,,Surface,5,Image 1,1,1712,
98.875,,Surface,5,Image 1,1,1713,
25.4062,,Surface,5,Image 1,1,1714,
4.09766,,Surface,5,Image 1,1,1715,
38.9062,,Surface,5,Image 1,1,1716,
101,,Surface,5,Image 1,1,1718,
236.812,,Surface,5,Image 1,1,1719,
89.375,,Surface,5,Image 1,1,1720,
2.34375,,Surface,5,Image 1,1,1721,
1.30371,,Surface,5,Image 1,1,1722,
48.3125,,Surface,5,Image 1,1,1723,
1.23633,,Surface,5,Image 1,1,1724,
0.0441589,,Surface,5,Image 1,1,1725,
184.125,,Surface,5,Image 1,1,1726,
53.2812,,Surface,5,Image 1,1,1728,
87.75,,Surface,5,Image 1,1,1729,
4.15625,,Surface,5,Image 1,1,1730,
9.8125,,Surface,5,Image 1,1,1731,
12.0469,,Surface,5,Image 1,1,1732,
85.875,,Surface,5,Image 1,1,1733,
0.864258,,Surface,5,Image 1,1,1734,
56.375,,Surface,5,Image 1,1,1736,
6.39062,,Surface,5,Image 1,1,1737,
8.09375,,Surface,5,Image 1,1,1739,
13.1875,,Surface,5,Image 1,1,1740,
132.25,,Surface,5,Image 1,1,1741,
3.30469,,Surface,5,Image 1,1,1742,
46.25,,Surface,5,Image 1,1,1743,
10.3516,,Surface,5,Image 1,1,1744,
1.93164,,Surface,5,Image 1,1,1745,
1.49707,,Surface,5,Image 1,1,1747,
5.44922,,Surface,5,Image 1,1,1748,
3.21289,,Surface,5,Image 1,1,1749,
16.6562,,Surface,5,Image 1,1,1750,
6.625,,Surface,5,Image 1,1,1751,
0.646484,,Surface,5,Image 1,1,1752,
0.685547,,Surface,5,Image 1,1,1753,
4.6875,,Surface,5,Image 1,1,1755,
0.617188,,Surface,5,Image 1,1,1756,
0.668457,,Surface,5,Image 1,1,1757,
1.2793,,Surface,5,Image 1,1,1758,
2.82422,,Surface,5,Image 1,1,1760,
17.4688,,Surface,5,Image 1,1,1762,
246.625,,Surface,5,Image 1,1,1763,
5.55469,,Surface,5,Image 1,1,1765,
4.60547,,Surface,5,Image 1,1,1766,
1.04492,,Surface,5,Image 1,1,1767,
2.23828,,Surface,5,Image 1,1,1768,
55.8125,,Surface,5,Image 1,1,1769,
1.18359,,Surface,5,Image 1,1,1770,
0.84082,,Surface,5,Image 1,1,1771,
2.50977,,Surface,5,Image 1,1,1772,
1.61816,,Surface,5,Image 1,1,1773,
48.875,,Surface,5,Image 1,1,1774,
6.875,,Surface,5,Image 1,1,1776,
0.634766,,Surface,5,Image 1,1,1777,
102.875,,Surface,5,Image 1,1,1778,
1.3457,,Surface,5,Image 1,1,1779,
92.8125,,Surface,5,Image 1,1,1780,
79.5625,,Surface,5,Image 1,1,1781,
1.82227,,Surface,5,Image 1,1,1782,
11.9062,,Surface,5,Image 1,1,1784,
1.28711,,Surface,5,Image 1,1,1786,
8.6875,,Surface,5,Image 1,1,1788,
46.6875,,Surface,5,Image 1,1,1790,
14.625,,Surface,5,Image 1,1,1794,
4.91016,,Surface,5,Image 1,1,1795,
7.07812,,Surface,5,Image 1,1,1796,
6.1875,,Surface,5,Image 1,1,1798,
26.125,,Surface,5,Image 1,1,1800,
1.8125,,Surface,5,Image 1,1,1802,
6.14258,,Surface,5,Image 1,1,1804,
201,,Surface,5,Image 1,1,1805,
5.6875,,Surface,5,Image 1,1,1807,
4.20312,,Surface,5,Image 1,1,1808,
7.21094,,Surface,5,Image 1,1,1809,
0.984375,,Surface,5,Image 1,1,1810,
3.62891,,Surface,5,Image 1,1,1812,
11.0078,,Surface,5,Image 1,1,1813,
24.9375,,Surface,5,Image 1,1,1814,
9.21094,,Surface,5,Image 1,1,1815,
144.375,,Surface,5,Image 1,1,1816,
15.5,,Surface,5,Image 1,1,1817,
1.03516,,Surface,5,Image 1,1,1818,
199.625,,Surface,5,Image 1,1,1819,
222.812,,Surface,5,Image 1,1,1821,
131.5,,Surface,5,Image 1,1,1825,
22.3125,,Surface,5,Image 1,1,1826,
38.625,,Surface,5,Image 1,1,1827,
15.6875,,Surface,5,Image 1,1,1828,
2.83984,,Surface,5,Image 1,1,1829,
26.4688,,Surface,5,Image 1,1,1830,
122.375,,Surface,5,Image 1,1,1831,
8.17188,,Surface,5,Image 1,1,1832,
0.586914,,Surface,5,Image 1,1,1833,
5.51172,,Surface,5,Image 1,1,1834,
3.37891,,Surface,5,Image 1,1,1836,
2.27734,,Surface,5,Image 1,1,1837,
11.875,,Surface,5,Image 1,1,1839,
0.401367,,Surface,5,Image 1,1,1840,
29.125,,Surface,5,Image 1,1,1841,
77.5625,,Surface,5,Image 1,1,1843,
7.15625,,Surface,5,Image 1,1,1845,
36.6875,,Surface,5,Image 1,1,1846,
7.19531,,Surface,5,Image 1,1,1847,
96.875,,Surface,5,Image 1,1,1848,
60.4375,,Surface,5,Image 1,1,1849,
2.60742,,Surface,5,Image 1,1,1850,
21.5781,,Surface,5,Image 1,1,1851,
75.9375,,Surface,5,Image 1,1,1852,
133.438,,Surface,5,Image 1,1,1854,
68.6875,,Surface,5,Image 1,1,1855,
8.125,,Surface,5,Image 1,1,1856,
6.40625,,Surface,5,Image 1,1,1857,
4.97656,,Surface,5,Image 1,1,1859,
3.41992,,Surface,5,Image 1,1,1860,
5.84766,,Surface,5,Image 1,1,1863,
22.0625,,Surface,5,Image 1,1,1864,
67.125,,Surface,5,Image 1,1,1865,
4.80859,,Surface,5,Image 1,1,1866,
45.625,,Surface,5,Image 1,1,1867,
0.00286865,,Surface,5,Image 1,1,1868,
3.37891,,Surface,5,Image 1,1,1869,
102,,Surface,5,Image 1,1,1870,
9.5,,Surface,5,Image 1,1,1871,
24.8125,,Surface,5,Image 1,1,1873,
5.19141,,Surface,5,Image 1,1,1874,
3.28906,,Surface,5,Image 1,1,1875,
20.6875,,Surface,5,Image 1,1,1878,
0.435059,,Surface,5,Image 1,1,1879,
15.3125,,Surface,5,Image 1,1,1880,
2.9668,,Surface,5,Image 1,1,1881,
0.702148,,Surface,5,Image 1,1,1882,
0.598633,,Surface,5,Image 1,1,1883,
6.53613e-05,,Surface,5,Image 1,1,1885,
12.125,,Surface,5,Image 1,1,1886,
3.93945,,Surface,5,Image 1,1,1887,
70.25,,Surface,5,Image 1,1,1888,
1.5791,,Surface,5,Image 1,1,1889,
1.25195,,Surface,5,Image 1,1,1891,
1.58203,,Surface,5,Image 1,1,1892,
6.11328,,Surface,5,Image 1,1,1895,
1.82031,,Surface,5,Image 1,1,1896,
2.35938,,Surface,5,Image 1,1,1897,
20.25,,Surface,5,Image 1,1,1899,
2.06152,,Surface,5,Image 1,1,1900,
52.9688,,Surface,5,Image 1,1,1901,
7.98438,,Surface,5,Image 1,1,1904,
2.22461,,Surface,5,Image 1,1,1905,
1.32422,,Surface,5,Image 1,1,1907,
4.34766,,Surface,5,Image 1,1,1909,
10.5312,,Surface,5,Image 1,1,1910,
1.30664,,Surface,5,Image 1,1,1911,
74.875,,Surface,5,Image 1,1,1912,
11.1484,,Surface,5,Image 1,1,1913,
6.32812,,Surface,5,Image 1,1,1914,
20.8594,,Surface,5,Image 1,1,1915,
23.125,,Surface,5,Image 1,1,1916,
15.1875,,Surface,5,Image 1,1,1917,
5.82812,,Surface,5,Image 1,1,1919,
4.16797,,Surface,5,Image 1,1,1920,
38.875,,Surface,5,Image 1,1,1921,
6,,Surface,5,Image 1,1,1922,
0.642578,,Surface,5,Image 1,1,1924,
1.77148,,Surface,5,Image 1,1,1925,
12.7734,,Surface,5,Image 1,1,1926,
164.125,,Surface,5,Image 1,1,1927,
6.53613e-05,,Surface,5,Image 1,1,1929,
174.625,,Surface,5,Image 1,1,1931,
1.9043,,Surface,5,Image 1,1,1933,
1.39258,,Surface,5,Image 1,1,1934,
135.656,,Surface,5,Image 1,1,1936,
3.20508,,Surface,5,Image 1,1,1937,
65.625,,Surface,5,Image 1,1,1938,
206.188,,Surface,5,Image 1,1,1939,
0.498535,,Surface,5,Image 1,1,1940,
75.375,,Surface,5,Image 1,1,1941,
3.59766,,Surface,5,Image 1,1,1943,
2.19336,,Surface,5,Image 1,1,1944,
0.47168,,Surface,5,Image 1,1,1945,
19.2656,,Surface,5,Image 1,1,1946,
27.8125,,Surface,5,Image 1,1,1948,
41.875,,Surface,5,Image 1,1,1949,
1.23047,,Surface,5,Image 1,1,1950,
1.46094,,Surface,5,Image 1,1,1951,
58.3438,,Surface,5,Image 1,1,1952,
83.7188,,Surface,5,Image 1,1,1953,
1.9502,,Surface,5,Image 1,1,1954,
31.1875,,Surface,5,Image 1,1,1955,
46.625,,Surface,5,Image 1,1,1956,
4.13281,,Surface,5,Image 1,1,1958,
94,,Surface,5,Image 1,1,1959,
2.58984,,Surface,5,Image 1,1,1960,
4.15625,,Surface,5,Image 1,1,1962,
0.624023,,Surface,5,Image 1,1,1963,
6.9375,,Surface,5,Image 1,1,1964,
4.41016,,Surface,5,Image 1,1,1965,
20.9375,,Surface,5,Image 1,1,1966,
1.14746,,Surface,5,Image 1,1,1967,
6.39844,,Surface,5,Image 1,1,1969,
14.1875,,Surface,5,Image 1,1,1970,
0.966797,,Surface,5,Image 1,1,1971,
23.7969,,Surface,5,Image 1,1,1973,
6.53613e-05,,Surface,5,Image 1,1,1974,
5.09766,,Surface,5,Image 1,1,1975,
2.48047,,Surface,5,Image 1,1,1976,
0.992188,,Surface,5,Image 1,1,1977,
7.375,,Surface,5,Image 1,1,1978,
3.17188,,Surface,5,Image 1,1,1981,
2.71094,,Surface,5,Image 1,1,1982,
33.3125,,Surface,5,Image 1,1,1984,
1.68457,,Surface,5,Image 1,1,1985,
1.24121,,Surface,5,Image 1,1,1986,
2.16602,,Surface,5,Image 1,1,1987,
3.58203,,Surface,5,Image 1,1,1988,
5.05664,,Surface,5,Image 1,1,1989,
85.6875,,Surface,5,Image 1,1,1991,
1.22266,,Surface,5,Image 1,1,1992,
1.86328,,Surface,5,Image 1,1,1993,
24.6406,,Surface,5,Image 1,1,1996,
10.4883,,Surface,5,Image 1,1,1997,
1,,Surface,5,Image 1,1,1999,
40.2188,,Surface,5,Image 1,1,2000,
0.0078125,,Surface,5,Image 1,1,2001,
1.83789,,Surface,5,Image 1,1,2002,
0.0262146,,Surface,5,Image 1,1,2003,
2.51172,,Surface,5,Image 1,1,2005,
12.3281,,Surface,5,Image 1,1,2006,
5.03906,,Surface,5,Image 1,1,2007,
0.112549,,Surface,5,Image 1,1,2008,
0.00017786,,Surface,5,Image 1,1,2012,
16.6406,,Surface,5,Image 1,1,2013,
0.0388184,,Surface,5,Image 1,1,2014,
1.99219,,Surface,5,Image 1,1,2016,
41,,Surface,5,Image 1,1,2017,
1.5459,,Surface,5,Image 1,1,2018,
0.856445,,Surface,5,Image 1,1,2019,
41.875,,Surface,5,Image 1,1,2022,
16.1875,,Surface,5,Image 1,1,2023,
0.884766,,Surface,5,Image 1,1,2024,
1.24609,,Surface,5,Image 1,1,2025,
1.17188,,Surface,5,Image 1,1,2026,
5.41797,,Surface,5,Image 1,1,2027,
0.241211,,Surface,5,Image 1,1,2029,
1.28809,,Surface,5,Image 1,1,2030,
32.3125,,Surface,5,Image 1,1,2032,
0.411133,,Surface,5,Image 1,1,2033,
8.05859,,Surface,5,Image 1,1,2034,
4.86914,,Surface,5,Image 1,1,2036,
12.5781,,Surface,5,Image 1,1,2037,
0.524902,,Surface,5,Image 1,1,2038,
20.8125,,Surface,5,Image 1,1,2039,
2.11816,,Surface,5,Image 1,1,2040,
1.4707,,Surface,5,Image 1,1,2041,
5.85938,,Surface,5,Image 1,1,2043,
62.5625,,Surface,5,Image 1,1,2044,
1.81836,,Surface,5,Image 1,1,2045,
5.78125,,Surface,5,Image 1,1,2046,
3.10742,,Surface,5,Image 1,1,2048,
12.4375,,Surface,5,Image 1,1,2049,
1.43164,,Surface,5,Image 1,1,2050,
20.2188,,Surface,5,Image 1,1,2051,
0.867188,,Surface,5,Image 1,1,2052,
139.125,,Surface,5,Image 1,1,2053,
2.94531,,Surface,5,Image 1,1,2054,
10.0312,,Surface,5,Image 1,1,2055,
11.4375,,Surface,5,Image 1,1,2057,
2.3125,,Surface,5,Image 1,1,2058,
39.3125,,Surface,5,Image 1,1,2059,
0.862305,,Surface,5,Image 1,1,2063,
5.87891,,Surface,5,Image 1,1,2064,
93.875,,Surface,5,Image 1,1,2065,
32.8125,,Surface,5,Image 1,1,2066,
16.875,,Surface,5,Image 1,1,2067,
0.833008,,Surface,5,Image 1,1,2069,
0.604492,,Surface,5,Image 1,1,2070,
0.350586,,Surface,5,Image 1,1,2071,
3.54688,,Surface,5,Image 1,1,2072,
5.27344,,Surface,5,Image 1,1,2073,
4.80859,,Surface,5,Image 1,1,2074,
2.79688,,Surface,5,Image 1,1,2075,
4.30078,,Surface,5,Image 1,1,2076,
14.8125,,Surface,5,Image 1,1,2077,
1.58594,,Surface,5,Image 1,1,2080,
0.00390625,,Surface,5,Image 1,1,2081,
7.46875,,Surface,5,Image 1,1,2082,
1.55469,,Surface,5,Image 1,1,2083,
14.7031,,Surface,5,Image 1,1,2084,
6.53621e-05,,Surface,5,Image 1,1,2085,
4.46484,,Surface,5,Image 1,1,2086,
5.92188,,Surface,5,Image 1,1,2087,
1.57617,,Surface,5,Image 1,1,2088,
19.9375,,Surface,5,Image 1,1,2089,
7.78125,,Surface,5,Image 1,1,2090,
0.458008,,Surface,5,Image 1,1,2091,
19.125,,Surface,5,Image 1,1,2092,
12.0312,,Surface,5,Image 1,1,2093,
2.38086,,Surface,5,Image 1,1,2094,
8.13672,,Surface,5,Image 1,1,2095,
1.71484,,Surface,5,Image 1,1,2098,
29.0625,,Surface,5,Image 1,1,2099,
9.60547,,Surface,5,Image 1,1,2100,
35.625,,Surface,5,Image 1,1,2101,
5.94922,,Surface,5,Image 1,1,2102,
66.75,,Surface,5,Image 1,1,2103,
0.00561523,,Surface,5,Image 1,1,2104,
1.39648,,Surface,5,Image 1,1,2105,
50.6875,,Surface,5,Image 1,1,2107,
1.26465,,Surface,5,Image 1,1,2108,
0.873047,,Surface,5,Image 1,1,2109,
1.69141,,Surface,5,Image 1,1,2110,
5.42188,,Surface,5,Image 1,1,2111,
8.38281,,Surface,5,Image 1,1,2112,
1.22168,,Surface,5,Image 1,1,2113,
61.625,,Surface,5,Image 1,1,2114,
6.08203,,Surface,5,Image 1,1,2115,
5.76562,,Surface,5,Image 1,1,2117,
2.86133,,Surface,5,Image 1,1,2118,
1.29883,,Surface,5,Image 1,1,2119,
0.514648,,Surface,5,Image 1,1,2120,
4.96484,,Surface,5,Image 1,1,2122,
51.25,,Surface,5,Image 1,1,2123,
0.190918,,Surface,5,Image 1,1,2125,
111.875,,Surface,5,Image 1,1,2126,
1.54688,,Surface,5,Image 1,1,2128,
196.25,,Surface,5,Image 1,1,2129,
7.07812,,Surface,5,Image 1,1,2130,
1.52734,,Surface,5,Image 1,1,2131,
7.51562,,Surface,5,Image 1,1,2132,
2.76953,,Surface,5,Image 1,1,2133,
4.15234,,Surface,5,Image 1,1,2134,
9.75,,Surface,5,Image 1,1,2135,
0.666992,,Surface,5,Image 1,1,2136,
0.0430908,,Surface,5,Image 1,1,2138,
9.67188,,Surface,5,Image 1,1,2139,
22.0938,,Surface,5,Image 1,1,2140,
1.51367,,Surface,5,Image 1,1,2141,
2.375,,Surface,5,Image 1,1,2142,
9.15527e-05,,Surface,5,Image 1,1,2143,
29.875,,Surface,5,Image 1,1,2144,
4.83789,,Surface,5,Image 1,1,2145,
0.585938,,Surface,5,Image 1,1,2146,
3.32812,,Surface,5,Image 1,1,2148,
18.9375,,Surface,5,Image 1,1,2149,
4.87891,,Surface,5,Image 1,1,2150,
29.5312,,Surface,5,Image 1,1,2151,
5.65625,,Surface,5,Image 1,1,2152,
9.94531,,Surface,5,Image 1,1,2153,
20.875,,Surface,5,Image 1,1,2154,
1.07227,,Surface,5,Image 1,1,2155,
1.00781,,Surface,5,Image 1,1,2157,
0.23877,,Surface,5,Image 1,1,2158,
0.00354004,,Surface,5,Image 1,1,2159,
0.0654297,,Surface,5,Image 1,1,2161,
2.83203,,Surface,5,Image 1,1,2162,
8.11719,,Surface,5,Image 1,1,2163,
6.39062,,Surface,5,Image 1,1,2165,
31.9375,,Surface,5,Image 1,1,2166,
43.4375,,Surface,5,Image 1,1,2167,
95.3125,,Surface,5,Image 1,1,2169,
1.21582,,Surface,5,Image 1,1,2170,
3.84961,,Surface,5,Image 1,1,2171,
24.6875,,Surface,5,Image 1,1,2172,
10.125,,Surface,5,Image 1,1,2173,
6.45703,,Surface,5,Image 1,1,2174,
5.19531,,Surface,5,Image 1,1,2175,
127.625,,Surface,5,Image 1,1,2176,
0.943359,,Surface,5,Image 1,1,2178,
19.5625,,Surface,5,Image 1,1,2179,
1.65625,,Surface,5,Image 1,1,2180,
109.875,,Surface,5,Image 1,1,2182,
6.40625,,Surface,5,Image 1,1,2183,
17.375,,Surface,5,Image 1,1,2184,
2.83203,,Surface,5,Image 1,1,2185,
18.8594,,Surface,5,Image 1,1,2186,
46.3125,,Surface,5,Image 1,1,2187,
5.57031,,Surface,5,Image 1,1,2188,
1.23633,,Surface,5,Image 1,1,2189,
5.36328,,Surface,5,Image 1,1,2190,
6.48828,,Surface,5,Image 1,1,2191,
3.95703,,Surface,5,Image 1,1,2193,
29.7812,,Surface,5,Image 1,1,2196,
35.2188,,Surface,5,Image 1,1,2197,
0.498291,,Surface,5,Image 1,1,2198,
1.67969,,Surface,5,Image 1,1,2199,
3.82812,,Surface,5,Image 1,1,2200,
108.312,,Surface,5,Image 1,1,2202,
1.30469,,Surface,5,Image 1,1,2204,
0.0507812,,Surface,5,Image 1,1,2205,
1.57031,,Surface,5,Image 1,1,2206,
13.0625,,Surface,5,Image 1,1,2207,
29.5625,,Surface,5,Image 1,1,2208,
20.3594,,Surface,5,Image 1,1,2209,
5.84961,,Surface,5,Image 1,1,2212,
1.59961,,Surface,5,Image 1,1,2213,
4.95117,,Surface,5,Image 1,1,2214,
13.6406,,Surface,5,Image 1,1,2216,
48.1875,,Surface,5,Image 1,1,2217,
15.8125,,Surface,5,Image 1,1,2219,
1.02539,,Surface,5,Image 1,1,2221,
5.16797,,Surface,5,Image 1,1,2222,
8.59375,,Surface,5,Image 1,1,2224,
0.0263672,,Surface,5,Image 1,1,2225,
24.1875,,Surface,5,Image 1,1,2226,
4.29688,,Surface,5,Image 1,1,2227,
4.45898,,Surface,5,Image 1,1,2228,
0.882812,,Surface,5,Image 1,1,2229,
1.07227,,Surface,5,Image 1,1,2230,
5.04688,,Surface,5,Image 1,1,2233,
109.688,,Surface,5,Image 1,1,2235,
4.50391,,Surface,5,Image 1,1,2236,
1.43066,,Surface,5,Image 1,1,2237,
4,,Surface,5,Image 1,1,2238,
79.375,,Surface,5,Image 1,1,2239,
1.82812,,Surface,5,Image 1,1,2240,
102.438,,Surface,5,Image 1,1,2241,
1.50195,,Surface,5,Image 1,1,2242,
31.875,,Surface,5,Image 1,1,2244,
4.11328,,Surface,5,Image 1,1,2247,
0.0942383,,Surface,5,Image 1,1,2248,
4.16016,,Surface,5,Image 1,1,2249,
0.825195,,Surface,5,Image 1,1,2251,
9.15527e-05,,Surface,5,Image 1,1,2253,
6.53613e-05,,Surface,5,Image 1,1,2254,
0.296143,,Surface,5,Image 1,1,2255,
88.375,,Surface,5,Image 1,1,2256,
7.75781,,Surface,5,Image 1,1,2257,
6.72656,,Surface,5,Image 1,1,2258,
41.1875,,Surface,5,Image 1,1,2259,
5.52148,,Surface,5,Image 1,1,2260,
54.9375,,Surface,5,Image 1,1,2261,
0.00140381,,Surface,5,Image 1,1,2262,
1.91406,,Surface,5,Image 1,1,2263,
0.123291,,Surface,5,Image 1,1,2264,
12.0781,,Surface,5,Image 1,1,2265,
4.32812,,Surface,5,Image 1,1,2266,
11.5938,,Surface,5,Image 1,1,2267,
1.25195,,Surface,5,Image 1,1,2268,
13.5,,Surface,5,Image 1,1,2269,
2.43164,,Surface,5,Image 1,1,2270,
1.50391,,Surface,5,Image 1,1,2271,
4.63672,,Surface,5,Image 1,1,2272,
2.28906,,Surface,5,Image 1,1,2273,
1.20703,,Surface,5,Image 1,1,2274,
4.28516,,Surface,5,Image 1,1,2275,
9.26562,,Surface,5,Image 1,1,2278,
4.11328,,Surface,5,Image 1,1,2279,
144.188,,Surface,5,Image 1,1,2280,
0.811523,,Surface,5,Image 1,1,2281,
5.28906,,Surface,5,Image 1,1,2282,
4.47656,,Surface,5,Image 1,1,2283,
0.0568848,,Surface,5,Image 1,1,2284,
13.3359,,Surface,5,Image 1,1,2285,
1.05859,,Surface,5,Image 1,1,2286,
5.21484,,Surface,5,Image 1,1,2289,
2.58398,,Surface,5,Image 1,1,2290,
12.9062,,Surface,5,Image 1,1,2292,
5.66406,,Surface,5,Image 1,1,2293,
0.600098,,Surface,5,Image 1,1,2294,
4.67773,,Surface,5,Image 1,1,2295,
22.5625,,Surface,5,Image 1,1,2296,
33.625,,Surface,5,Image 1,1,2297,
47.1875,,Surface,5,Image 1,1,2298,
0.00326538,,Surface,5,Image 1,1,2299,
2.45508,,Surface,5,Image 1,1,2300,
0.0375977,,Surface,5,Image 1,1,2301,
20.9688,,Surface,5,Image 1,1,2302,
3.41406,,Surface,5,Image 1,1,2303,
4.69141,,Surface,5,Image 1,1,2304,
7.28125,,Surface,5,Image 1,1,2305,
72.8125,,Surface,5,Image 1,1,2306,
3.85547,,Surface,5,Image 1,1,2307,
9.3125,,Surface,5,Image 1,1,2308,
1.11426,,Surface,5,Image 1,1,2309,
43.875,,Surface,5,Image 1,1,2312,
33.3438,,Surface,5,Image 1,1,2313,
15.9062,,Surface,5,Image 1,1,2314,
2.98438,,Surface,5,Image 1,1,2315,
7.71875,,Surface,5,Image 1,1,2316,
0.0540771,,Surface,5,Image 1,1,2317,
4.48438,,Surface,5,Image 1,1,2318,
8.57031,,Surface,5,Image 1,1,2319,
29.4375,,Surface,5,Image 1,1,2320,
11.4102,,Surface,5,Image 1,1,2321,
12.5625,,Surface,5,Image 1,1,2324,
108.25,,Surface,5,Image 1,1,2325,
16.8125,,Surface,5,Image 1,1,2326,
11.3828,,Surface,5,Image 1,1,2327,
7.8125,,Surface,5,Image 1,1,2328,
3.65234,,Surface,5,Image 1,1,2329,
6.00781,,Surface,5,Image 1,1,2330,
28.5312,,Surface,5,Image 1,1,2331,
1.14648,,Surface,5,Image 1,1,2332,
4.35938,,Surface,5,Image 1,1,2333,
1.89062,,Surface,5,Image 1,1,2334,
9.21875,,Surface,5,Image 1,1,2335,
2.96875,,Surface,5,Image 1,1,2336,
10.2422,,Surface,5,Image 1,1,2337,
3.95703,,Surface,5,Image 1,1,2338,
123.688,,Surface,5,Image 1,1,2339,
0.00744629,,Surface,5,Image 1,1,2340,
0.126953,,Surface,5,Image 1,1,2341,
7.09375,,Surface,5,Image 1,1,2342,
0.594238,,Surface,5,Image 1,1,2344,
1.63281,,Surface,5,Image 1,1,2345,
54.5625,,Surface,5,Image 1,1,2346,
12.75,,Surface,5,Image 1,1,2347,
0.000419617,,Surface,5,Image 1,1,2350,
9.01562,,Surface,5,Image 1,1,2351,
2.05859,,Surface,5,Image 1,1,2352,
0.980469,,Surface,5,Image 1,1,2353,
1.51758,,Surface,5,Image 1,1,2354,
30.8125,,Surface,5,Image 1,1,2355,
10.2344,,Surface,5,Image 1,1,2356,
26.3125,,Surface,5,Image 1,1,2357,
9.69922,,Surface,5,Image 1,1,2358,
8.64844,,Surface,5,Image 1,1,2359,
1.98438,,Surface,5,Image 1,1,2361,
6.67572e-05,,Surface,5,Image 1,1,2364,
5.17188,,Surface,5,Image 1,1,2365,
0.0205078,,Surface,5,Image 1,1,2366,
4.64844,,Surface,5,Image 1,1,2367,
7.32812,,Surface,5,Image 1,1,2368,
1.52734,,Surface,5,Image 1,1,2369,
1.02246,,Surface,5,Image 1,1,2370,
107.438,,Surface,5,Image 1,1,2371,
10.7188,,Surface,5,Image 1,1,2372,
18.4375,,Surface,5,Image 1,1,2373,
18.5312,,Surface,5,Image 1,1,2374,
6.65625,,Surface,5,Image 1,1,2375,
93.2656,,Surface,5,Image 1,1,2376,
0.998047,,Surface,5,Image 1,1,2377,
1.40332,,Surface,5,Image 1,1,2378,
0.0356445,,Surface,5,Image 1,1,2379,
15.25,,Surface,5,Image 1,1,2380,
1.27148,,Surface,5,Image 1,1,2381,
46.0625,,Surface,5,Image 1,1,2383,
27.0469,,Surface,5,Image 1,1,2384,
10.125,,Surface,5,Image 1,1,2385,
49.4375,,Surface,5,Image 1,1,2386,
1.4707,,Surface,5,Image 1,1,2387,
8.34465e-05,,Surface,5,Image 1,1,2388,
3.14062,,Surface,5,Image 1,1,2390,
6.53863e-05,,Surface,5,Image 1,1,2391,
0.918945,,Surface,5,Image 1,1,2392,
14,,Surface,5,Image 1,1,2394,
1.33398,,Surface,5,Image 1,1,2396,
25.25,,Surface,5,Image 1,1,2397,
25.875,,Surface,5,Image 1,1,2398,
100,,Surface,5,Image 1,1,2399,
24.0625,,Surface,5,Image 1,1,2400,
1.69922,,Surface,5,Image 1,1,2401,
3.1084,,Surface,5,Image 1,1,2402,
0.772461,,Surface,5,Image 1,1,2404,
9.5625,,Surface,5,Image 1,1,2405,
5.38281,,Surface,5,Image 1,1,2406,
2.27539,,Surface,5,Image 1,1,2407,
1.83105,,Surface,5,Image 1,1,2408,
1.68359,,Surface,5,Image 1,1,2409,
47.5312,,Surface,5,Image 1,1,2410,
0.922852,,Surface,5,Image 1,1,2411,
1.70117,,Surface,5,Image 1,1,2412,
1.34766,,Surface,5,Image 1,1,2413,
22.9375,,Surface,5,Image 1,1,2414,
6.91602,,Surface,5,Image 1,1,2415,
5.17188,,Surface,5,Image 1,1,2417,
11.1055,,Surface,5,Image 1,1,2418,
4.28125,,Surface,5,Image 1,1,2419,
25.0312,,Surface,5,Image 1,1,2420,
35.4375,,Surface,5,Image 1,1,2421,
7.03516,,Surface,5,Image 1,1,2422,
1.36719,,Surface,5,Image 1,1,2423,
4.79297,,Surface,5,Image 1,1,2424,
19.8125,,Surface,5,Image 1,1,2425,
5.07031,,Surface,5,Image 1,1,2426,
36.0938,,Surface,5,Image 1,1,2427,
4.24219,,Surface,5,Image 1,1,2428,
13.6875,,Surface,5,Image 1,1,2429,
46.0625,,Surface,5,Image 1,1,2430,
1.78711,,Surface,5,Image 1,1,2432,
2.57422,,Surface,5,Image 1,1,2433,
13.875,,Surface,5,Image 1,1,2438,
16.3438,,Surface,5,Image 1,1,2439,
1.375,,Surface,5,Image 1,1,2441,
15.4062,,Surface,5,Image 1,1,2442,
23.875,,Surface,5,Image 1,1,2444,
5.51562,,Surface,5,Image 1,1,2445,
1.68164,,Surface,5,Image 1,1,2446,
0.0235596,,Surface,5,Image 1,1,2447,
28.5,,Surface,5,Image 1,1,2448,
3.875,,Surface,5,Image 1,1,2449,
9.71875,,Surface,5,Image 1,1,2450,
21.125,,Surface,5,Image 1,1,2451,
6.71875,,Surface,5,Image 1,1,2452,
91.75,,Surface,5,Image 1,1,2454,
19.3945,,Surface,5,Image 1,1,2455,
0.490234,,Surface,5,Image 1,1,2456,
13.0312,,Surface,5,Image 1,1,2457,
1.06787,,Surface,5,Image 1,1,2458,
87.75,,Surface,5,Image 1,1,2459,
14.5625,,Surface,5,Image 1,1,2460,
3.21875,,Surface,5,Image 1,1,2462,
6.27344,,Surface,5,Image 1,1,2463,
25.3125,,Surface,5,Image 1,1,2464,
92.125,,Surface,5,Image 1,1,2465,
45.625,,Surface,5,Image 1,1,2466,
7.36719,,Surface,5,Image 1,1,2469,
7.19531,,Surface,5,Image 1,1,2470,
8.60156,,Surface,5,Image 1,1,2473,
2.35352,,Surface,5,Image 1,1,2474,
3.10547,,Surface,5,Image 1,1,2475,
65.75,,Surface,5,Image 1,1,2476,
57.0625,,Surface,5,Image 1,1,2477,
36.625,,Surface,5,Image 1,1,2478,
0.982422,,Surface,5,Image 1,1,2479,
9.14062,,Surface,5,Image 1,1,2480,
29.3125,,Surface,5,Image 1,1,2482,
0.00793457,,Surface,5,Image 1,1,2483,
0.808594,,Surface,5,Image 1,1,2484,
5.96875,,Surface,5,Image 1,1,2485,
5.45703,,Surface,5,Image 1,1,2486,
1.73828,,Surface,5,Image 1,1,2487,
7.15625,,Surface,5,Image 1,1,2488,
5.72656,,Surface,5,Image 1,1,2489,
25.9297,,Surface,5,Image 1,1,2490,
4.84766,,Surface,5,Image 1,1,2491,
1.98047,,Surface,5,Image 1,1,2492,
14.7188,,Surface,5,Image 1,1,2493,
0.875,,Surface,5,Image 1,1,2494,
15.8281,,Surface,5,Image 1,1,2495,
29.7188,,Surface,5,Image 1,1,2496,
29.7188,,Surface,5,Image 1,1,2497,
4.29492,,Surface,5,Image 1,1,2498,
10.0312,,Surface,5,Image 1,1,2499,
0.453613,,Surface,5,Image 1,1,2501,
0.0174561,,Surface,5,Image 1,1,2502,
0.00135803,,Surface,5,Image 1,1,2503,
3.37305,,Surface,5,Image 1,1,2504,
22.0312,,Surface,5,Image 1,1,2505,
29.0469,,Surface,5,Image 1,1,2506,
6.69531,,Surface,5,Image 1,1,2507,
4.50781,,Surface,5,Image 1,1,2509,
4.50781,,Surface,5,Image 1,1,2510,
0.0375977,,Surface,5,Image 1,1,2511,
2.69922,,Surface,5,Image 1,1,2512,
0.958984,,Surface,5,Image 1,1,2514,
12.5,,Surface,5,Image 1,1,2515,
3.55273,,Surface,5,Image 1,1,2517,
2.05078,,Surface,5,Image 1,1,2518,
3.97656,,Surface,5,Image 1,1,2519,
112.125,,Surface,5,Image 1,1,2520,
6.27734,,Surface,5,Image 1,1,2522,
15.4375,,Surface,5,Image 1,1,2523,
2.95117,,Surface,5,Image 1,1,2524,
2.68359,,Surface,5,Image 1,1,2525,
130.5,,Surface,5,Image 1,1,2527,
2.15625,,Surface,5,Image 1,1,2528,
0.00234985,,Surface,5,Image 1,1,2530,
11.125,,Surface,5,Image 1,1,2531,
12.4375,,Surface,5,Image 1,1,2532,
2.36133,,Surface,5,Image 1,1,2533,
24.125,,Surface,5,Image 1,1,2534,
1.86719,,Surface,5,Image 1,1,2537,
64.1562,,Surface,5,Image 1,1,2538,
6.53613e-05,,Surface,5,Image 1,1,2539,
15,,Surface,5,Image 1,1,2542,
0.838867,,Surface,5,Image 1,1,2543,
8.25,,Surface,5,Image 1,1,2545,
0.0305176,,Surface,5,Image 1,1,2546,
49.0625,,Surface,5,Image 1,1,2548,
29.375,,Surface,5,Image 1,1,2549,
25.0156,,Surface,5,Image 1,1,2550,
14.3125,,Surface,5,Image 1,1,2551,
2.02344,,Surface,5,Image 1,1,2552,
25.625,,Surface,5,Image 1,1,2553,
0.000579834,,Surface,5,Image 1,1,2556,
7.85156,,Surface,5,Image 1,1,2557,
21.9375,,Surface,5,Image 1,1,2558,
1.70117,,Surface,5,Image 1,1,2559,
6.74219,,Surface,5,Image 1,1,2560,
4.45703,,Surface,5,Image 1,1,2562,
4.86719,,Surface,5,Image 1,1,2563,
9.73047,,Surface,5,Image 1,1,2564,
3.89453,,Surface,5,Image 1,1,2565,
36.1328,,Surface,5,Image 1,1,2566,
28.0625,,Surface,5,Image 1,1,2568,
4.28906,,Surface,5,Image 1,1,2569,
2.87305,,Surface,5,Image 1,1,2570,
6.53613e-05,,Surface,5,Image 1,1,2572,
0.00012207,,Surface,5,Image 1,1,2573,
36.9688,,Surface,5,Image 1,1,2574,
3.92578,,Surface,5,Image 1,1,2575,
41.5156,,Surface,5,Image 1,1,2576,
23.6875,,Surface,5,Image 1,1,2578,
10.9219,,Surface,5,Image 1,1,2579,
8.00781,,Surface,5,Image 1,1,2580,
70.6875,,Surface,5,Image 1,1,2582,
6.66406,,Surface,5,Image 1,1,2583,
6.63281,,Surface,5,Image 1,1,2585,
5.40625,,Surface,5,Image 1,1,2588,
5.75195,,Surface,5,Image 1,1,2589,
5.64453,,Surface,5,Image 1,1,2591,
26.3125,,Surface,5,Image 1,1,2592,
17.0469,,Surface,5,Image 1,1,2593,
5.16016,,Surface,5,Image 1,1,2594,
5.0625,,Surface,5,Image 1,1,2595,
5.45312,,Surface,5,Image 1,1,2596,
2.13184,,Surface,5,Image 1,1,2597,
19.25,,Surface,5,Image 1,1,2598,
24.625,,Surface,5,Image 1,1,2599,
70.125,,Surface,5,Image 1,1,2600,
1.89453,,Surface,5,Image 1,1,2602,
46.6562,,Surface,5,Image 1,1,2603,
1.40332,,Surface,5,Image 1,1,2604,
0.0012207,,Surface,5,Image 1,1,2605,
3.5,,Surface,5,Image 1,1,2606,
1.30469,,Surface,5,Image 1,1,2608,
1.14258,,Surface,5,Image 1,1,2609,
10.4219,,Surface,5,Image 1,1,2610,
26.9062,,Surface,5,Image 1,1,2611,
2.9082,,Surface,5,Image 1,1,2613,
78.625,,Surface,5,Image 1,1,2614,
0.0551758,,Surface,5,Image 1,1,2615,
7.58984,,Surface,5,Image 1,1,2616,
2.79492,,Surface,5,Image 1,1,2617,
0.0537109,,Surface,5,Image 1,1,2618,
1.83203,,Surface,5,Image 1,1,2619,
11.3594,,Surface,5,Image 1,1,2620,
46.1562,,Surface,5,Image 1,1,2621,
50.125,,Surface,5,Image 1,1,2622,
0.00762939,,Surface,5,Image 1,1,2623,
1.68945,,Surface,5,Image 1,1,2624,
0.413086,,Surface,5,Image 1,1,2625,
62.5,,Surface,5,Image 1,1,2626,
6.53613e-05,,Surface,5,Image 1,1,2628,
6.73438,,Surface,5,Image 1,1,2629,
6.35938,,Surface,5,Image 1,1,2630,
2.0957,,Surface,5,Image 1,1,2631,
5.26172,,Surface,5,Image 1,1,2632,
1.81152,,Surface,5,Image 1,1,2633,
157.75,,Surface,5,Image 1,1,2635,
15.4375,,Surface,5,Image 1,1,2636,
4.70703,,Surface,5,Image 1,1,2637,
0.0102539,,Surface,5,Image 1,1,2639,
16.9375,,Surface,5,Image 1,1,2640,
3.98438,,Surface,5,Image 1,1,2641,
54.4375,,Surface,5,Image 1,1,2642,
33.9062,,Surface,5,Image 1,1,2643,
64.375,,Surface,5,Image 1,1,2644,
23.1406,,Surface,5,Image 1,1,2645,
1.94141,,Surface,5,Image 1,1,2646,
1.89648,,Surface,5,Image 1,1,2647,
16.625,,Surface,5,Image 1,1,2648,
4.61719,,Surface,5,Image 1,1,2649,
0.0400391,,Surface,5,Image 1,1,2650,
5.85156,,Surface,5,Image 1,1,2651,
0.00244141,,Surface,5,Image 1,1,2652,
1.29688,,Surface,5,Image 1,1,2654,
2.24609,,Surface,5,Image 1,1,2655,
2.09277,,Surface,5,Image 1,1,2656,
0.866211,,Surface,5,Image 1,1,2657,
1.23633,,Surface,5,Image 1,1,2658,
22.5938,,Surface,5,Image 1,1,2660,
4.15039,,Surface,5,Image 1,1,2661,
9.85156,,Surface,5,Image 1,1,2662,
2.80859,,Surface,5,Image 1,1,2664,
4.55859,,Surface,5,Image 1,1,2665,
11.875,,Surface,5,Image 1,1,2666,
86.125,,Surface,5,Image 1,1,2667,
49.4688,,Surface,5,Image 1,1,2668,
7.28125,,Surface,5,Image 1,1,2669,
62.1875,,Surface,5,Image 1,1,2670,
0.0915527,,Surface,5,Image 1,1,2672,
3.15625,,Surface,5,Image 1,1,2675,
1.73242,,Surface,5,Image 1,1,2676,
7.78906,,Surface,5,Image 1,1,2677,
5.88867,,Surface,5,Image 1,1,2678,
5.35938,,Surface,5,Image 1,1,2679,
19.6719,,Surface,5,Image 1,1,2681,
1.98633,,Surface,5,Image 1,1,2682,
38.3125,,Surface,5,Image 1,1,2683,
75.375,,Surface,5,Image 1,1,2685,
5.17969,,Surface,5,Image 1,1,2686,
1.50586,,Surface,5,Image 1,1,2689,
32.9062,,Surface,5,Image 1,1,2690,
18.4688,,Surface,5,Image 1,1,2691,
57.1875,,Surface,5,Image 1,1,2692,
1.36621,,Surface,5,Image 1,1,2693,
17.0938,,Surface,5,Image 1,1,2694,
17.6562,,Surface,5,Image 1,1,2695,
8.91016,,Surface,5,Image 1,1,2696,
7.41602,,Surface,5,Image 1,1,2697,
6.61719,,Surface,5,Image 1,1,2698,
1.22363,,Surface,5,Image 1,1,2699,
1.02734,,Surface,5,Image 1,1,2700,
37.5,,Surface,5,Image 1,1,2702,
1.2373,,Surface,5,Image 1,1,2703,
6.53613e-05,,Surface,5,Image 1,1,2704,
1.8457,,Surface,5,Image 1,1,2705,
6.25391,,Surface,5,Image 1,1,2706,
116.875,,Surface,5,Image 1,1,2708,
97.0625,,Surface,5,Image 1,1,2711,
7.62939e-05,,Surface,5,Image 1,1,2712,
100.688,,Surface,5,Image 1,1,2713,
0.844727,,Surface,5,Image 1,1,2714,
10.3828,,Surface,5,Image 1,1,2715,
170.625,,Surface,5,Image 1,1,2716,
4.67188,,Surface,5,Image 1,1,2717,
3.1875,,Surface,5,Image 1,1,2718,
0.0849609,,Surface,5,Image 1,1,2719,
1.97949,,Surface,5,Image 1,1,2720,
48.8125,,Surface,5,Image 1,1,2722,
8.20312,,Surface,5,Image 1,1,2723,
2.75391,,Surface,5,Image 1,1,2725,
0.291016,,Surface,5,Image 1,1,2726,
14.3047,,Surface,5,Image 1,1,2727,
92.6875,,Surface,5,Image 1,1,2728,
29.5,,Surface,5,Image 1,1,2729,
39.8281,,Surface,5,Image 1,1,2730,
3.35156,,Surface,5,Image 1,1,2731,
8.1875,,Surface,5,Image 1,1,2732,
2.64648,,Surface,5,Image 1,1,2733,
1.69336,,Surface,5,Image 1,1,2734,
38.1875,,Surface,5,Image 1,1,2736,
2.41016,,Surface,5,Image 1,1,2737,
13.6875,,Surface,5,Image 1,1,2739,
0.807617,,Surface,5,Image 1,1,2740,
0.814453,,Surface,5,Image 1,1,2741,
15.4375,,Surface,5,Image 1,1,2742,
5.50781,,Surface,5,Image 1,1,2744,
56.3125,,Surface,5,Image 1,1,2745,
27.4375,,Surface,5,Image 1,1,2746,
43.0625,,Surface,5,Image 1,1,2747,
0.0571289,,Surface,5,Image 1,1,2749,
0.961914,,Surface,5,Image 1,1,2750,
1.79004,,Surface,5,Image 1,1,2751,
1.30273,,Surface,5,Image 1,1,2752,
5.09375,,Surface,5,Image 1,1,2754,
0.539062,,Surface,5,Image 1,1,2755,
10.6875,,Surface,5,Image 1,1,2756,
8.01953,,Surface,5,Image 1,1,2757,
0.959961,,Surface,5,Image 1,1,2758,
22.4375,,Surface,5,Image 1,1,2759,
1.62109,,Surface,5,Image 1,1,2760,
24.4688,,Surface,5,Image 1,1,2761,
42.25,,Surface,5,Image 1,1,2763,
0.000488281,,Surface,5,Image 1,1,2765,
0.980469,,Surface,5,Image 1,1,2766,
5.45312,,Surface,5,Image 1,1,2767,
1.62109,,Surface,5,Image 1,1,2768,
1.39258,,Surface,5,Image 1,1,2770,
45.375,,Surface,5,Image 1,1,2771,
10.2891,,Surface,5,Image 1,1,2772,
13.5625,,Surface,5,Image 1,1,2773,
19.8125,,Surface,5,Image 1,1,2775,
57.75,,Surface,5,Image 1,1,2776,
0.927734,,Surface,5,Image 1,1,2777,
1.89844,,Surface,5,Image 1,1,2778,
36.25,,Surface,5,Image 1,1,2779,
0.399902,,Surface,5,Image 1,1,2780,
18.3125,,Surface,5,Image 1,1,2781,
42.8125,,Surface,5,Image 1,1,2782,
4.94922,,Surface,5,Image 1,1,2783,
25.2812,,Surface,5,Image 1,1,2784,
5.94531,,Surface,5,Image 1,1,2785,
88.6875,,Surface,5,Image 1,1,2786,
4.17578,,Surface,5,Image 1,1,2788,
3.53516,,Surface,5,Image 1,1,2789,
89.125,,Surface,5,Image 1,1,2792,
1.39062,,Surface,5,Image 1,1,2794,
1.37305,,Surface,5,Image 1,1,2795,
7.75,,Surface,5,Image 1,1,2798,
49.4375,,Surface,5,Image 1,1,2799,
4.30469,,Surface,5,Image 1,1,2801,
139.875,,Surface,5,Image 1,1,2802,
1.55957,,Surface,5,Image 1,1,2803,
24.0625,,Surface,5,Image 1,1,2805,
0.00561523,,Surface,5,Image 1,1,2806,
106.125,,Surface,5,Image 1,1,2807,
6.53613e-05,,Surface,5,Image 1,1,2808,
2.83203,,Surface,5,Image 1,1,2809,
187.75,,Surface,5,Image 1,1,2811,
0.000133514,,Surface,5,Image 1,1,2812,
14.1562,,Surface,5,Image 1,1,2813,
38.5625,,Surface,5,Image 1,1,2815,
1.71875,,Surface,5,Image 1,1,2816,
2.88672,,Surface,5,Image 1,1,2818,
9.14844,,Surface,5,Image 1,1,2820,
53.5,,Surface,5,Image 1,1,2821,
5.01953,,Surface,5,Image 1,1,2822,
117.875,,Surface,5,Image 1,1,2824,
0.000640869,,Surface,5,Image 1,1,2825,
6.93359,,Surface,5,Image 1,1,2826,
3.74609,,Surface,5,Image 1,1,2828,
1.85254,,Surface,5,Image 1,1,2829,
4.2832,,Surface,5,Image 1,1,2830,
2.75,,Surface,5,Image 1,1,2832,
0.0337524,,Surface,5,Image 1,1,2833,
23.3125,,Surface,5,Image 1,1,2834,
29.1328,,Surface,5,Image 1,1,2835,
1.41602,,Surface,5,Image 1,1,2837,
23.4688,,Surface,5,Image 1,1,2838,
5.41797,,Surface,5,Image 1,1,2839,
12,,Surface,5,Image 1,1,2840,
9.625,,Surface,5,Image 1,1,2841,
21.2188,,Surface,5,Image 1,1,2842,
3.84375,,Surface,5,Image 1,1,2843,
58.5625,,Surface,5,Image 1,1,2845,
2.39844,,Surface,5,Image 1,1,2846,
25.1875,,Surface,5,Image 1,1,2847,
49.2812,,Surface,5,Image 1,1,2848,
0.043457,,Surface,5,Image 1,1,2849,
15.4531,,Surface,5,Image 1,1,2850,
2.01172,,Surface,5,Image 1,1,2851,
1.81055,,Surface,5,Image 1,1,2852,
0.00189209,,Surface,5,Image 1,1,2853,
30.0156,,Surface,5,Image 1,1,2854,
7.11719,,Surface,5,Image 1,1,2856,
28.0938,,Surface,5,Image 1,1,2857,
7.01172,,Surface,5,Image 1,1,2858,
12.0625,,Surface,5,Image 1,1,2859,
2.93945,,Surface,5,Image 1,1,2860,
0.00152588,,Surface,5,Image 1,1,2861,
23.625,,Surface,5,Image 1,1,2863,
0.196289,,Surface,5,Image 1,1,2864,
66.5,,Surface,5,Image 1,1,2865,
7,,Surface,5,Image 1,1,2867,
5.88672,,Surface,5,Image 1,1,2868,
144.125,,Surface,5,Image 1,1,2870,
27.0312,,Surface,5,Image 1,1,2871,
28.1875,,Surface,5,Image 1,1,2872,
0.384766,,Surface,5,Image 1,1,2873,
0.000350952,,Surface,5,Image 1,1,2875,
91.75,,Surface,5,Image 1,1,2878,
100.625,,Surface,5,Image 1,1,2879,
0.907227,,Surface,5,Image 1,1,2880,
0.628906,,Surface,5,Image 1,1,2881,
5.28125,,Surface,5,Image 1,1,2882,
2.89844,,Surface,5,Image 1,1,2884,
8.8125,,Surface,5,Image 1,1,2885,
7.01172,,Surface,5,Image 1,1,2886,
1.73242,,Surface,5,Image 1,1,2887,
46.1562,,Surface,5,Image 1,1,2888,
65.9375,,Surface,5,Image 1,1,2889,
136.188,,Surface,5,Image 1,1,2891,
1.79883,,Surface,5,Image 1,1,2892,
81.4375,,Surface,5,Image 1,1,2893,
4.98047,,Surface,5,Image 1,1,2894,
1.83984,,Surface,5,Image 1,1,2897,
1.54492,,Surface,5,Image 1,1,2898,
3.89453,,Surface,5,Image 1,1,2900,
72.125,,Surface,5,Image 1,1,2901,
1.22266,,Surface,5,Image 1,1,2902,
5.40625,,Surface,5,Image 1,1,2903,
56.6875,,Surface,5,Image 1,1,2905,
4.82031,,Surface,5,Image 1,1,2908,
36.4375,,Surface,5,Image 1,1,2910,
6.875,,Surface,5,Image 1,1,2911,
16.5625,,Surface,5,Image 1,1,2912,
3.67578,,Surface,5,Image 1,1,2915,
19.5781,,Surface,5,Image 1,1,2916,
14.5312,,Surface,5,Image 1,1,2917,
96.125,,Surface,5,Image 1,1,2920,
110.688,,Surface,5,Image 1,1,2921,
4.30078,,Surface,5,Image 1,1,2922,
1.80762,,Surface,5,Image 1,1,2923,
127.125,,Surface,5,Image 1,1,2924,
39.1875,,Surface,5,Image 1,1,2925,
0.0422363,,Surface,5,Image 1,1,2926,
96.125,,Surface,5,Image 1,1,2927,
2.07422,,Surface,5,Image 1,1,2928,
4.14844,,Surface,5,Image 1,1,2930,
16.6875,,Surface,5,Image 1,1,2931,
1.05957,,Surface,5,Image 1,1,2933,
144.125,,Surface,5,Image 1,1,2934,
36.0312,,Surface,5,Image 1,1,2935,
1.66504,,Surface,5,Image 1,1,2936,
0.637939,,Surface,5,Image 1,1,2937,
4.5332,,Surface,5,Image 1,1,2938,
0.708984,,Surface,5,Image 1,1,2939,
44.625,,Surface,5,Image 1,1,2940,
2.0752,,Surface,5,Image 1,1,2942,
1.88379,,Surface,5,Image 1,1,2943,
18.6875,,Surface,5,Image 1,1,2944,
4.59766,,Surface,5,Image 1,1,2945,
5.37109,,Surface,5,Image 1,1,2946,
1.24609,,Surface,5,Image 1,1,2947,
11.4141,,Surface,5,Image 1,1,2948,
40.1875,,Surface,5,Image 1,1,2950,
8.20312,,Surface,5,Image 1,1,2951,
54.9375,,Surface,5,Image 1,1,2953,
57.1875,,Surface,5,Image 1,1,2954,
6.5625,,Surface,5,Image 1,1,2955,
32.8125,,Surface,5,Image 1,1,2956,
0.366455,,Surface,5,Image 1,1,2957,
0.967773,,Surface,5,Image 1,1,2960,
3.05664,,Surface,5,Image 1,1,2961,
3.05469,,Surface,5,Image 1,1,2962,
3.94531,,Surface,5,Image 1,1,2963,
78.9375,,Surface,5,Image 1,1,2964,
2.80078,,Surface,5,Image 1,1,2965,
0.883789,,Surface,5,Image 1,1,2968,
1.16528,,Surface,5,Image 1,1,2970,
35.3125,,Surface,5,Image 1,1,2972,
1.13672,,Surface,5,Image 1,1,2973,
0.894531,,Surface,5,Image 1,1,2974,
0.0537109,,Surface,5,Image 1,1,2975,
3.9375,,Surface,5,Image 1,1,2978,
28.3125,,Surface,5,Image 1,1,2979,
2.32227,,Surface,5,Image 1,1,2980,
3.50781,,Surface,5,Image 1,1,2981,
1.88867,,Surface,5,Image 1,1,2982,
1.20898,,Surface,5,Image 1,1,2983,
6.55859,,Surface,5,Image 1,1,2984,
54.75,,Surface,5,Image 1,1,2985,
17.7969,,Surface,5,Image 1,1,2986,
84.5,,Surface,5,Image 1,1,2987,
3.67969,,Surface,5,Image 1,1,2988,
17.2656,,Surface,5,Image 1,1,2989,
9.11719,,Surface,5,Image 1,1,2990,
0.019043,,Surface,5,Image 1,1,2992,
31.75,,Surface,5,Image 1,1,2993,
2.07031,,Surface,5,Image 1,1,2995,
58.8125,,Surface,5,Image 1,1,2996,
0.845703,,Surface,5,Image 1,1,2997,
0.0605469,,Surface,5,Image 1,1,2998,
7.6875,,Surface,5,Image 1,1,3000,
119.562,,Surface,5,Image 1,1,3001,
68.5625,,Surface,5,Image 1,1,3002,
75.875,,Surface,5,Image 1,1,3003,
11.0938,,Surface,5,Image 1,1,3004,
1.21387,,Surface,5,Image 1,1,3005,
7.00195,,Surface,5,Image 1,1,3006,
53.0938,,Surface,5,Image 1,1,3007,
21.4531,,Surface,5,Image 1,1,3008,
135.625,,Surface,5,Image 1,1,3009,
7.62939e-05,,Surface,5,Image 1,1,3010,
0.887695,,Surface,5,Image 1,1,3011,
0.589844,,Surface,5,Image 1,1,3013,
50.875,,Surface,5,Image 1,1,3014,
6.55469,,Surface,5,Image 1,1,3015,
4.20703,,Surface,5,Image 1,1,3016,
6.29688,,Surface,5,Image 1,1,3017,
6.96875,,Surface,5,Image 1,1,3019,
4.71875,,Surface,5,Image 1,1,3021,
13.75,,Surface,5,Image 1,1,3022,
1.24902,,Surface,5,Image 1,1,3025,
18.0625,,Surface,5,Image 1,1,3026,
37.8125,,Surface,5,Image 1,1,3027,
2.41406,,Surface,5,Image 1,1,3028,
6.26953,,Surface,5,Image 1,1,3029,
0.475586,,Surface,5,Image 1,1,3031,
3.60742,,Surface,5,Image 1,1,3032,
9.19141,,Surface,5,Image 1,1,3033,
134.688,,Surface,5,Image 1,1,3034,
1.38281,,Surface,5,Image 1,1,3036,
7.61719,,Surface,5,Image 1,1,3039,
36.6875,,Surface,5,Image 1,1,3041,
0.00115967,,Surface,5,Image 1,1,3042,
39.6875,,Surface,5,Image 1,1,3043,
27.5469,,Surface,5,Image 1,1,3044,
27.7344,,Surface,5,Image 1,1,3045,
0.0100098,,Surface,5,Image 1,1,3047,
40.3125,,Surface,5,Image 1,1,3049,
2.28516,,Surface,5,Image 1,1,3051,
6.53613e-05,,Surface,5,Image 1,1,3052,
0.00720215,,Surface,5,Image 1,1,3053,
3.99219,,Surface,5,Image 1,1,3054,
177,,Surface,5,Image 1,1,3056,
10.3125,,Surface,5,Image 1,1,3059,
43.4688,,Surface,5,Image 1,1,3060,
2.28516,,Surface,5,Image 1,1,3061,
18.0625,,Surface,5,Image 1,1,3062,
115.375,,Surface,5,Image 1,1,3063,
1.0332,,Surface,5,Image 1,1,3064,
37.6875,,Surface,5,Image 1,1,3065,
32.9062,,Surface,5,Image 1,1,3066,
124.062,,Surface,5,Image 1,1,3067,
7.74219,,Surface,5,Image 1,1,3068,
55.1875,,Surface,5,Image 1,1,3069,
4.37891,,Surface,5,Image 1,1,3070,
96.875,,Surface,5,Image 1,1,3071,
6.96875,,Surface,5,Image 1,1,3072,
2.63281,,Surface,5,Image 1,1,3073,
4.05859,,Surface,5,Image 1,1,3074,
3.48242,,Surface,5,Image 1,1,3075,
4.83984,,Surface,5,Image 1,1,3077,
0.216797,,Surface,5,Image 1,1,3079,
28.8125,,Surface,5,Image 1,1,3080,
1.19922,,Surface,5,Image 1,1,3081,
31.0938,,Surface,5,Image 1,1,3084,
0.797852,,Surface,5,Image 1,1,3085,
5.37109,,Surface,5,Image 1,1,3086,
23.5625,,Surface,5,Image 1,1,3087,
9.6875,,Surface,5,Image 1,1,3089,
0.483154,,Surface,5,Image 1,1,3090,
23.3906,,Surface,5,Image 1,1,3091,
0.498291,,Surface,5,Image 1,1,3092,
46.6875,,Surface,5,Image 1,1,3094,
1.83496,,Surface,5,Image 1,1,3096,
5.76953,,Surface,5,Image 1,1,3097,
35.3125,,Surface,5,Image 1,1,3098,
4.86133,,Surface,5,Image 1,1,3099,
172.875,,Surface,5,Image 1,1,3101,
4.48828,,Surface,5,Image 1,1,3102,
0.369141,,Surface,5,Image 1,1,3103,
3.45703,,Surface,5,Image 1,1,3104,
26.8672,,Surface,5,Image 1,1,3105,
3.32422,,Surface,5,Image 1,1,3106,
43.8125,,Surface,5,Image 1,1,3107,
6.53125,,Surface,5,Image 1,1,3108,
98.375,,Surface,5,Image 1,1,3109,
3.24609,,Surface,5,Image 1,1,3110,
22.8438,,Surface,5,Image 1,1,3111,
0.00445557,,Surface,5,Image 1,1,3114,
198.75,,Surface,5,Image 1,1,3115,
9.375,,Surface,5,Image 1,1,3116,
1.06836,,Surface,5,Image 1,1,3117,
1.83984,,Surface,5,Image 1,1,3118,
0.354004,,Surface,5,Image 1,1,3119,
13.7969,,Surface,5,Image 1,1,3120,
31.8125,,Surface,5,Image 1,1,3121,
5.24219,,Surface,5,Image 1,1,3122,
3.65625,,Surface,5,Image 1,1,3123,
14.1562,,Surface,5,Image 1,1,3125,
6.53613e-05,,Surface,5,Image 1,1,3127,
80.625,,Surface,5,Image 1,1,3130,
2.22266,,Surface,5,Image 1,1,3131,
37.6875,,Surface,5,Image 1,1,3132,
20.0312,,Surface,5,Image 1,1,3133,
68,,Surface,5,Image 1,1,3134,
104.812,,Surface,5,Image 1,1,3135,
35.625,,Surface,5,Image 1,1,3136,
0.531738,,Surface,5,Image 1,1,3137,
92.25,,Surface,5,Image 1,1,3138,
5.72461,,Surface,5,Image 1,1,3140,
2.54102,,Surface,5,Image 1,1,3141,
108.25,,Surface,5,Image 1,1,3142,
119.625,,Surface,5,Image 1,1,3143,
8.63281,,Surface,5,Image 1,1,3144,
0.00219727,,Surface,5,Image 1,1,3145,
1.70312,,Surface,5,Image 1,1,3146,
122.875,,Surface,5,Image 1,1,3147,
99.75,,Surface,5,Image 1,1,3148,
5.95703,,Surface,5,Image 1,1,3149,
0.97168,,Surface,5,Image 1,1,3150,
1.71289,,Surface,5,Image 1,1,3151,
6.77344,,Surface,5,Image 1,1,3152,
0.0231934,,Surface,5,Image 1,1,3154,
0.129395,,Surface,5,Image 1,1,3156,
4.36328,,Surface,5,Image 1,1,3157,
3.18555,,Surface,5,Image 1,1,3158,
5.46875,,Surface,5,Image 1,1,3159,
15.7188,,Surface,5,Image 1,1,3160,
21.875,,Surface,5,Image 1,1,3162,
76.75,,Surface,5,Image 1,1,3163,
3.08008,,Surface,5,Image 1,1,3164,
75.75,,Surface,5,Image 1,1,3165,
1.09375,,Surface,5,Image 1,1,3167,
194.625,,Surface,5,Image 1,1,3168,
3.5625,,Surface,5,Image 1,1,3169,
28.2812,,Surface,5,Image 1,1,3170,
3.64258,,Surface,5,Image 1,1,3171,
5.12891,,Surface,5,Image 1,1,3172,
3.625,,Surface,5,Image 1,1,3173,
3.09375,,Surface,5,Image 1,1,3174,
9.28125,,Surface,5,Image 1,1,3175,
14.0312,,Surface,5,Image 1,1,3176,
125.156,,Surface,5,Image 1,1,3177,
5.1875,,Surface,5,Image 1,1,3179,
1.07324,,Surface,5,Image 1,1,3180,
78.125,,Surface,5,Image 1,1,3181,
92.125,,Surface,5,Image 1,1,3182,
0.945312,,Surface,5,Image 1,1,3183,
1.04199,,Surface,5,Image 1,1,3184,
102.938,,Surface,5,Image 1,1,3186,
7.20703,,Surface,5,Image 1,1,3187,
4.40625,,Surface,5,Image 1,1,3188,
8.58203,,Surface,5,Image 1,1,3189,
5.04688,,Surface,5,Image 1,1,3190,
2.1543,,Surface,5,Image 1,1,3191,
3.22266,,Surface,5,Image 1,1,3192,
4.66016,,Surface,5,Image 1,1,3194,
0.963867,,Surface,5,Image 1,1,3195,
19.0312,,Surface,5,Image 1,1,3196,
115.625,,Surface,5,Image 1,1,3197,
0.728516,,Surface,5,Image 1,1,3198,
11.9375,,Surface,5,Image 1,1,3199,
5.54688,,Surface,5,Image 1,1,3200,
1.14844,,Surface,5,Image 1,1,3201,
0.00512695,,Surface,5,Image 1,1,3204,
2.10938,,Surface,5,Image 1,1,3205,
0.456909,,Surface,5,Image 1,1,3206,
4.27148,,Surface,5,Image 1,1,3207,
2.1582,,Surface,5,Image 1,1,3208,
16.375,,Surface,5,Image 1,1,3210,
3.94141,,Surface,5,Image 1,1,3211,
20.3438,,Surface,5,Image 1,1,3212,
0.577637,,Surface,5,Image 1,1,3213,
0.00848389,,Surface,5,Image 1,1,3215,
6.39062,,Surface,5,Image 1,1,3216,
62,,Surface,5,Image 1,1,3217,
19.7812,,Surface,5,Image 1,1,3218,
17.9375,,Surface,5,Image 1,1,3219,
0.287109,,Surface,5,Image 1,1,3220,
82.5,,Surface,5,Image 1,1,3222,
6.85938,,Surface,5,Image 1,1,3223,
3.26758,,Surface,5,Image 1,1,3225,
0.0224609,,Surface,5,Image 1,1,3226,
24.5625,,Surface,5,Image 1,1,3227,
26.3125,,Surface,5,Image 1,1,3228,
11.6719,,Surface,5,Image 1,1,3230,
34.6875,,Surface,5,Image 1,1,3231,
2.08008,,Surface,5,Image 1,1,3232,
0.0437012,,Surface,5,Image 1,1,3234,
4.19141,,Surface,5,Image 1,1,3236,
37.8125,,Surface,5,Image 1,1,3237,
59.9375,,Surface,5,Image 1,1,3238,
173.625,,Surface,5,Image 1,1,3239,
1.71094,,Surface,5,Image 1,1,3240,
0.961426,,Surface,5,Image 1,1,3241,
144.5,,Surface,5,Image 1,1,3242,
91.8125,,Surface,5,Image 1,1,3243,
47.9375,,Surface,5,Image 1,1,3244,
0.0484619,,Surface,5,Image 1,1,3246,
7.65625,,Surface,5,Image 1,1,3247,
1.82715,,Surface,5,Image 1,1,3248,
1.19922,,Surface,5,Image 1,1,3250,
6.78125,,Surface,5,Image 1,1,3251,
4.46875,,Surface,5,Image 1,1,3252,
2.40625,,Surface,5,Image 1,1,3253,
20.1875,,Surface,5,Image 1,1,3254,
1.69141,,Surface,5,Image 1,1,3255,
12.9062,,Surface,5,Image 1,1,3256,
5.97656,,Surface,5,Image 1,1,3257,
50.25,,Surface,5,Image 1,1,3258,
2.18921,,Surface,5,Image 1,1,3259,
3.25391,,Surface,5,Image 1,1,3260,
46.4375,,Surface,5,Image 1,1,3261,
0.314453,,Surface,5,Image 1,1,3262,
81.75,,Surface,5,Image 1,1,3264,
1.04395,,Surface,5,Image 1,1,3266,
14.7969,,Surface,5,Image 1,1,3267,
0.137573,,Surface,5,Image 1,1,3268,
38.3125,,Surface,5,Image 1,1,3269,
2.83984,,Surface,5,Image 1,1,3270,
42.5625,,Surface,5,Image 1,1,3271,
6.11719,,Surface,5,Image 1,1,3272,
6.3125,,Surface,5,Image 1,1,3273,
1.20898,,Surface,5,Image 1,1,3275,
5.4375,,Surface,5,Image 1,1,3276,
45.8125,,Surface,5,Image 1,1,3278,
29.625,,Surface,5,Image 1,1,3279,
0.594238,,Surface,5,Image 1,1,3280,
0.0088501,,Surface,5,Image 1,1,3281,
6.13281,,Surface,5,Image 1,1,3282,
0.470459,,Surface,5,Image 1,1,3283,
0.00537109,,Surface,5,Image 1,1,3284,
4.375,,Surface,5,Image 1,1,3285,
284.375,,Surface,5,Image 1,1,3286,
8.44531,,Surface,5,Image 1,1,3287,
2.76367,,Surface,5,Image 1,1,3288,
6.26562,,Surface,5,Image 1,1,3289,
24.375,,Surface,5,Image 1,1,3290,
4.76758,,Surface,5,Image 1,1,3291,
6.99609,,Surface,5,Image 1,1,3292,
9.6875,,Surface,5,Image 1,1,3293,
0.0108185,,Surface,5,Image 1,1,3294,
7.35547,,Surface,5,Image 1,1,3296,
5.20508,,Surface,5,Image 1,1,3297,
1.13477,,Surface,5,Image 1,1,3298,
16.8438,,Surface,5,Image 1,1,3299,
1.77441,,Surface,5,Image 1,1,3300,
1.97754,,Surface,5,Image 1,1,3301,
156.438,,Surface,5,Image 1,1,3303,
86.375,,Surface,5,Image 1,1,3305,
1.61914,,Surface,5,Image 1,1,3306,
68.3125,,Surface,5,Image 1,1,3307,
16.4062,,Surface,5,Image 1,1,3308,
18.4062,,Surface,5,Image 1,1,3310,
7.04688,,Surface,5,Image 1,1,3311,
4.58594,,Surface,5,Image 1,1,3312,
4.70703,,Surface,5,Image 1,1,3313,
14.3438,,Surface,5,Image 1,1,3314,
5.5957,,Surface,5,Image 1,1,3315,
18.8906,,Surface,5,Image 1,1,3316,
45.875,,Surface,5,Image 1,1,3317,
4.47852,,Surface,5,Image 1,1,3320,
28.125,,Surface,5,Image 1,1,3321,
1.91016,,Surface,5,Image 1,1,3322,
10.6016,,Surface,5,Image 1,1,3323,
3.73047,,Surface,5,Image 1,1,3325,
1.62891,,Surface,5,Image 1,1,3326,
2.07422,,Surface,5,Image 1,1,3327,
8.23047,,Surface,5,Image 1,1,3329,
0.884766,,Surface,5,Image 1,1,3330,
4.23242,,Surface,5,Image 1,1,3331,
114.438,,Surface,5,Image 1,1,3332,
1.05566,,Surface,5,Image 1,1,3333,
13.5625,,Surface,5,Image 1,1,3334,
3.69531,,Surface,5,Image 1,1,3335,
2.79688,,Surface,5,Image 1,1,3337,
0.00309753,,Surface,5,Image 1,1,3338,
4.03125,,Surface,5,Image 1,1,3339,
47.125,,Surface,5,Image 1,1,3340,
192.562,,Surface,5,Image 1,1,3341,
4.74902,,Surface,5,Image 1,1,3342,
1.01074,,Surface,5,Image 1,1,3344,
138.938,,Surface,5,Image 1,1,3345,
37.125,,Surface,5,Image 1,1,3346,
26.5625,,Surface,5,Image 1,1,3347,
81.6875,,Surface,5,Image 1,1,3349,
5.4375,,Surface,5,Image 1,1,3350,
3.12109,,Surface,5,Image 1,1,3351,
0.994141,,Surface,5,Image 1,1,3352,
4.27734,,Surface,5,Image 1,1,3353,
28.875,,Surface,5,Image 1,1,3354,
45.5,,Surface,5,Image 1,1,3355,
1.18555,,Surface,5,Image 1,1,3356,
4.28906,,Surface,5,Image 1,1,3357,
5.15625,,Surface,5,Image 1,1,3359,
9.46875,,Surface,5,Image 1,1,3360,
6.53863e-05,,Surface,5,Image 1,1,3361,
0.629395,,Surface,5,Image 1,1,3362,
4.70215,,Surface,5,Image 1,1,3363,
4.46875,,Surface,5,Image 1,1,3364,
122.688,,Surface,5,Image 1,1,3365,
10.0938,,Surface,5,Image 1,1,3367,
8.48828,,Surface,5,Image 1,1,3368,
45.9375,,Surface,5,Image 1,1,3369,
0.737061,,Surface,5,Image 1,1,3370,
0.880859,,Surface,5,Image 1,1,3371,
56.6875,,Surface,5,Image 1,1,3372,
48.9375,,Surface,5,Image 1,1,3373,
3.30469,,Surface,5,Image 1,1,3374,
50.1875,,Surface,5,Image 1,1,3375,
0.425293,,Surface,5,Image 1,1,3376,
14.5625,,Surface,5,Image 1,1,3377,
14.4688,,Surface,5,Image 1,1,3378,
3.73438,,Surface,5,Image 1,1,3379,
5.90625,,Surface,5,Image 1,1,3380,
3.29688,,Surface,5,Image 1,1,3381,
2.10352,,Surface,5,Image 1,1,3382,
1.80469,,Surface,5,Image 1,1,3383,
8.86328,,Surface,5,Image 1,1,3385,
30.875,,Surface,5,Image 1,1,3386,
6.23047,,Surface,5,Image 1,1,3387,
1.55322,,Surface,5,Image 1,1,3388,
2.20508,,Surface,5,Image 1,1,3389,
8.40625,,Surface,5,Image 1,1,3390,
3.31641,,Surface,5,Image 1,1,3391,
3.93359,,Surface,5,Image 1,1,3392,
11.4219,,Surface,5,Image 1,1,3393,
89.0625,,Surface,5,Image 1,1,3394,
50.375,,Surface,5,Image 1,1,3395,
100.5,,Surface,5,Image 1,1,3396,
0.120605,,Surface,5,Image 1,1,3397,
4.86328,,Surface,5,Image 1,1,3398,
6.58035e-05,,Surface,5,Image 1,1,3399,
5.01562,,Surface,5,Image 1,1,3400,
151.25,,Surface,5,Image 1,1,3401,
10.6562,,Surface,5,Image 1,1,3402,
51.875,,Surface,5,Image 1,1,3405,
97.125,,Surface,5,Image 1,1,3406,
16.5898,,Surface,5,Image 1,1,3407,
48.125,,Surface,5,Image 1,1,3408,
5.26953,,Surface,5,Image 1,1,3409,
43.0625,,Surface,5,Image 1,1,3412,
8.9375,,Surface,5,Image 1,1,3414,
53.4375,,Surface,5,Image 1,1,3415,
40.3125,,Surface,5,Image 1,1,3417,
7.25,,Surface,5,Image 1,1,3418,
1.34766,,Surface,5,Image 1,1,3419,
20.1562,,Surface,5,Image 1,1,3420,
74.8125,,Surface,5,Image 1,1,3421,
4.78516,,Surface,5,Image 1,1,3422,
4.98047,,Surface,5,Image 1,1,3423,
38.75,,Surface,5,Image 1,1,3424,
124.375,,Surface,5,Image 1,1,3425,
56.5312,,Surface,5,Image 1,1,3427,
0.00401306,,Surface,5,Image 1,1,3428,
1.00391,,Surface,5,Image 1,1,3429,
5.08594,,Surface,5,Image 1,1,3430,
107.812,,Surface,5,Image 1,1,3431,
3.73438,,Surface,5,Image 1,1,3433,
3.99805,,Surface,5,Image 1,1,3434,
49.4375,,Surface,5,Image 1,1,3435,
94.4375,,Surface,5,Image 1,1,3436,
2.8125,,Surface,5,Image 1,1,3437,
4.85938,,Surface,5,Image 1,1,3438,
5.82031,,Surface,5,Image 1,1,3439,
4.03906,,Surface,5,Image 1,1,3440,
26.375,,Surface,5,Image 1,1,3441,
17.3125,,Surface,5,Image 1,1,3442,
92.5625,,Surface,5,Image 1,1,3443,
34.6875,,Surface,5,Image 1,1,3444,
1.5293,,Surface,5,Image 1,1,3445,
0.604248,,Surface,5,Image 1,1,3446,
1.83984,,Surface,5,Image 1,1,3447,
13.1875,,Surface,5,Image 1,1,3448,
8.28125,,Surface,5,Image 1,1,3449,
10.3594,,Surface,5,Image 1,1,3451,
0.551758,,Surface,5,Image 1,1,3452,
0.0688477,,Surface,5,Image 1,1,3453,
5.4375,,Surface,5,Image 1,1,3454,
0.000244141,,Surface,5,Image 1,1,3455,
3.1875,,Surface,5,Image 1,1,3456,
68.3125,,Surface,5,Image 1,1,3457,
0.0330963,,Surface,5,Image 1,1,3459,
3.32812,,Surface,5,Image 1,1,3460,
14.0625,,Surface,5,Image 1,1,3462,
24.2812,,Surface,5,Image 1,1,3463,
50.3125,,Surface,5,Image 1,1,3464,
0.679199,,Surface,5,Image 1,1,3466,
7.53906,,Surface,5,Image 1,1,3468,
32.7188,,Surface,5,Image 1,1,3469,
0.0566406,,Surface,5,Image 1,1,3470,
3.01953,,Surface,5,Image 1,1,3471,
45.6875,,Surface,5,Image 1,1,3472,
1.64258,,Surface,5,Image 1,1,3473,
8.17969,,Surface,5,Image 1,1,3474,
0.799805,,Surface,5,Image 1,1,3475,
2.09961,,Surface,5,Image 1,1,3476,
5.75781,,Surface,5,Image 1,1,3478,
0.037674,,Surface,5,Image 1,1,3481,
6.53613e-05,,Surface,5,Image 1,1,3483,
107,,Surface,5,Image 1,1,3484,
19.1719,,Surface,5,Image 1,1,3486,
35.1875,,Surface,5,Image 1,1,3487,
2.90625,,Surface,5,Image 1,1,3488,
12.5312,,Surface,5,Image 1,1,3489,
181.125,,Surface,5,Image 1,1,3490,
4.13086,,Surface,5,Image 1,1,3492,
136.312,,Surface,5,Image 1,1,3493,
17.0938,,Surface,5,Image 1,1,3494,
3.00391,,Surface,5,Image 1,1,3495,
12.4531,,Surface,5,Image 1,1,3496,
201,,Surface,5,Image 1,1,3497,
5.48047,,Surface,5,Image 1,1,3498,
8.80469,,Surface,5,Image 1,1,3499,
146.875,,Surface,5,Image 1,1,3500,
0.221191,,Surface,5,Image 1,1,3501,
1.25195,,Surface,5,Image 1,1,3502,
1.50586,,Surface,5,Image 1,1,3503,
0.0825195,,Surface,5,Image 1,1,3504,
0.943359,,Surface,5,Image 1,1,3506,
0.00744629,,Surface,5,Image 1,1,3507,
1.52539,,Surface,5,Image 1,1,3508,
4.12891,,Surface,5,Image 1,1,3509,
1.14185,,Surface,5,Image 1,1,3510,
2.71094,,Surface,5,Image 1,1,3511,
33.875,,Surface,5,Image 1,1,3513,
9.45312,,Surface,5,Image 1,1,3514,
2.21289,,Surface,5,Image 1,1,3515,
48.25,,Surface,5,Image 1,1,3516,
42.875,,Surface,5,Image 1,1,3518,
2.73438,,Surface,5,Image 1,1,3519,
127.875,,Surface,5,Image 1,1,3520,
6.91016,,Surface,5,Image 1,1,3521,
7.26562,,Surface,5,Image 1,1,3522,
1.26855,,Surface,5,Image 1,1,3523,
27.9844,,Surface,5,Image 1,1,3524,
12.7109,,Surface,5,Image 1,1,3527,
19.7188,,Surface,5,Image 1,1,3528,
0.365967,,Surface,5,Image 1,1,3530,
21.7188,,Surface,5,Image 1,1,3531,
79.5625,,Surface,5,Image 1,1,3532,
3.12305,,Surface,5,Image 1,1,3533,
21.9844,,Surface,5,Image 1,1,3534,
4.36328,,Surface,5,Image 1,1,3537,
3.00781,,Surface,5,Image 1,1,3538,
43.25,,Surface,5,Image 1,1,3539,
0.969238,,Surface,5,Image 1,1,3540,
0.0717773,,Surface,5,Image 1,1,3541,
4.83008,,Surface,5,Image 1,1,3542,
38.6875,,Surface,5,Image 1,1,3543,
1.08789,,Surface,5,Image 1,1,3545,
8.11719,,Surface,5,Image 1,1,3546,
3.63281,,Surface,5,Image 1,1,3547,
19.8125,,Surface,5,Image 1,1,3548,
110.188,,Surface,5,Image 1,1,3549,
17.125,,Surface,5,Image 1,1,3551,
5.45703,,Surface,5,Image 1,1,3552,
2.76562,,Surface,5,Image 1,1,3554,
9.85938,,Surface,5,Image 1,1,3555,
4.54297,,Surface,5,Image 1,1,3556,
4.86328,,Surface,5,Image 1,1,3557,
22.1562,,Surface,5,Image 1,1,3558,
5.13477,,Surface,5,Image 1,1,3559,
27.3125,,Surface,5,Image 1,1,3561,
15.2617,,Surface,5,Image 1,1,3562,
13.8594,,Surface,5,Image 1,1,3564,
30.9375,,Surface,5,Image 1,1,3565,
25.9375,,Surface,5,Image 1,1,3566,
12.0625,,Surface,5,Image 1,1,3567,
15.9375,,Surface,5,Image 1,1,3568,
116.625,,Surface,5,Image 1,1,3569,
22.5469,,Surface,5,Image 1,1,3570,
46.0938,,Surface,5,Image 1,1,3571,
1.50781,,Surface,5,Image 1,1,3572,
13.3125,,Surface,5,Image 1,1,3573,
1.18359,,Surface,5,Image 1,1,3574,
4.53125,,Surface,5,Image 1,1,3575,
3.57812,,Surface,5,Image 1,1,3576,
69.625,,Surface,5,Image 1,1,3577,
4.95312,,Surface,5,Image 1,1,3578,
9.32812,,Surface,5,Image 1,1,3579,
34.25,,Surface,5,Image 1,1,3581,
20.1875,,Surface,5,Image 1,1,3582,
81.875,,Surface,5,Image 1,1,3583,
4.47656,,Surface,5,Image 1,1,3584,
7.22266,,Surface,5,Image 1,1,3585,
7.28906,,Surface,5,Image 1,1,3586,
32.7188,,Surface,5,Image 1,1,3587,
0.880859,,Surface,5,Image 1,1,3590,
7.8125,,Surface,5,Image 1,1,3591,
9.5625,,Surface,5,Image 1,1,3592,
5.4668,,Surface,5,Image 1,1,3593,
10.6875,,Surface,5,Image 1,1,3595,
1.33105,,Surface,5,Image 1,1,3596,
4.53906,,Surface,5,Image 1,1,3597,
1.08496,,Surface,5,Image 1,1,3598,
113.625,,Surface,5,Image 1,1,3600,
37.9375,,Surface,5,Image 1,1,3601,
3.76562,,Surface,5,Image 1,1,3602,
12.6875,,Surface,5,Image 1,1,3603,
4.70703,,Surface,5,Image 1,1,3604,
5.64062,,Surface,5,Image 1,1,3605,
5.23438,,Surface,5,Image 1,1,3606,
5.13672,,Surface,5,Image 1,1,3607,
7.01562,,Surface,5,Image 1,1,3608,
78.0625,,Surface,5,Image 1,1,3610,
2.37109,,Surface,5,Image 1,1,3611,
145.688,,Surface,5,Image 1,1,3612,
3.88281,,Surface,5,Image 1,1,3614,
5.40625,,Surface,5,Image 1,1,3617,
3.4873,,Surface,5,Image 1,1,3618,
25.1875,,Surface,5,Image 1,1,3620,
5.58203,,Surface,5,Image 1,1,3621,
6.29688,,Surface,5,Image 1,1,3622,
4.20312,,Surface,5,Image 1,1,3623,
127.125,,Surface,5,Image 1,1,3624,
9.53125,,Surface,5,Image 1,1,3625,
32.6875,,Surface,5,Image 1,1,3626,
42.125,,Surface,5,Image 1,1,3627,
47.0625,,Surface,5,Image 1,1,3628,
34.2812,,Surface,5,Image 1,1,3629,
5.10547,,Surface,5,Image 1,1,3630,
3.95703,,Surface,5,Image 1,1,3632,
0.775391,,Surface,5,Image 1,1,3633,
38.875,,Surface,5,Image 1,1,3634,
65.375,,Surface,5,Image 1,1,3635,
1.14746,,Surface,5,Image 1,1,3636,
112.875,,Surface,5,Image 1,1,3637,
42.1875,,Surface,5,Image 1,1,3638,
0.561035,,Surface,5,Image 1,1,3639,
5.87891,,Surface,5,Image 1,1,3640,
7.21875,,Surface,5,Image 1,1,3641,
0.085083,,Surface,5,Image 1,1,3642,
64.875,,Surface,5,Image 1,1,3643,
18,,Surface,5,Image 1,1,3644,
12.3281,,Surface,5,Image 1,1,3645,
3.74023,,Surface,5,Image 1,1,3646,
123.5,,Surface,5,Image 1,1,3647,
4.92188,,Surface,5,Image 1,1,3648,
2.91797,,Surface,5,Image 1,1,3649,
63.6875,,Surface,5,Image 1,1,3650,
10.9531,,Surface,5,Image 1,1,3651,
35.5625,,Surface,5,Image 1,1,3652,
1.15918,,Surface,5,Image 1,1,3653,
22.1562,,Surface,5,Image 1,1,3655,
8.60938,,Surface,5,Image 1,1,3656,
0.76416,,Surface,5,Image 1,1,3657,
0.56543,,Surface,5,Image 1,1,3658,
0.634277,,Surface,5,Image 1,1,3659,
14,,Surface,5,Image 1,1,3660,
6.53613e-05,,Surface,5,Image 1,1,3661,
12.6406,,Surface,5,Image 1,1,3663,
6.4375,,Surface,5,Image 1,1,3664,
37.6875,,Surface,5,Image 1,1,3665,
72.9375,,Surface,5,Image 1,1,3666,
5.78906,,Surface,5,Image 1,1,3668,
19.25,,Surface,5,Image 1,1,3669,
0.0189209,,Surface,5,Image 1,1,3670,
5.375,,Surface,5,Image 1,1,3671,
65.1875,,Surface,5,Image 1,1,3672,
10.9453,,Surface,5,Image 1,1,3674,
6.40234,,Surface,5,Image 1,1,3675,
4.83203,,Surface,5,Image 1,1,3676,
3.02148,,Surface,5,Image 1,1,3677,
1.14062,,Surface,5,Image 1,1,3679,
65.375,,Surface,5,Image 1,1,3680,
7.21094,,Surface,5,Image 1,1,3681,
4.59375,,Surface,5,Image 1,1,3682,
7.85547,,Surface,5,Image 1,1,3683,
17.75,,Surface,5,Image 1,1,3684,
5.92188,,Surface,5,Image 1,1,3685,
3.40039,,Surface,5,Image 1,1,3686,
3.02344,,Surface,5,Image 1,1,3687,
5.56641,,Surface,5,Image 1,1,3688,
1.78906,,Surface,5,Image 1,1,3690,
26.0625,,Surface,5,Image 1,1,3691,
139.562,,Surface,5,Image 1,1,3692,
13.6328,,Surface,5,Image 1,1,3693,
4.98828,,Surface,5,Image 1,1,3694,
0.66748,,Surface,5,Image 1,1,3695,
64.375,,Surface,5,Image 1,1,3696,
2.73438,,Surface,5,Image 1,1,3698,
61.875,,Surface,5,Image 1,1,3699,
2.01562,,Surface,5,Image 1,1,3700,
88.875,,Surface,5,Image 1,1,3701,
177.375,,Surface,5,Image 1,1,3702,
2.16406,,Surface,5,Image 1,1,3704,
3.09766,,Surface,5,Image 1,1,3705,
0.915039,,Surface,5,Image 1,1,3707,
4.32617,,Surface,5,Image 1,1,3708,
5.58594,,Surface,5,Image 1,1,3709,
29.0938,,Surface,5,Image 1,1,3710,
87.5625,,Surface,5,Image 1,1,3711,
1.3252,,Surface,5,Image 1,1,3712,
95.4375,,Surface,5,Image 1,1,3715,
5.04688,,Surface,5,Image 1,1,3716,
4.90625,,Surface,5,Image 1,1,3717,
4.11133,,Surface,5,Image 1,1,3718,
6.92188,,Surface,5,Image 1,1,3719,
4.61328,,Surface,5,Image 1,1,3721,
59.6875,,Surface,5,Image 1,1,3722,
7.96875,,Surface,5,Image 1,1,3723,
2.55078,,Surface,5,Image 1,1,3724,
0.31543,,Surface,5,Image 1,1,3725,
0.951172,,Surface,5,Image 1,1,3727,
101.25,,Surface,5,Image 1,1,3728,
152.75,,Surface,5,Image 1,1,3729,
75.4375,,Surface,5,Image 1,1,3730,
3.39062,,Surface,5,Image 1,1,3732,
0.919922,,Surface,5,Image 1,1,3733,
1.51758,,Surface,5,Image 1,1,3734,
4.12891,,Surface,5,Image 1,1,3735,
4.91016,,Surface,5,Image 1,1,3736,
0.301758,,Surface,5,Image 1,1,3737,
23.3438,,Surface,5,Image 1,1,3738,
63.9375,,Surface,5,Image 1,1,3739,
18.7969,,Surface,5,Image 1,1,3740,
4.11719,,Surface,5,Image 1,1,3741,
22.3125,,Surface,5,Image 1,1,3742,
18.6875,,Surface,5,Image 1,1,3743,
0.0820312,,Surface,5,Image 1,1,3744,
45.9375,,Surface,5,Image 1,1,3745,
16.3438,,Surface,5,Image 1,1,3746,
34.4375,,Surface,5,Image 1,1,3747,
10.9531,,Surface,5,Image 1,1,3749,
2.88672,,Surface,5,Image 1,1,3750,
12.1328,,Surface,5,Image 1,1,3751,
48.4375,,Surface,5,Image 1,1,3752,
0.653809,,Surface,5,Image 1,1,3753,
3.43555,,Surface,5,Image 1,1,3754,
17.5312,,Surface,5,Image 1,1,3755,
0.100586,,Surface,5,Image 1,1,3756,
1.80469,,Surface,5,Image 1,1,3757,
3.07227,,Surface,5,Image 1,1,3758,
2.4375,,Surface,5,Image 1,1,3759,
2.06055,,Surface,5,Image 1,1,3760,
3.72266,,Surface,5,Image 1,1,3761,
3.44922,,Surface,5,Image 1,1,3763,
25.875,,Surface,5,Image 1,1,3764,
2.62891,,Surface,5,Image 1,1,3765,
1.20312,,Surface,5,Image 1,1,3768,
9.49219,,Surface,5,Image 1,1,3770,
9.96094,,Surface,5,Image 1,1,3771,
148.5,,Surface,5,Image 1,1,3772,
0.00939941,,Surface,5,Image 1,1,3773,
5.30469,,Surface,5,Image 1,1,3774,
36.9375,,Surface,5,Image 1,1,3775,
0.993164,,Surface,5,Image 1,1,3776,
4.24805,,Surface,5,Image 1,1,3777,
39.8125,,Surface,5,Image 1,1,3782,
3.05273,,Surface,5,Image 1,1,3783,
0.461426,,Surface,5,Image 1,1,3784,
2.64062,,Surface,5,Image 1,1,3785,
1.3252,,Surface,5,Image 1,1,3786,
181,,Surface,5,Image 1,1,3787,
4.34375,,Surface,5,Image 1,1,3788,
2.73828,,Surface,5,Image 1,1,3789,
113.75,,Surface,5,Image 1,1,3790,
1.59375,,Surface,5,Image 1,1,3791,
0.90332,,Surface,5,Image 1,1,3792,
4.02344,,Surface,5,Image 1,1,3793,
1.45117,,Surface,5,Image 1,1,3794,
35.875,,Surface,5,Image 1,1,3796,
3.26562,,Surface,5,Image 1,1,3797,
8.10547,,Surface,5,Image 1,1,3798,
22.5,,Surface,5,Image 1,1,3799,
148.375,,Surface,5,Image 1,1,3800,
14.6875,,Surface,5,Image 1,1,3802,
1.71973,,Surface,5,Image 1,1,3803,
1.35645,,Surface,5,Image 1,1,3804,
3.77539,,Surface,5,Image 1,1,3806,
88.875,,Surface,5,Image 1,1,3807,
13.0703,,Surface,5,Image 1,1,3808,
67.5,,Surface,5,Image 1,1,3809,
19.8125,,Surface,5,Image 1,1,3810,
59.9375,,Surface,5,Image 1,1,3811,
2.88477,,Surface,5,Image 1,1,3812,
68.375,,Surface,5,Image 1,1,3814,
0.598633,,Surface,5,Image 1,1,3815,
3.26172,,Surface,5,Image 1,1,3816,
5.11719,,Surface,5,Image 1,1,3817,
3.18359,,Surface,5,Image 1,1,3818,
2.63281,,Surface,5,Image 1,1,3820,
1.76758,,Surface,5,Image 1,1,3821,
12.1094,,Surface,5,Image 1,1,3824,
59.1875,,Surface,5,Image 1,1,3825,
6.75391,,Surface,5,Image 1,1,3826,
51.4375,,Surface,5,Image 1,1,3827,
2.4375,,Surface,5,Image 1,1,3828,
26,,Surface,5,Image 1,1,3829,
5.02734,,Surface,5,Image 1,1,3830,
5.99219,,Surface,5,Image 1,1,3831,
65.25,,Surface,5,Image 1,1,3833,
55.6875,,Surface,5,Image 1,1,3834,
6.84375,,Surface,5,Image 1,1,3836,
11.0469,,Surface,5,Image 1,1,3838,
28.9375,,Surface,5,Image 1,1,3839,
6.82422,,Surface,5,Image 1,1,3840,
10.3594,,Surface,5,Image 1,1,3841,
4.4375,,Surface,5,Image 1,1,3842,
1.63281,,Surface,5,Image 1,1,3843,
6.65625,,Surface,5,Image 1,1,3844,
7.1875,,Surface,5,Image 1,1,3845,
3.83984,,Surface,5,Image 1,1,3847,
5.43945,,Surface,5,Image 1,1,3848,
6.60938,,Surface,5,Image 1,1,3849,
27.375,,Surface,5,Image 1,1,3850,
5.72656,,Surface,5,Image 1,1,3851,
34.5312,,Surface,5,Image 1,1,3852,
57.8125,,Surface,5,Image 1,1,3853,
64.5938,,Surface,5,Image 1,1,3854,
4.71094,,Surface,5,Image 1,1,3855,
0.681641,,Surface,5,Image 1,1,3856,
13.5938,,Surface,5,Image 1,1,3857,
72.5625,,Surface,5,Image 1,1,3858,
36.6094,,Surface,5,Image 1,1,3859,
65.625,,Surface,5,Image 1,1,3860,
6.58035e-05,,Surface,5,Image 1,1,3861,
98.5312,,Surface,5,Image 1,1,3862,
68.8125,,Surface,5,Image 1,1,3864,
46,,Surface,5,Image 1,1,3865,
8.75781,,Surface,5,Image 1,1,3866,
45.6875,,Surface,5,Image 1,1,3867,
0.447754,,Surface,5,Image 1,1,3868,
0.000297546,,Surface,5,Image 1,1,3869,
2.91016,,Surface,5,Image 1,1,3871,
0.841797,,Surface,5,Image 1,1,3872,
2.09082,,Surface,5,Image 1,1,3873,
9.4375,,Surface,5,Image 1,1,3874,
5.46484,,Surface,5,Image 1,1,3875,
21.3125,,Surface,5,Image 1,1,3876,
0.434814,,Surface,5,Image 1,1,3877,
2.02539,,Surface,5,Image 1,1,3880,
99.5,,Surface,5,Image 1,1,3881,
22.5,,Surface,5,Image 1,1,3882,
47.25,,Surface,5,Image 1,1,3883,
11.625,,Surface,5,Image 1,1,3885,
2.7832,,Surface,5,Image 1,1,3886,
32.875,,Surface,5,Image 1,1,3887,
3.29688,,Surface,5,Image 1,1,3889,
54.125,,Surface,5,Image 1,1,3890,
7.86719,,Surface,5,Image 1,1,3892,
142.375,,Surface,5,Image 1,1,3893,
3.64844,,Surface,5,Image 1,1,3894,
8.53125,,Surface,5,Image 1,1,3895,
46.3125,,Surface,5,Image 1,1,3896,
3.69922,,Surface,5,Image 1,1,3897,
3.6582,,Surface,5,Image 1,1,3898,
6.24219,,Surface,5,Image 1,1,3899,
140.25,,Surface,5,Image 1,1,3900,
0.748047,,Surface,5,Image 1,1,3901,
0.00982666,,Surface,5,Image 1,1,3902,
266.188,,Surface,5,Image 1,1,3903,
50.625,,Surface,5,Image 1,1,3904,
0.408203,,Surface,5,Image 1,1,3906,
1.31543,,Surface,5,Image 1,1,3907,
4.47852,,Surface,5,Image 1,1,3908,
4.65625,,Surface,5,Image 1,1,3909,
8.98438,,Surface,5,Image 1,1,3910,
3.27734,,Surface,5,Image 1,1,3911,
0.307129,,Surface,5,Image 1,1,3912,
108.25,,Surface,5,Image 1,1,3913,
11.3125,,Surface,5,Image 1,1,3914,
0.212891,,Surface,5,Image 1,1,3915,
6.53613e-05,,Surface,5,Image 1,1,3916,
69.875,,Surface,5,Image 1,1,3917,
6.78906,,Surface,5,Image 1,1,3918,
143.438,,Surface,5,Image 1,1,3919,
2.09326,,Surface,5,Image 1,1,3920,
31.6875,,Surface,5,Image 1,1,3921,
13.25,,Surface,5,Image 1,1,3922,
17.7188,,Surface,5,Image 1,1,3923,
67.5625,,Surface,5,Image 1,1,3924,
184.938,,Surface,5,Image 1,1,3925,
40.625,,Surface,5,Image 1,1,3927,
5.79688,,Surface,5,Image 1,1,3928,
7.01562,,Surface,5,Image 1,1,3929,
3.84766,,Surface,5,Image 1,1,3930,
1.37109,,Surface,5,Image 1,1,3932,
3.69922,,Surface,5,Image 1,1,3935,
4.19727,,Surface,5,Image 1,1,3936,
0.553223,,Surface,5,Image 1,1,3937,
14.0703,,Surface,5,Image 1,1,3939,
43.8125,,Surface,5,Image 1,1,3941,
0.583252,,Surface,5,Image 1,1,3942,
4.19141,,Surface,5,Image 1,1,3943,
60.4062,,Surface,5,Image 1,1,3945,
0.523926,,Surface,5,Image 1,1,3947,
4.85352,,Surface,5,Image 1,1,3948,
0.381836,,Surface,5,Image 1,1,3949,
52.5938,,Surface,5,Image 1,1,3950,
52.7344,,Surface,5,Image 1,1,3951,
2.0625,,Surface,5,Image 1,1,3952,
12.1562,,Surface,5,Image 1,1,3953,
14.3438,,Surface,5,Image 1,1,3954,
0.835938,,Surface,5,Image 1,1,3955,
126.688,,Surface,5,Image 1,1,3958,
1.01758,,Surface,5,Image 1,1,3959,
61.625,,Surface,5,Image 1,1,3960,
6.53613e-05,,Surface,5,Image 1,1,3961,
14.6562,,Surface,5,Image 1,1,3962,
12.1875,,Surface,5,Image 1,1,3964,
3.45312,,Surface,5,Image 1,1,3965,
43.75,,Surface,5,Image 1,1,3966,
4.39062,,Surface,5,Image 1,1,3967,
0.10791,,Surface,5,Image 1,1,3968,
1.2627,,Surface,5,Image 1,1,3970,
16.1875,,Surface,5,Image 1,1,3971,
4.10547,,Surface,5,Image 1,1,3972,
1.86719,,Surface,5,Image 1,1,3974,
26.375,,Surface,5,Image 1,1,3975,
7.94336,,Surface,5,Image 1,1,3976,
40.875,,Surface,5,Image 1,1,3977,
0.703125,,Surface,5,Image 1,1,3979,
1.75977,,Surface,5,Image 1,1,3980,
3.625,,Surface,5,Image 1,1,3981,
3.07812,,Surface,5,Image 1,1,3982,
0.973633,,Surface,5,Image 1,1,3983,
11.1562,,Surface,5,Image 1,1,3984,
0.463867,,Surface,5,Image 1,1,3985,
3.03516,,Surface,5,Image 1,1,3986,
56.7188,,Surface,5,Image 1,1,3987,
9.07812,,Surface,5,Image 1,1,3988,
0.0585938,,Surface,5,Image 1,1,3989,
1.58398,,Surface,5,Image 1,1,3990,
10.8125,,Surface,5,Image 1,1,3991,
72.0312,,Surface,5,Image 1,1,3992,
6.53516,,Surface,5,Image 1,1,3993,
3.31836,,Surface,5,Image 1,1,3994,
28.5938,,Surface,5,Image 1,1,3995,
10.4062,,Surface,5,Image 1,1,3997,
13.6719,,Surface,5,Image 1,1,3998,
5.11719,,Surface,5,Image 1,1,3999,
3.67188,,Surface,5,Image 1,1,4000,
0.853516,,Surface,5,Image 1,1,4001,
20.1875,,Surface,5,Image 1,1,4002,
6.67572e-05,,Surface,5,Image 1,1,4003,
5.45898,,Surface,5,Image 1,1,4004,
11.1562,,Surface,5,Image 1,1,4005,
24.7812,,Surface,5,Image 1,1,4006,
67.1875,,Surface,5,Image 1,1,4008,
3.13477,,Surface,5,Image 1,1,4009,
49.125,,Surface,5,Image 1,1,4010,
3.44141,,Surface,5,Image 1,1,4011,
4.53125,,Surface,5,Image 1,1,4012,
6.53613e-05,,Surface,5,Image 1,1,4013,
35.0625,,Surface,5,Image 1,1,4014,
4.9082,,Surface,5,Image 1,1,4015,
19.6875,,Surface,5,Image 1,1,4016,
1.99805,,Surface,5,Image 1,1,4017,
1.7168,,Surface,5,Image 1,1,4018,
4.29688,,Surface,5,Image 1,1,4019,
3.05664,,Surface,5,Image 1,1,4020,
1.6748,,Surface,5,Image 1,1,4021,
57.3125,,Surface,5,Image 1,1,4022,
8.71875,,Surface,5,Image 1,1,4024,
43.6562,,Surface,5,Image 1,1,4025,
32.875,,Surface,5,Image 1,1,4026,
1.08887,,Surface,5,Image 1,1,4027,
123.938,,Surface,5,Image 1,1,4028,
3.60938,,Surface,5,Image 1,1,4029,
27.0625,,Surface,5,Image 1,1,4030,
7.84375,,Surface,5,Image 1,1,4031,
2.47363,,Surface,5,Image 1,1,4032,
3.52539,,Surface,5,Image 1,1,4033,
0.0307617,,Surface,5,Image 1,1,4034,
85.625,,Surface,5,Image 1,1,4035,
5.88672,,Surface,5,Image 1,1,4036,
5.38281,,Surface,5,Image 1,1,4039,
5.64844,,Surface,5,Image 1,1,4040,
32.3438,,Surface,5,Image 1,1,4041,
0.826172,,Surface,5,Image 1,1,4042,
4.59375,,Surface,5,Image 1,1,4043,
3.35352,,Surface,5,Image 1,1,4045,
7.03125,,Surface,5,Image 1,1,4046,
5.33008,,Surface,5,Image 1,1,4048,
12.75,,Surface,5,Image 1,1,4049,
3.44141,,Surface,5,Image 1,1,4050,
0.0561523,,Surface,5,Image 1,1,4052,
67.25,,Surface,5,Image 1,1,4053,
3.30664,,Surface,5,Image 1,1,4054,
0.290771,,Surface,5,Image 1,1,4055,
10.0547,,Surface,5,Image 1,1,4056,
25.2812,,Surface,5,Image 1,1,4057,
6.89062,,Surface,5,Image 1,1,4058,
1.50195,,Surface,5,Image 1,1,4059,
3.00391,,Surface,5,Image 1,1,4060,
4.21875,,Surface,5,Image 1,1,4061,
4.32227,,Surface,5,Image 1,1,4062,
6.53613e-05,,Surface,5,Image 1,1,4063,
1.49121,,Surface,5,Image 1,1,4064,
45.9375,,Surface,5,Image 1,1,4065,
18.0312,,Surface,5,Image 1,1,4066,
7.5625,,Surface,5,Image 1,1,4067,
15.3125,,Surface,5,Image 1,1,4068,
1.41406,,Surface,5,Image 1,1,4069,
0.583008,,Surface,5,Image 1,1,4070,
4.40234,,Surface,5,Image 1,1,4071,
5.76953,,Surface,5,Image 1,1,4072,
3.72852,,Surface,5,Image 1,1,4073,
5.80469,,Surface,5,Image 1,1,4074,
9.02344,,Surface,5,Image 1,1,4076,
148.062,,Surface,5,Image 1,1,4077,
83.625,,Surface,5,Image 1,1,4078,
17.4062,,Surface,5,Image 1,1,4080,
2.91211,,Surface,5,Image 1,1,4081,
2.14062,,Surface,5,Image 1,1,4084,
0.0395508,,Surface,5,Image 1,1,4086,
4.53711,,Surface,5,Image 1,1,4087,
34.9375,,Surface,5,Image 1,1,4089,
5.37109,,Surface,5,Image 1,1,4090,
4.46484,,Surface,5,Image 1,1,4092,
0.737305,,Surface,5,Image 1,1,4093,
14.6719,,Surface,5,Image 1,1,4094,
51.8438,,Surface,5,Image 1,1,4095,
192.375,,Surface,5,Image 1,1,4098,
3.14844,,Surface,5,Image 1,1,4100,
16.4688,,Surface,5,Image 1,1,4101,
4.24219,,Surface,5,Image 1,1,4102,
0.00170898,,Surface,5,Image 1,1,4103,
1.68848,,Surface,5,Image 1,1,4104,
0.376343,,Surface,5,Image 1,1,4106,
85.1875,,Surface,5,Image 1,1,4107,
5.18945,,Surface,5,Image 1,1,4109,
9.54297,,Surface,5,Image 1,1,4111,
0.048645,,Surface,5,Image 1,1,4112,
12.1875,,Surface,5,Image 1,1,4113,
1.66406,,Surface,5,Image 1,1,4114,
1.25049,,Surface,5,Image 1,1,4115,
15.375,,Surface,5,Image 1,1,4116,
6.01562,,Surface,5,Image 1,1,4117,
26.7812,,Surface,5,Image 1,1,4118,
9.35938,,Surface,5,Image 1,1,4119,
4.00391,,Surface,5,Image 1,1,4120,
5.5,,Surface,5,Image 1,1,4121,
0.0114746,,Surface,5,Image 1,1,4124,
4.16406,,Surface,5,Image 1,1,4125,
3.27344,,Surface,5,Image 1,1,4127,
6.53613e-05,,Surface,5,Image 1,1,4128,
12.3906,,Surface,5,Image 1,1,4129,
22.625,,Surface,5,Image 1,1,4130,
6.79688,,Surface,5,Image 1,1,4131,
36.4375,,Surface,5,Image 1,1,4132,
7.90625,,Surface,5,Image 1,1,4135,
6.86646e-05,,Surface,5,Image 1,1,4136,
4.64062,,Surface,5,Image 1,1,4137,
0.647949,,Surface,5,Image 1,1,4138,
24.4375,,Surface,5,Image 1,1,4139,
3.73047,,Surface,5,Image 1,1,4141,
18.6875,,Surface,5,Image 1,1,4142,
3.82422,,Surface,5,Image 1,1,4143,
3.25391,,Surface,5,Image 1,1,4144,
12.9375,,Surface,5,Image 1,1,4146,
8.65625,,Surface,5,Image 1,1,4147,
8.76172,,Surface,5,Image 1,1,4148,
8.20312,,Surface,5,Image 1,1,4149,
8.4375,,Surface,5,Image 1,1,4150,
12.5,,Surface,5,Image 1,1,4151,
8.42188,,Surface,5,Image 1,1,4152,
3.13477,,Surface,5,Image 1,1,4154,
3.82812,,Surface,5,Image 1,1,4155,
25.4375,,Surface,5,Image 1,1,4156,
3.87109,,Surface,5,Image 1,1,4157,
99.25,,Surface,5,Image 1,1,4158,
0.30127,,Surface,5,Image 1,1,4160,
2.00781,,Surface,5,Image 1,1,4161,
2.4707,,Surface,5,Image 1,1,4162,
3.19531,,Surface,5,Image 1,1,4163,
5.9375,,Surface,5,Image 1,1,4164,
27.3125,,Surface,5,Image 1,1,4165,
52.4375,,Surface,5,Image 1,1,4167,
0.215088,,Surface,5,Image 1,1,4168,
7.23438,,Surface,5,Image 1,1,4169,
10.7812,,Surface,5,Image 1,1,4170,
41.9375,,Surface,5,Image 1,1,4171,
3.69141,,Surface,5,Image 1,1,4172,
3.37109,,Surface,5,Image 1,1,4174,
2.13086,,Surface,5,Image 1,1,4176,
110.688,,Surface,5,Image 1,1,4177,
4.14453,,Surface,5,Image 1,1,4178,
1.06445,,Surface,5,Image 1,1,4179,
88.1875,,Surface,5,Image 1,1,4180,
6.53613e-05,,Surface,5,Image 1,1,4181,
52.3125,,Surface,5,Image 1,1,4183,
2.82617,,Surface,5,Image 1,1,4184,
1.14404,,Surface,5,Image 1,1,4185,
3.77734,,Surface,5,Image 1,1,4187,
7.76562,,Surface,5,Image 1,1,4188,
5.82812,,Surface,5,Image 1,1,4190,
8.9375,,Surface,5,Image 1,1,4191,
0.09021,,Surface,5,Image 1,1,4192,
4.98047,,Surface,5,Image 1,1,4193,
7.09375,,Surface,5,Image 1,1,4194,
94.375,,Surface,5,Image 1,1,4195,
2.51953,,Surface,5,Image 1,1,4199,
5.04297,,Surface,5,Image 1,1,4200,
4.13281,,Surface,5,Image 1,1,4201,
0.835938,,Surface,5,Image 1,1,4202,
8.13281,,Surface,5,Image 1,1,4203,
3.02344,,Surface,5,Image 1,1,4205,
0.125977,,Surface,5,Image 1,1,4206,
4.60547,,Surface,5,Image 1,1,4207,
1.81836,,Surface,5,Image 1,1,4208,
6.40234,,Surface,5,Image 1,1,4209,
17.0938,,Surface,5,Image 1,1,4210,
29.4375,,Surface,5,Image 1,1,4211,
8.34375,,Surface,5,Image 1,1,4212,
2.81055,,Surface,5,Image 1,1,4213,
25.375,,Surface,5,Image 1,1,4215,
0.402832,,Surface,5,Image 1,1,4216,
36.3125,,Surface,5,Image 1,1,4219,
3.22266,,Surface,5,Image 1,1,4220,
1.75391,,Surface,5,Image 1,1,4221,
23.9375,,Surface,5,Image 1,1,4222,
4.91016,,Surface,5,Image 1,1,4223,
22.5625,,Surface,5,Image 1,1,4224,
39.75,,Surface,5,Image 1,1,4225,
1.69727,,Surface,5,Image 1,1,4226,
4.01172,,Surface,5,Image 1,1,4229,
47.875,,Surface,5,Image 1,1,4230,
0.708984,,Surface,5,Image 1,1,4231,
6.73438,,Surface,5,Image 1,1,4232,
0.00112915,,Surface,5,Image 1,1,4233,
0.0078125,,Surface,5,Image 1,1,4234,
46.875,,Surface,5,Image 1,1,4235,
4.66797,,Surface,5,Image 1,1,4236,
3.63867,,Surface,5,Image 1,1,4237,
17.125,,Surface,5,Image 1,1,4239,
23.0625,,Surface,5,Image 1,1,4240,
0.00146484,,Surface,5,Image 1,1,4241,
11.9375,,Surface,5,Image 1,1,4242,
6.53613e-05,,Surface,5,Image 1,1,4243,
4.61523,,Surface,5,Image 1,1,4244,
2.75781,,Surface,5,Image 1,1,4245,
5.26172,,Surface,5,Image 1,1,4246,
9.53125,,Surface,5,Image 1,1,4247,
0.00415039,,Surface,5,Image 1,1,4248,
9.9375,,Surface,5,Image 1,1,4250,
179.312,,Surface,5,Image 1,1,4251,
2.91602,,Surface,5,Image 1,1,4252,
40.6875,,Surface,5,Image 1,1,4253,
5.83203,,Surface,5,Image 1,1,4254,
23.9375,,Surface,5,Image 1,1,4256,
3.66406,,Surface,5,Image 1,1,4257,
0.00274658,,Surface,5,Image 1,1,4258,
1.89453,,Surface,5,Image 1,1,4259,
1.06348,,Surface,5,Image 1,1,4260,
27.6875,,Surface,5,Image 1,1,4261,
2.90625,,Surface,5,Image 1,1,4263,
4.10156,,Surface,5,Image 1,1,4265,
5.17969,,Surface,5,Image 1,1,4266,
0.330078,,Surface,5,Image 1,1,4267,
0.115234,,Surface,5,Image 1,1,4268,
0.802734,,Surface,5,Image 1,1,4270,
6.70312,,Surface,5,Image 1,1,4271,
4.27344,,Surface,5,Image 1,1,4272,
2.07812,,Surface,5,Image 1,1,4273,
2.57227,,Surface,5,Image 1,1,4274,
3.57422,,Surface,5,Image 1,1,4275,
2.85938,,Surface,5,Image 1,1,4276,
6.53613e-05,,Surface,5,Image 1,1,4277,
21.1875,,Surface,5,Image 1,1,4278,
2.32324,,Surface,5,Image 1,1,4279,
6.01562,,Surface,5,Image 1,1,4280,
15.3906,,Surface,5,Image 1,1,4282,
1.46191,,Surface,5,Image 1,1,4283,
15.8438,,Surface,5,Image 1,1,4285,
37.8125,,Surface,5,Image 1,1,4286,
3.56445,,Surface,5,Image 1,1,4287,
7.66406,,Surface,5,Image 1,1,4288,
8.96875,,Surface,5,Image 1,1,4289,
3.85352,,Surface,5,Image 1,1,4291,
5.33984,,Surface,5,Image 1,1,4292,
12.8125,,Surface,5,Image 1,1,4293,
6.72656,,Surface,5,Image 1,1,4294,
2.76172,,Surface,5,Image 1,1,4295,
1.03516,,Surface,5,Image 1,1,4296,
21.4219,,Surface,5,Image 1,1,4297,
1.6084,,Surface,5,Image 1,1,4298,
2.69336,,Surface,5,Image 1,1,4299,
26.3438,,Surface,5,Image 1,1,4300,
5.44141,,Surface,5,Image 1,1,4302,
187.312,,Surface,5,Image 1,1,4303,
2.91406,,Surface,5,Image 1,1,4304,
8.625,,Surface,5,Image 1,1,4305,
3.02344,,Surface,5,Image 1,1,4306,
5.78125,,Surface,5,Image 1,1,4307,
5.72656,,Surface,5,Image 1,1,4308,
128.875,,Surface,5,Image 1,1,4309,
4.86133,,Surface,5,Image 1,1,4310,
4.01172,,Surface,5,Image 1,1,4312,
4.73438,,Surface,5,Image 1,1,4313,
3.33398,,Surface,5,Image 1,1,4314,
4.49219,,Surface,5,Image 1,1,4315,
3.4668,,Surface,5,Image 1,1,4316,
25.875,,Surface,5,Image 1,1,4317,
0.933594,,Surface,5,Image 1,1,4318,
3.05078,,Surface,5,Image 1,1,4319,
3.96875,,Surface,5,Image 1,1,4320,
0.825195,,Surface,5,Image 1,1,4321,
3.80859,,Surface,5,Image 1,1,4322,
5.59375,,Surface,5,Image 1,1,4323,
3.27344,,Surface,5,Image 1,1,4324,
51.4375,,Surface,5,Image 1,1,4325,
144.438,,Surface,5,Image 1,1,4326,
0.828125,,Surface,5,Image 1,1,4327,
33.0625,,Surface,5,Image 1,1,4328,
31.625,,Surface,5,Image 1,1,4329,
1.12988,,Surface,5,Image 1,1,4330,
4.17969,,Surface,5,Image 1,1,4331,
1.37793,,Surface,5,Image 1,1,4333,
1.09668,,Surface,5,Image 1,1,4334,
0.615723,,Surface,5,Image 1,1,4335,
0.00575256,,Surface,5,Image 1,1,4336,
6.53613e-05,,Surface,5,Image 1,1,4338,
3.60938,,Surface,5,Image 1,1,4339,
1.2207,,Surface,5,Image 1,1,4340,
30.9375,,Surface,5,Image 1,1,4341,
0.740234,,Surface,5,Image 1,1,4342,
5.42578,,Surface,5,Image 1,1,4344,
4.35156,,Surface,5,Image 1,1,4345,
83.625,,Surface,5,Image 1,1,4346,
3.96484,,Surface,5,Image 1,1,4347,
18.3047,,Surface,5,Image 1,1,4348,
8.35156,,Surface,5,Image 1,1,4349,
15.6406,,Surface,5,Image 1,1,4350,
8.10938,,Surface,5,Image 1,1,4351,
4.31641,,Surface,5,Image 1,1,4352,
0.000831604,,Surface,5,Image 1,1,4353,
5.24219,,Surface,5,Image 1,1,4355,
3.14062,,Surface,5,Image 1,1,4356,
6.85938,,Surface,5,Image 1,1,4357,
1.62988,,Surface,5,Image 1,1,4358,
4.15234,,Surface,5,Image 1,1,4359,
8.01562,,Surface,5,Image 1,1,4360,
5.09375,,Surface,5,Image 1,1,4361,
1.53613,,Surface,5,Image 1,1,4362,
72.5,,Surface,5,Image 1,1,4364,
0.000166178,,Surface,5,Image 1,1,4365,
0.0334473,,Surface,5,Image 1,1,4366,
3.01953,,Surface,5,Image 1,1,4367,
0.543945,,Surface,5,Image 1,1,4368,
5.31641,,Surface,5,Image 1,1,4369,
1.64941,,Surface,5,Image 1,1,4370,
2.41211,,Surface,5,Image 1,1,4371,
3.11523,,Surface,5,Image 1,1,4372,
137.188,,Surface,5,Image 1,1,4373,
3.11133,,Surface,5,Image 1,1,4374,
1.94922,,Surface,5,Image 1,1,4376,
0.0275879,,Surface,5,Image 1,1,4377,
5.83203,,Surface,5,Image 1,1,4378,
2.98633,,Surface,5,Image 1,1,4379,
0.000320435,,Surface,5,Image 1,1,4380,
58.4375,,Surface,5,Image 1,1,4381,
5.0293,,Surface,5,Image 1,1,4382,
9.01222e-05,,Surface,5,Image 1,1,4383,
8.15625,,Surface,5,Image 1,1,4384,
1.47559,,Surface,5,Image 1,1,4385,
3.11328,,Surface,5,Image 1,1,4386,
96.5625,,Surface,5,Image 1,1,4387,
19.7812,,Surface,5,Image 1,1,4388,
2.50195,,Surface,5,Image 1,1,4389,
72,,Surface,5,Image 1,1,4390,
3.28711,,Surface,5,Image 1,1,4391,
4.70312,,Surface,5,Image 1,1,4392,
0.669922,,Surface,5,Image 1,1,4393,
6.76562,,Surface,5,Image 1,1,4394,
1.3418,,Surface,5,Image 1,1,4397,
4.6543,,Surface,5,Image 1,1,4398,
4.84375,,Surface,5,Image 1,1,4400,
43.9688,,Surface,5,Image 1,1,4403,
12.9688,,Surface,5,Image 1,1,4405,
3.80469,,Surface,5,Image 1,1,4406,
5.84375,,Surface,5,Image 1,1,4407,
6.14062,,Surface,5,Image 1,1,4408,
40.3125,,Surface,5,Image 1,1,4409,
2.9043,,Surface,5,Image 1,1,4410,
66.3125,,Surface,5,Image 1,1,4411,
4.01172,,Surface,5,Image 1,1,4412,
21.2812,,Surface,5,Image 1,1,4413,
43.3203,,Surface,5,Image 1,1,4414,
13.4219,,Surface,5,Image 1,1,4415,
1.05078,,Surface,5,Image 1,1,4416,
0.956055,,Surface,5,Image 1,1,4417,
3.93945,,Surface,5,Image 1,1,4418,
2.62402,,Surface,5,Image 1,1,4419,
38.1875,,Surface,5,Image 1,1,4420,
2.11328,,Surface,5,Image 1,1,4421,
0.938965,,Surface,5,Image 1,1,4422,
3.65234,,Surface,5,Image 1,1,4423,
55.0625,,Surface,5,Image 1,1,4425,
5.35547,,Surface,5,Image 1,1,4427,
17.0312,,Surface,5,Image 1,1,4429,
14.0469,,Surface,5,Image 1,1,4430,
123.375,,Surface,5,Image 1,1,4431,
31.1875,,Surface,5,Image 1,1,4433,
5.26562,,Surface,5,Image 1,1,4434,
8.67969,,Surface,5,Image 1,1,4436,
2.98438,,Surface,5,Image 1,1,4437,
5.5625,,Surface,5,Image 1,1,4438,
16.125,,Surface,5,Image 1,1,4439,
1.17383,,Surface,5,Image 1,1,4441,
0.424316,,Surface,5,Image 1,1,4442,
18.8438,,Surface,5,Image 1,1,4443,
4.10352,,Surface,5,Image 1,1,4444,
0.000274658,,Surface,5,Image 1,1,4445,
35.0625,,Surface,5,Image 1,1,4447,
18.0625,,Surface,5,Image 1,1,4448,
8.6875,,Surface,5,Image 1,1,4449,
49.625,,Surface,5,Image 1,1,4451,
6.90625,,Surface,5,Image 1,1,4452,
0.330078,,Surface,5,Image 1,1,4454,
2.54492,,Surface,5,Image 1,1,4455,
5.9375,,Surface,5,Image 1,1,4457,
27.9688,,Surface,5,Image 1,1,4458,
7.9375,,Surface,5,Image 1,1,4460,
1.50879,,Surface,5,Image 1,1,4461,
5.72266,,Surface,5,Image 1,1,4463,
14.6875,,Surface,5,Image 1,1,4464,
6.92188,,Surface,5,Image 1,1,4465,
3.57031,,Surface,5,Image 1,1,4466,
1.29492,,Surface,5,Image 1,1,4467,
3.2168,,Surface,5,Image 1,1,4468,
4.29688,,Surface,5,Image 1,1,4469,
30.875,,Surface,5,Image 1,1,4470,
8.07812,,Surface,5,Image 1,1,4471,
7.8125,,Surface,5,Image 1,1,4473,
0.103271,,Surface,5,Image 1,1,4475,
8.59375,,Surface,5,Image 1,1,4476,
0.019043,,Surface,5,Image 1,1,4477,
10.4375,,Surface,5,Image 1,1,4478,
2.29102,,Surface,5,Image 1,1,4479,
3.5332,,Surface,5,Image 1,1,4480,
0.000183105,,Surface,5,Image 1,1,4481,
0.658691,,Surface,5,Image 1,1,4482,
3.13281,,Surface,5,Image 1,1,4484,
0.366211,,Surface,5,Image 1,1,4485,
3.16211,,Surface,5,Image 1,1,4486,
98.8125,,Surface,5,Image 1,1,4487,
0.0651855,,Surface,5,Image 1,1,4488,
0.849121,,Surface,5,Image 1,1,4491,
54.5625,,Surface,5,Image 1,1,4492,
6.3125,,Surface,5,Image 1,1,4493,
124.938,,Surface,5,Image 1,1,4494,
2.51367,,Surface,5,Image 1,1,4495,
3.19141,,Surface,5,Image 1,1,4496,
102.312,,Surface,5,Image 1,1,4497,
3.14648,,Surface,5,Image 1,1,4499,
183.875,,Surface,5,Image 1,1,4501,
3.57812,,Surface,5,Image 1,1,4503,
3.55078,,Surface,5,Image 1,1,4504,
30.7344,,Surface,5,Image 1,1,4506,
0.000854492,,Surface,5,Image 1,1,4507,
3.86523,,Surface,5,Image 1,1,4508,
29.25,,Surface,5,Image 1,1,4509,
36.75,,Surface,5,Image 1,1,4510,
1.33789,,Surface,5,Image 1,1,4512,
13.8281,,Surface,5,Image 1,1,4513,
0.309082,,Surface,5,Image 1,1,4514,
1.68457,,Surface,5,Image 1,1,4515,
17.0625,,Surface,5,Image 1,1,4517,
0.635742,,Surface,5,Image 1,1,4518,
3.85938,,Surface,5,Image 1,1,4519,
3.61914,,Surface,5,Image 1,1,4523,
0.113281,,Surface,5,Image 1,1,4524,
1.24805,,Surface,5,Image 1,1,4526,
26.0625,,Surface,5,Image 1,1,4527,
41.125,,Surface,5,Image 1,1,4530,
3.5,,Surface,5,Image 1,1,4531,
3.40625,,Surface,5,Image 1,1,4532,
46.8125,,Surface,5,Image 1,1,4533,
3.28516,,Surface,5,Image 1,1,4535,
7.34375,,Surface,5,Image 1,1,4536,
1.37402,,Surface,5,Image 1,1,4537,
8.53125,,Surface,5,Image 1,1,4538,
2.25586,,Surface,5,Image 1,1,4539,
120.312,,Surface,5,Image 1,1,4540,
4.50391,,Surface,5,Image 1,1,4541,
11.5703,,Surface,5,Image 1,1,4542,
36.8125,,Surface,5,Image 1,1,4546,
160.625,,Surface,5,Image 1,1,4547,
3.52734,,Surface,5,Image 1,1,4548,
134.625,,Surface,5,Image 1,1,4550,
5.89453,,Surface,5,Image 1,1,4551,
2.74805,,Surface,5,Image 1,1,4552,
6.53613e-05,,Surface,5,Image 1,1,4553,
1.06445,,Surface,5,Image 1,1,4555,
31.375,,Surface,5,Image 1,1,4556,
2.83008,,Surface,5,Image 1,1,4557,
0.00152588,,Surface,5,Image 1,1,4558,
7.5625,,Surface,5,Image 1,1,4559,
0.344727,,Surface,5,Image 1,1,4560,
4.82812,,Surface,5,Image 1,1,4561,
0.918945,,Surface,5,Image 1,1,4562,
2.83398,,Surface,5,Image 1,1,4563,
1.85938,,Surface,5,Image 1,1,4564,
22.3438,,Surface,5,Image 1,1,4565,
3.68555,,Surface,5,Image 1,1,4567,
1.13379,,Surface,5,Image 1,1,4568,
1.53711,,Surface,5,Image 1,1,4569,
1.56445,,Surface,5,Image 1,1,4571,
1.25977,,Surface,5,Image 1,1,4572,
61.6875,,Surface,5,Image 1,1,4573,
0.00732422,,Surface,5,Image 1,1,4574,
2.28906,,Surface,5,Image 1,1,4576,
31.1875,,Surface,5,Image 1,1,4577,
0.64917,,Surface,5,Image 1,1,4578,
19.7188,,Surface,5,Image 1,1,4580,
6,,Surface,5,Image 1,1,4581,
0.333984,,Surface,5,Image 1,1,4584,
3.4375,,Surface,5,Image 1,1,4585,
0.14624,,Surface,5,Image 1,1,4586,
36.6875,,Surface,5,Image 1,1,4591,
56.8125,,Surface,5,Image 1,1,4592,
0.0150757,,Surface,5,Image 1,1,4594,
2.21582,,Surface,5,Image 1,1,4596,
13.125,,Surface,5,Image 1,1,4597,
87.375,,Surface,5,Image 1,1,4598,
13.2188,,Surface,5,Image 1,1,4599,
90.5625,,Surface,5,Image 1,1,4600,
22.125,,Surface,5,Image 1,1,4601,
29.875,,Surface,5,Image 1,1,4602,
7.26562,,Surface,5,Image 1,1,4604,
0.0175781,,Surface,5,Image 1,1,4606,
8.28906,,Surface,5,Image 1,1,4607,
5.8125,,Surface,5,Image 1,1,4608,
3.39453,,Surface,5,Image 1,1,4610,
10.9219,,Surface,5,Image 1,1,4611,
3.23242,,Surface,5,Image 1,1,4613,
1.57422,,Surface,5,Image 1,1,4614,
2.46875,,Surface,5,Image 1,1,4615,
4.42773,,Surface,5,Image 1,1,4617,
62.5,,Surface,5,Image 1,1,4618,
0.493164,,Surface,5,Image 1,1,4620,
2.21191,,Surface,5,Image 1,1,4621,
6.59375,,Surface,5,Image 1,1,4622,
10,,Surface,5,Image 1,1,4623,
2.97852,,Surface,5,Image 1,1,4624,
36.1875,,Surface,5,Image 1,1,4625,
1.67969,,Surface,5,Image 1,1,4626,
33.625,,Surface,5,Image 1,1,4627,
2.10156,,Surface,5,Image 1,1,4629,
18.4375,,Surface,5,Image 1,1,4630,
4.33984,,Surface,5,Image 1,1,4631,
2.66406,,Surface,5,Image 1,1,4632,
2.91406,,Surface,5,Image 1,1,4633,
3.63672,,Surface,5,Image 1,1,4634,
5.36719,,Surface,5,Image 1,1,4635,
6.34375,,Surface,5,Image 1,1,4636,
4.55469,,Surface,5,Image 1,1,4637,
3.23828,,Surface,5,Image 1,1,4638,
0.493164,,Surface,5,Image 1,1,4639,
4.07617,,Surface,5,Image 1,1,4640,
8.90625,,Surface,5,Image 1,1,4642,
4.70312,,Surface,5,Image 1,1,4643,
3.63086,,Surface,5,Image 1,1,4644,
0.0268555,,Surface,5,Image 1,1,4645,
1.01758,,Surface,5,Image 1,1,4647,
2.38477,,Surface,5,Image 1,1,4649,
0.510742,,Surface,5,Image 1,1,4650,
37.4062,,Surface,5,Image 1,1,4651,
6.85938,,Surface,5,Image 1,1,4652,
5.11328,,Surface,5,Image 1,1,4653,
2.50391,,Surface,5,Image 1,1,4654,
7.6875,,Surface,5,Image 1,1,4655,
17.9688,,Surface,5,Image 1,1,4656,
2.5957,,Surface,5,Image 1,1,4658,
3.68555,,Surface,5,Image 1,1,4661,
6.96875,,Surface,5,Image 1,1,4662,
2.79297,,Surface,5,Image 1,1,4665,
2.07031,,Surface,5,Image 1,1,4666,
2.59766,,Surface,5,Image 1,1,4667,
13.9531,,Surface,5,Image 1,1,4668,
35.8125,,Surface,5,Image 1,1,4669,
10.2969,,Surface,5,Image 1,1,4670,
35.625,,Surface,5,Image 1,1,4672,
0.772461,,Surface,5,Image 1,1,4673,
6.51562,,Surface,5,Image 1,1,4674,
6.1875,,Surface,5,Image 1,1,4675,
3.94531,,Surface,5,Image 1,1,4676,
2.73828,,Surface,5,Image 1,1,4677,
5.42969,,Surface,5,Image 1,1,4678,
9.89062,,Surface,5,Image 1,1,4679,
2.75781,,Surface,5,Image 1,1,4680,
3.3125,,Surface,5,Image 1,1,4681,
7.6875,,Surface,5,Image 1,1,4682,
3.65234,,Surface,5,Image 1,1,4683,
1.73438,,Surface,5,Image 1,1,4684,
10.1562,,Surface,5,Image 1,1,4685,
14.7188,,Surface,5,Image 1,1,4686,
0.536133,,Surface,5,Image 1,1,4687,
0.670898,,Surface,5,Image 1,1,4688,
4.27148,,Surface,5,Image 1,1,4689,
1.16504,,Surface,5,Image 1,1,4691,
3.99023,,Surface,5,Image 1,1,4692,
27.3438,,Surface,5,Image 1,1,4693,
2.04102,,Surface,5,Image 1,1,4694,
0.968262,,Surface,5,Image 1,1,4695,
53.125,,Surface,5,Image 1,1,4696,
11.9062,,Surface,5,Image 1,1,4698,
3.03906,,Surface,5,Image 1,1,4700,
4.67969,,Surface,5,Image 1,1,4701,
3.37109,,Surface,5,Image 1,1,4702,
2.50586,,Surface,5,Image 1,1,4703,
16.5938,,Surface,5,Image 1,1,4704,
5.02344,,Surface,5,Image 1,1,4705,
2.75781,,Surface,5,Image 1,1,4706,
3.26172,,Surface,5,Image 1,1,4707,
9.28125,,Surface,5,Image 1,1,4708,
1.05176,,Surface,5,Image 1,1,4709,
30.6562,,Surface,5,Image 1,1,4710,
0.0175781,,Surface,5,Image 1,1,4711,
3.99023,,Surface,5,Image 1,1,4713,
3.88086,,Surface,5,Image 1,1,4714,
3.47266,,Surface,5,Image 1,1,4715,
16.4531,,Surface,5,Image 1,1,4716,
3.63281,,Surface,5,Image 1,1,4717,
1.64062,,Surface,5,Image 1,1,4718,
2.83984,,Surface,5,Image 1,1,4719,
1.25586,,Surface,5,Image 1,1,4720,
44.8125,,Surface,5,Image 1,1,4721,
1.02051,,Surface,5,Image 1,1,4723,
2.46875,,Surface,5,Image 1,1,4724,
3.69141,,Surface,5,Image 1,1,4726,
1.24512,,Surface,5,Image 1,1,4727,
1.8125,,Surface,5,Image 1,1,4728,
2.33203,,Surface,5,Image 1,1,4729,
10.9531,,Surface,5,Image 1,1,4730,
0.899902,,Surface,5,Image 1,1,4731,
10.7656,,Surface,5,Image 1,1,4732,
2.07422,,Surface,5,Image 1,1,4734,
23.0625,,Surface,5,Image 1,1,4737,
35.5625,,Surface,5,Image 1,1,4738,
4.83594,,Surface,5,Image 1,1,4739,
2.30273,,Surface,5,Image 1,1,4741,
16.0625,,Surface,5,Image 1,1,4742,
2.07422,,Surface,5,Image 1,1,4743,
11.4844,,Surface,5,Image 1,1,4744,
4.21875,,Surface,5,Image 1,1,4745,
0.344727,,Surface,5,Image 1,1,4746,
32.2812,,Surface,5,Image 1,1,4747,
6.9375,,Surface,5,Image 1,1,4748,
0.886719,,Surface,5,Image 1,1,4750,
4.24023,,Surface,5,Image 1,1,4751,
3.91016,,Surface,5,Image 1,1,4753,
0.0307617,,Surface,5,Image 1,1,4754,
0.0065918,,Surface,5,Image 1,1,4755,
4.73438,,Surface,5,Image 1,1,4756,
2.70117,,Surface,5,Image 1,1,4758,
2.87891,,Surface,5,Image 1,1,4760,
0.3125,,Surface,5,Image 1,1,4761,
2.33203,,Surface,5,Image 1,1,4762,
3.16211,,Surface,5,Image 1,1,4763,
32.3125,,Surface,5,Image 1,1,4765,
21.125,,Surface,5,Image 1,1,4766,
2.50391,,Surface,5,Image 1,1,4767,
3.3418,,Surface,5,Image 1,1,4768,
10.0625,,Surface,5,Image 1,1,4769,
32.8125,,Surface,5,Image 1,1,4770,
0.0689697,,Surface,5,Image 1,1,4771,
33.5312,,Surface,5,Image 1,1,4772,
0.00460815,,Surface,5,Image 1,1,4774,
7.375,,Surface,5,Image 1,1,4775,
0.500488,,Surface,5,Image 1,1,4776,
26.8125,,Surface,5,Image 1,1,4777,
0.551758,,Surface,5,Image 1,1,4778,
2.29688,,Surface,5,Image 1,1,4779,
7.04688,,Surface,5,Image 1,1,4780,
5.49219,,Surface,5,Image 1,1,4781,
14.6875,,Surface,5,Image 1,1,4782,
47.4375,,Surface,5,Image 1,1,4783,
0.975586,,Surface,5,Image 1,1,4784,
4.11719,,Surface,5,Image 1,1,4785,
41.1875,,Surface,5,Image 1,1,4786,
24,,Surface,5,Image 1,1,4787,
0.00163269,,Surface,5,Image 1,1,4788,
9.5625,,Surface,5,Image 1,1,4789,
31.4375,,Surface,5,Image 1,1,4790,
0.68335,,Surface,5,Image 1,1,4791,
69.2188,,Surface,5,Image 1,1,4792,
2.71484,,Surface,5,Image 1,1,4793,
5.71289,,Surface,5,Image 1,1,4794,
1.88086,,Surface,5,Image 1,1,4795,
8.70312,,Surface,5,Image 1,1,4796,
4.24219,,Surface,5,Image 1,1,4797,
7.8125,,Surface,5,Image 1,1,4798,
1.22119,,Surface,5,Image 1,1,4799,
8.125,,Surface,5,Image 1,1,4800,
5.11719,,Surface,5,Image 1,1,4801,
4.7207,,Surface,5,Image 1,1,4802,
4.04688,,Surface,5,Image 1,1,4803,
91.9375,,Surface,5,Image 1,1,4804,
1.78125,,Surface,5,Image 1,1,4806,
4.02344,,Surface,5,Image 1,1,4807,
9.3125,,Surface,5,Image 1,1,4808,
12.6562,,Surface,5,Image 1,1,4809,
1.40625,,Surface,5,Image 1,1,4810,
3.09375,,Surface,5,Image 1,1,4811,
7.4375,,Surface,5,Image 1,1,4812,
6.53613e-05,,Surface,5,Image 1,1,4813,
45.6875,,Surface,5,Image 1,1,4814,
3.39453,,Surface,5,Image 1,1,4815,
3.63672,,Surface,5,Image 1,1,4816,
1.89844,,Surface,5,Image 1,1,4817,
13.6875,,Surface,5,Image 1,1,4818,
0.187744,,Surface,5,Image 1,1,4819,
2.98438,,Surface,5,Image 1,1,4820,
3.1582,,Surface,5,Image 1,1,4821,
3.89062,,Surface,5,Image 1,1,4823,
0.861328,,Surface,5,Image 1,1,4824,
2.51172,,Surface,5,Image 1,1,4825,
1.89062,,Surface,5,Image 1,1,4827,
23.9375,,Surface,5,Image 1,1,4828,
33.5625,,Surface,5,Image 1,1,4829,
3.93359,,Surface,5,Image 1,1,4830,
1.99512,,Surface,5,Image 1,1,4831,
3.23828,,Surface,5,Image 1,1,4832,
3.30469,,Surface,5,Image 1,1,4833,
3.80469,,Surface,5,Image 1,1,4834,
3.44727,,Surface,5,Image 1,1,4836,
10.8125,,Surface,5,Image 1,1,4837,
37.5312,,Surface,5,Image 1,1,4838,
0.0358887,,Surface,5,Image 1,1,4839,
11.8125,,Surface,5,Image 1,1,4840,
69.9375,,Surface,5,Image 1,1,4841,
0.773438,,Surface,5,Image 1,1,4842,
4.97266,,Surface,5,Image 1,1,4843,
7.09375,,Surface,5,Image 1,1,4844,
3.03125,,Surface,5,Image 1,1,4845,
6.53613e-05,,Surface,5,Image 1,1,4846,
3.17188,,Surface,5,Image 1,1,4847,
0.959473,,Surface,5,Image 1,1,4848,
9.0625,,Surface,5,Image 1,1,4849,
2.02637,,Surface,5,Image 1,1,4851,
20.0312,,Surface,5,Image 1,1,4853,
2.26562,,Surface,5,Image 1,1,4854,
2.32812,,Surface,5,Image 1,1,4855,
35.5625,,Surface,5,Image 1,1,4856,
6.39844,,Surface,5,Image 1,1,4857,
3.51172,,Surface,5,Image 1,1,4858,
17.0625,,Surface,5,Image 1,1,4859,
1.15039,,Surface,5,Image 1,1,4860,
1.08643,,Surface,5,Image 1,1,4861,
0.716309,,Surface,5,Image 1,1,4863,
0.858398,,Surface,5,Image 1,1,4864,
15.5625,,Surface,5,Image 1,1,4865,
46.375,,Surface,5,Image 1,1,4866,
5.03906,,Surface,5,Image 1,1,4867,
34.2812,,Surface,5,Image 1,1,4869,
46.4688,,Surface,5,Image 1,1,4870,
3.68555,,Surface,5,Image 1,1,4871,
87.125,,Surface,5,Image 1,1,4872,
2.20117,,Surface,5,Image 1,1,4873,
2.96094,,Surface,5,Image 1,1,4874,
1.32617,,Surface,5,Image 1,1,4875,
1.75781,,Surface,5,Image 1,1,4876,
0.0637207,,Surface,5,Image 1,1,4877,
47.2188,,Surface,5,Image 1,1,4879,
4.31055,,Surface,5,Image 1,1,4881,
33.125,,Surface,5,Image 1,1,4882,
2.36133,,Surface,5,Image 1,1,4883,
29.3125,,Surface,5,Image 1,1,4885,
1.21289,,Surface,5,Image 1,1,4886,
1.72461,,Surface,5,Image 1,1,4887,
2.05859,,Surface,5,Image 1,1,4888,
1.60449,,Surface,5,Image 1,1,4889,
4.97461,,Surface,5,Image 1,1,4890,
31.875,,Surface,5,Image 1,1,4891,
0.574219,,Surface,5,Image 1,1,4892,
9.40625,,Surface,5,Image 1,1,4893,
15.625,,Surface,5,Image 1,1,4894,
40.2656,,Surface,5,Image 1,1,4895,
0.00498962,,Surface,5,Image 1,1,4896,
3.21484,,Surface,5,Image 1,1,4897,
3.83984,,Surface,5,Image 1,1,4898,
3.57031,,Surface,5,Image 1,1,4899,
38.5,,Surface,5,Image 1,1,4900,
0.0132904,,Surface,5,Image 1,1,4901,
0.320801,,Surface,5,Image 1,1,4902,
9.20312,,Surface,5,Image 1,1,4905,
0.826172,,Surface,5,Image 1,1,4906,
6.24219,,Surface,5,Image 1,1,4907,
99.125,,Surface,5,Image 1,1,4908,
84.0625,,Surface,5,Image 1,1,4909,
1.36523,,Surface,5,Image 1,1,4910,
3.70703,,Surface,5,Image 1,1,4911,
0.00195312,,Surface,5,Image 1,1,4912,
1.95605,,Surface,5,Image 1,1,4913,
4.375,,Surface,5,Image 1,1,4914,
3.54883,,Surface,5,Image 1,1,4915,
3.94141,,Surface,5,Image 1,1,4916,
1.47461,,Surface,5,Image 1,1,4917,
1.90234,,Surface,5,Image 1,1,4918,
5.21875,,Surface,5,Image 1,1,4920,
1.28613,,Surface,5,Image 1,1,4921,
4.66406,,Surface,5,Image 1,1,4922,
5.91406,,Surface,5,Image 1,1,4923,
43.3125,,Surface,5,Image 1,1,4924,
7.01562,,Surface,5,Image 1,1,4925,
0.0537109,,Surface,5,Image 1,1,4926,
2.51367,,Surface,5,Image 1,1,4927,
2,,Surface,5,Image 1,1,4928,
30.3125,,Surface,5,Image 1,1,4929,
0.300781,,Surface,5,Image 1,1,4930,
4.54688,,Surface,5,Image 1,1,4932,
4.72656,,Surface,5,Image 1,1,4933,
4.90234,,Surface,5,Image 1,1,4935,
6.53613e-05,,Surface,5,Image 1,1,4936,
47.8125,,Surface,5,Image 1,1,4937,
1.77539,,Surface,5,Image 1,1,4939,
3.48438,,Surface,5,Image 1,1,4941,
3.05273,,Surface,5,Image 1,1,4942,
13.0625,,Surface,5,Image 1,1,4943,
1.08008,,Surface,5,Image 1,1,4944,
1.25684,,Surface,5,Image 1,1,4945,
3.73047,,Surface,5,Image 1,1,4947,
4.64844,,Surface,5,Image 1,1,4948,
4.71094,,Surface,5,Image 1,1,4949,
11.6094,,Surface,5,Image 1,1,4950,
0.768066,,Surface,5,Image 1,1,4951,
2.63672,,Surface,5,Image 1,1,4952,
1.41211,,Surface,5,Image 1,1,4953,
8.75,,Surface,5,Image 1,1,4956,
1.64844,,Surface,5,Image 1,1,4957,
1.96094,,Surface,5,Image 1,1,4958,
20.1875,,Surface,5,Image 1,1,4959,
12.5547,,Surface,5,Image 1,1,4961,
4.96875,,Surface,5,Image 1,1,4962,
3.08984,,Surface,5,Image 1,1,4963,
81.25,,Surface,5,Image 1,1,4965,
5.35938,,Surface,5,Image 1,1,4966,
3.48828,,Surface,5,Image 1,1,4967,
3.40234,,Surface,5,Image 1,1,4968,
0.386719,,Surface,5,Image 1,1,4969,
17.8125,,Surface,5,Image 1,1,4970,
2.4668,,Surface,5,Image 1,1,4971,
5.28125,,Surface,5,Image 1,1,4972,
2.36328,,Surface,5,Image 1,1,4973,
55.5,,Surface,5,Image 1,1,4974,
15.6328,,Surface,5,Image 1,1,4975,
1.05127,,Surface,5,Image 1,1,4977,
4.55078,,Surface,5,Image 1,1,4978,
1.33594,,Surface,5,Image 1,1,4979,
52.8125,,Surface,5,Image 1,1,4980,
5.85938,,Surface,5,Image 1,1,4981,
1.88281,,Surface,5,Image 1,1,4982,
2.67578,,Surface,5,Image 1,1,4983,
23.3125,,Surface,5,Image 1,1,4984,
2.09961,,Surface,5,Image 1,1,4985,
1.20312,,Surface,5,Image 1,1,4986,
65.5938,,Surface,5,Image 1,1,4987,
1.56348,,Surface,5,Image 1,1,4988,
0.396973,,Surface,5,Image 1,1,4990,
4.03906,,Surface,5,Image 1,1,4991,
17.9844,,Surface,5,Image 1,1,4992,
1.41602,,Surface,5,Image 1,1,4993,
26.6875,,Surface,5,Image 1,1,4994,
23.375,,Surface,5,Image 1,1,4996,
1.60645,,Surface,5,Image 1,1,4997,
19.6875,,Surface,5,Image 1,1,4998,
3.0918,,Surface,5,Image 1,1,4999,
2.46484,,Surface,5,Image 1,1,5000,
2.44727,,Surface,5,Image 1,1,5001,
7.78125,,Surface,5,Image 1,1,5002,
0.556641,,Surface,5,Image 1,1,5004,
0.806641,,Surface,5,Image 1,1,5005,
0.274902,,Surface,5,Image 1,1,5006,
19.125,,Surface,5,Image 1,1,5007,
38.0625,,Surface,5,Image 1,1,5008,
109.656,,Surface,5,Image 1,1,5009,
2.1582,,Surface,5,Image 1,1,5010,
0.0244141,,Surface,5,Image 1,1,5011,
1.93848,,Surface,5,Image 1,1,5012,
4.32031,,Surface,5,Image 1,1,5013,
1.50781,,Surface,5,Image 1,1,5014,
1.4707,,Surface,5,Image 1,1,5015,
2.73438,,Surface,5,Image 1,1,5017,
3.58398,,Surface,5,Image 1,1,5019,
16.0156,,Surface,5,Image 1,1,5021,
1.28516,,Surface,5,Image 1,1,5022,
1.89062,,Surface,5,Image 1,1,5023,
1.05859,,Surface,5,Image 1,1,5025,
0.00628662,,Surface,5,Image 1,1,5028,
52.125,,Surface,5,Image 1,1,5029,
1.2002,,Surface,5,Image 1,1,5030,
2.26172,,Surface,5,Image 1,1,5031,
75.5625,,Surface,5,Image 1,1,5032,
2.15625,,Surface,5,Image 1,1,5033,
3.71484,,Surface,5,Image 1,1,5035,
1.4873,,Surface,5,Image 1,1,5037,
3.13281,,Surface,5,Image 1,1,5039,
3.53906,,Surface,5,Image 1,1,5040,
2.83008,,Surface,5,Image 1,1,5041,
3.58984,,Surface,5,Image 1,1,5044,
3.64844,,Surface,5,Image 1,1,5045,
69.125,,Surface,5,Image 1,1,5046,
21.6875,,Surface,5,Image 1,1,5047,
4.85547,,Surface,5,Image 1,1,5048,
2.69727,,Surface,5,Image 1,1,5049,
157.625,,Surface,5,Image 1,1,5050,
3.19727,,Surface,5,Image 1,1,5052,
13.7656,,Surface,5,Image 1,1,5054,
3.59375,,Surface,5,Image 1,1,5055,
1.29492,,Surface,5,Image 1,1,5057,
0.833008,,Surface,5,Image 1,1,5058,
4.15039,,Surface,5,Image 1,1,5059,
4.14648,,Surface,5,Image 1,1,5060,
38.375,,Surface,5,Image 1,1,5061,
18.0312,,Surface,5,Image 1,1,5062,
3.68359,,Surface,5,Image 1,1,5063,
13.3281,,Surface,5,Image 1,1,5064,
1.55664,,Surface,5,Image 1,1,5065,
143.562,,Surface,5,Image 1,1,5066,
23.875,,Surface,5,Image 1,1,5068,
2.42969,,Surface,5,Image 1,1,5069,
20.1875,,Surface,5,Image 1,1,5070,
32.0625,,Surface,5,Image 1,1,5071,
0.297852,,Surface,5,Image 1,1,5072,
4.93359,,Surface,5,Image 1,1,5074,
2.76953,,Surface,5,Image 1,1,5076,
3.22461,,Surface,5,Image 1,1,5077,
15.8047,,Surface,5,Image 1,1,5078,
11.5938,,Surface,5,Image 1,1,5079,
9.1875,,Surface,5,Image 1,1,5080,
1.1875,,Surface,5,Image 1,1,5081,
9.10938,,Surface,5,Image 1,1,5086,
3.52344,,Surface,5,Image 1,1,5087,
6.53613e-05,,Surface,5,Image 1,1,5089,
71,,Surface,5,Image 1,1,5090,
0.768799,,Surface,5,Image 1,1,5091,
40.125,,Surface,5,Image 1,1,5092,
4.58203,,Surface,5,Image 1,1,5093,
14.0938,,Surface,5,Image 1,1,5094,
10.7188,,Surface,5,Image 1,1,5095,
13.7344,,Surface,5,Image 1,1,5096,
4.20312,,Surface,5,Image 1,1,5097,
11.7344,,Surface,5,Image 1,1,5098,
15.5938,,Surface,5,Image 1,1,5099,
1.87695,,Surface,5,Image 1,1,5100,
3.4082,,Surface,5,Image 1,1,5101,
28.25,,Surface,5,Image 1,1,5106,
8.71094,,Surface,5,Image 1,1,5107,
0.337891,,Surface,5,Image 1,1,5108,
0.627441,,Surface,5,Image 1,1,5109,
6.96875,,Surface,5,Image 1,1,5110,
21.25,,Surface,5,Image 1,1,5111,
3.74219,,Surface,5,Image 1,1,5112,
2.62793,,Surface,5,Image 1,1,5113,
6.84375,,Surface,5,Image 1,1,5114,
188.125,,Surface,5,Image 1,1,5115,
1.71289,,Surface,5,Image 1,1,5116,
3.24219,,Surface,5,Image 1,1,5117,
0.000183105,,Surface,5,Image 1,1,5118,
4.29297,,Surface,5,Image 1,1,5119,
2.30664,,Surface,5,Image 1,1,5120,
92.3125,,Surface,5,Image 1,1,5121,
32.2188,,Surface,5,Image 1,1,5122,
8.9375,,Surface,5,Image 1,1,5123,
5.40625,,Surface,5,Image 1,1,5124,
5.04688,,Surface,5,Image 1,1,5125,
3.11133,,Surface,5,Image 1,1,5128,
3.01172,,Surface,5,Image 1,1,5131,
1.20801,,Surface,5,Image 1,1,5132,
8.03906,,Surface,5,Image 1,1,5134,
12.4375,,Surface,5,Image 1,1,5136,
2.65234,,Surface,5,Image 1,1,5137,
0.61084,,Surface,5,Image 1,1,5138,
36.9375,,Surface,5,Image 1,1,5139,
0.722656,,Surface,5,Image 1,1,5140,
3.30469,,Surface,5,Image 1,1,5141,
0.485352,,Surface,5,Image 1,1,5142,
0.20752,,Surface,5,Image 1,1,5143,
3.30469,,Surface,5,Image 1,1,5144,
61.9375,,Surface,5,Image 1,1,5147,
35.8125,,Surface,5,Image 1,1,5149,
88.6875,,Surface,5,Image 1,1,5150,
2.89062,,Surface,5,Image 1,1,5151,
2.45508,,Surface,5,Image 1,1,5152,
0.47168,,Surface,5,Image 1,1,5154,
3.15234,,Surface,5,Image 1,1,5156,
3.92578,,Surface,5,Image 1,1,5157,
7.4375,,Surface,5,Image 1,1,5158,
0.00854492,,Surface,5,Image 1,1,5159,
15.7344,,Surface,5,Image 1,1,5160,
2.57031,,Surface,5,Image 1,1,5161,
43.3125,,Surface,5,Image 1,1,5163,
2.75,,Surface,5,Image 1,1,5165,
1.83203,,Surface,5,Image 1,1,5166,
3.13867,,Surface,5,Image 1,1,5168,
31.6875,,Surface,5,Image 1,1,5169,
3.14844,,Surface,5,Image 1,1,5170,
1.59668,,Surface,5,Image 1,1,5171,
0.633789,,Surface,5,Image 1,1,5172,
7.75,,Surface,5,Image 1,1,5173,
2.70312,,Surface,5,Image 1,1,5174,
4.57617,,Surface,5,Image 1,1,5175,
3.24609,,Surface,5,Image 1,1,5176,
2.36426,,Surface,5,Image 1,1,5177,
0.773926,,Surface,5,Image 1,1,5178,
26.6875,,Surface,5,Image 1,1,5179,
13.5,,Surface,5,Image 1,1,5180,
18.5,,Surface,5,Image 1,1,5181,
4.32812,,Surface,5,Image 1,1,5182,
1.14209,,Surface,5,Image 1,1,5183,
4.36719,,Surface,5,Image 1,1,5184,
4.6875,,Surface,5,Image 1,1,5185,
1.4502,,Surface,5,Image 1,1,5187,
2.11133,,Surface,5,Image 1,1,5189,
0.621094,,Surface,5,Image 1,1,5191,
22.0625,,Surface,5,Image 1,1,5192,
2.79199,,Surface,5,Image 1,1,5195,
25.9062,,Surface,5,Image 1,1,5196,
3.11914,,Surface,5,Image 1,1,5197,
4.08398,,Surface,5,Image 1,1,5198,
0.49707,,Surface,5,Image 1,1,5199,
2.59961,,Surface,5,Image 1,1,5201,
1.84375,,Surface,5,Image 1,1,5202,
6.65625,,Surface,5,Image 1,1,5203,
3.94922,,Surface,5,Image 1,1,5204,
9.16406,,Surface,5,Image 1,1,5205,
3.33203,,Surface,5,Image 1,1,5206,
72.5625,,Surface,5,Image 1,1,5207,
1.30518,,Surface,5,Image 1,1,5208,
3.57617,,Surface,5,Image 1,1,5209,
3.125,,Surface,5,Image 1,1,5211,
10.3125,,Surface,5,Image 1,1,5212,
0.886719,,Surface,5,Image 1,1,5213,
44.8125,,Surface,5,Image 1,1,5214,
11.0625,,Surface,5,Image 1,1,5216,
32.5625,,Surface,5,Image 1,1,5217,
3.1582,,Surface,5,Image 1,1,5218,
8.96875,,Surface,5,Image 1,1,5220,
38.5625,,Surface,5,Image 1,1,5221,
0.724609,,Surface,5,Image 1,1,5222,
0.237305,,Surface,5,Image 1,1,5223,
3.53125,,Surface,5,Image 1,1,5224,
14.0625,,Surface,5,Image 1,1,5225,
4.67969,,Surface,5,Image 1,1,5226,
40.875,,Surface,5,Image 1,1,5227,
163.75,,Surface,5,Image 1,1,5228,
2.02344,,Surface,5,Image 1,1,5230,
4.94141,,Surface,5,Image 1,1,5231,
1.4082,,Surface,5,Image 1,1,5232,
43.1875,,Surface,5,Image 1,1,5234,
90.3125,,Surface,5,Image 1,1,5235,
69.1875,,Surface,5,Image 1,1,5237,
1.50195,,Surface,5,Image 1,1,5239,
17.2344,,Surface,5,Image 1,1,5240,
3.79688,,Surface,5,Image 1,1,5241,
5.93164,,Surface,5,Image 1,1,5242,
2.04883,,Surface,5,Image 1,1,5243,
6.82031,,Surface,5,Image 1,1,5244,
1.06641,,Surface,5,Image 1,1,5245,
0.956055,,Surface,5,Image 1,1,5246,
4.22266,,Surface,5,Image 1,1,5247,
3.38672,,Surface,5,Image 1,1,5248,
1.4541,,Surface,5,Image 1,1,5249,
147.375,,Surface,5,Image 1,1,5250,
81.8125,,Surface,5,Image 1,1,5252,
1.73438,,Surface,5,Image 1,1,5253,
3.05469,,Surface,5,Image 1,1,5254,
3.70605,,Surface,5,Image 1,1,5255,
3.05762,,Surface,5,Image 1,1,5256,
3.56445,,Surface,5,Image 1,1,5257,
1.72168,,Surface,5,Image 1,1,5258,
0.419922,,Surface,5,Image 1,1,5259,
1.11328,,Surface,5,Image 1,1,5260,
2.96484,,Surface,5,Image 1,1,5261,
103.562,,Surface,5,Image 1,1,5262,
13.2031,,Surface,5,Image 1,1,5263,
3.31445,,Surface,5,Image 1,1,5264,
2.52148,,Surface,5,Image 1,1,5265,
64.5625,,Surface,5,Image 1,1,5266,
2.45117,,Surface,5,Image 1,1,5267,
3.53711,,Surface,5,Image 1,1,5268,
15.0781,,Surface,5,Image 1,1,5269,
24.75,,Surface,5,Image 1,1,5271,
0.0969238,,Surface,5,Image 1,1,5272,
0.890625,,Surface,5,Image 1,1,5273,
7.08594,,Surface,5,Image 1,1,5274,
1.61719,,Surface,5,Image 1,1,5275,
1.30566,,Surface,5,Image 1,1,5276,
2.7832,,Surface,5,Image 1,1,5277,
3.02344,,Surface,5,Image 1,1,5278,
3.85742,,Surface,5,Image 1,1,5279,
49.3125,,Surface,5,Image 1,1,5280,
16.625,,Surface,5,Image 1,1,5281,
33.5,,Surface,5,Image 1,1,5282,
1.65918,,Surface,5,Image 1,1,5283,
12.0781,,Surface,5,Image 1,1,5284,
10.0938,,Surface,5,Image 1,1,5285,
1.26367,,Surface,5,Image 1,1,5286,
3.0957,,Surface,5,Image 1,1,5287,
37.5625,,Surface,5,Image 1,1,5288,
16.5938,,Surface,5,Image 1,1,5289,
4.67578,,Surface,5,Image 1,1,5290,
20.9688,,Surface,5,Image 1,1,5291,
2.4707,,Surface,5,Image 1,1,5292,
6.3125,,Surface,5,Image 1,1,5293,
0.106445,,Surface,5,Image 1,1,5295,
2.87109,,Surface,5,Image 1,1,5296,
3.69141,,Surface,5,Image 1,1,5297,
0.0585938,,Surface,5,Image 1,1,5298,
45.25,,Surface,5,Image 1,1,5299,
3.34766,,Surface,5,Image 1,1,5300,
1.39062,,Surface,5,Image 1,1,5301,
7.90625,,Surface,5,Image 1,1,5302,
41.4375,,Surface,5,Image 1,1,5303,
23.7188,,Surface,5,Image 1,1,5304,
2.38086,,Surface,5,Image 1,1,5305,
3.43555,,Surface,5,Image 1,1,5306,
6.25,,Surface,5,Image 1,1,5307,
3.47266,,Surface,5,Image 1,1,5308,
0.41748,,Surface,5,Image 1,1,5310,
0.036377,,Surface,5,Image 1,1,5311,
0.521484,,Surface,5,Image 1,1,5312,
102,,Surface,5,Image 1,1,5313,
68.3125,,Surface,5,Image 1,1,5314,
54.375,,Surface,5,Image 1,1,5315,
112.125,,Surface,5,Image 1,1,5317,
95,,Surface,5,Image 1,1,5319,
1.625,,Surface,5,Image 1,1,5320,
2.40234,,Surface,5,Image 1,1,5321,
1.36914,,Surface,5,Image 1,1,5323,
3.12109,,Surface,5,Image 1,1,5324,
15.0625,,Surface,5,Image 1,1,5325,
5.28906,,Surface,5,Image 1,1,5326,
3.49219,,Surface,5,Image 1,1,5327,
1.11523,,Surface,5,Image 1,1,5330,
1.58984,,Surface,5,Image 1,1,5331,
10.5625,,Surface,5,Image 1,1,5332,
15.4375,,Surface,5,Image 1,1,5333,
53.4375,,Surface,5,Image 1,1,5334,
3.31641,,Surface,5,Image 1,1,5335,
17,,Surface,5,Image 1,1,5336,
9.95312,,Surface,5,Image 1,1,5337,
8.375,,Surface,5,Image 1,1,5338,
0.852539,,Surface,5,Image 1,1,5339,
2.13867,,Surface,5,Image 1,1,5340,
22.6562,,Surface,5,Image 1,1,5341,
4.36719,,Surface,5,Image 1,1,5342,
3.83203,,Surface,5,Image 1,1,5343,
66.75,,Surface,5,Image 1,1,5344,
1.90039,,Surface,5,Image 1,1,5345,
2.5293,,Surface,5,Image 1,1,5346,
0.0996094,,Surface,5,Image 1,1,5347,
9.21875,,Surface,5,Image 1,1,5348,
7.8125,,Surface,5,Image 1,1,5349,
42.625,,Surface,5,Image 1,1,5350,
58.375,,Surface,5,Image 1,1,5352,
4.15625,,Surface,5,Image 1,1,5353,
4.08203,,Surface,5,Image 1,1,5355,
0.00567627,,Surface,5,Image 1,1,5356,
3.19141,,Surface,5,Image 1,1,5357,
2.90234,,Surface,5,Image 1,1,5358,
6.6875,,Surface,5,Image 1,1,5359,
0.0957031,,Surface,5,Image 1,1,5360,
52.2188,,Surface,5,Image 1,1,5361,
2.79883,,Surface,5,Image 1,1,5362,
2.71484,,Surface,5,Image 1,1,5363,
81.5625,,Surface,5,Image 1,1,5364,
5.21484,,Surface,5,Image 1,1,5366,
0.53418,,Surface,5,Image 1,1,5367,
2.92773,,Surface,5,Image 1,1,5369,
115.562,,Surface,5,Image 1,1,5371,
10.4316,,Surface,5,Image 1,1,5372,
9.875,,Surface,5,Image 1,1,5373,
5.11719,,Surface,5,Image 1,1,5374,
1.77637,,Surface,5,Image 1,1,5375,
2.84375,,Surface,5,Image 1,1,5376,
38.375,,Surface,5,Image 1,1,5377,
0.638672,,Surface,5,Image 1,1,5378,
46.0625,,Surface,5,Image 1,1,5379,
3.52539,,Surface,5,Image 1,1,5380,
68.4062,,Surface,5,Image 1,1,5381,
1.8584,,Surface,5,Image 1,1,5383,
6.53613e-05,,Surface,5,Image 1,1,5385,
0.224609,,Surface,5,Image 1,1,5386,
50.6875,,Surface,5,Image 1,1,5388,
3.13086,,Surface,5,Image 1,1,5391,
3.12109,,Surface,5,Image 1,1,5393,
4.80469,,Surface,5,Image 1,1,5394,
29.5625,,Surface,5,Image 1,1,5395,
3.91016,,Surface,5,Image 1,1,5396,
0.678711,,Surface,5,Image 1,1,5397,
0.0130615,,Surface,5,Image 1,1,5399,
3.0625,,Surface,5,Image 1,1,5400,
7.26953,,Surface,5,Image 1,1,5401,
0.088623,,Surface,5,Image 1,1,5402,
19.9844,,Surface,5,Image 1,1,5405,
1.47656,,Surface,5,Image 1,1,5406,
0.802734,,Surface,5,Image 1,1,5410,
4.42578,,Surface,5,Image 1,1,5411,
10.9844,,Surface,5,Image 1,1,5412,
2.51953,,Surface,5,Image 1,1,5413,
9.24219,,Surface,5,Image 1,1,5414,
1.63086,,Surface,5,Image 1,1,5415,
3.01172,,Surface,5,Image 1,1,5416,
2.34766,,Surface,5,Image 1,1,5418,
4.35156,,Surface,5,Image 1,1,5419,
46.9375,,Surface,5,Image 1,1,5420,
4.85547,,Surface,5,Image 1,1,5421,
5.95312,,Surface,5,Image 1,1,5422,
45.0625,,Surface,5,Image 1,1,5423,
4.1875,,Surface,5,Image 1,1,5425,
45.75,,Surface,5,Image 1,1,5426,
27.3125,,Surface,5,Image 1,1,5427,
4.09375,,Surface,5,Image 1,1,5428,
28.75,,Surface,5,Image 1,1,5429,
106.688,,Surface,5,Image 1,1,5430,
128.125,,Surface,5,Image 1,1,5431,
0.650146,,Surface,5,Image 1,1,5433,
4.06641,,Surface,5,Image 1,1,5434,
5.15234,,Surface,5,Image 1,1,5435,
7.39062,,Surface,5,Image 1,1,5436,
14.4375,,Surface,5,Image 1,1,5437,
8.79688,,Surface,5,Image 1,1,5439,
5.69922,,Surface,5,Image 1,1,5440,
1.40625,,Surface,5,Image 1,1,5441,
5.02344,,Surface,5,Image 1,1,5442,
8.53125,,Surface,5,Image 1,1,5443,
186,,Surface,5,Image 1,1,5444,
0.474365,,Surface,5,Image 1,1,5446,
1.41504,,Surface,5,Image 1,1,5448,
0.826172,,Surface,5,Image 1,1,5449,
17.4688,,Surface,5,Image 1,1,5450,
0.242126,,Surface,5,Image 1,1,5454,
4.46875,,Surface,5,Image 1,1,5455,
4.69531,,Surface,5,Image 1,1,5458,
67.5625,,Surface,5,Image 1,1,5459,
18.125,,Surface,5,Image 1,1,5460,
47.0625,,Surface,5,Image 1,1,5461,
32.3125,,Surface,5,Image 1,1,5462,
6.99219,,Surface,5,Image 1,1,5463,
3.18164,,Surface,5,Image 1,1,5464,
0.112793,,Surface,5,Image 1,1,5465,
4.61328,,Surface,5,Image 1,1,5466,
13.8125,,Surface,5,Image 1,1,5468,
2.07422,,Surface,5,Image 1,1,5469,
3.35742,,Surface,5,Image 1,1,5471,
42,,Surface,5,Image 1,1,5472,
38.9375,,Surface,5,Image 1,1,5473,
4.31055,,Surface,5,Image 1,1,5474,
99.9375,,Surface,5,Image 1,1,5475,
14.8594,,Surface,5,Image 1,1,5476,
0.406738,,Surface,5,Image 1,1,5477,
3.78516,,Surface,5,Image 1,1,5478,
0.856445,,Surface,5,Image 1,1,5480,
30.9375,,Surface,5,Image 1,1,5482,
37.6875,,Surface,5,Image 1,1,5484,
13.6562,,Surface,5,Image 1,1,5485,
1.04785,,Surface,5,Image 1,1,5487,
1.25195,,Surface,5,Image 1,1,5488,
1.20898,,Surface,5,Image 1,1,5489,
3.94922,,Surface,5,Image 1,1,5490,
5.05469,,Surface,5,Image 1,1,5491,
0.341064,,Surface,5,Image 1,1,5493,
30.875,,Surface,5,Image 1,1,5496,
175.875,,Surface,5,Image 1,1,5497,
28.9375,,Surface,5,Image 1,1,5498,
202.312,,Surface,5,Image 1,1,5499,
21.75,,Surface,5,Image 1,1,5500,
5.52734,,Surface,5,Image 1,1,5501,
91.8125,,Surface,5,Image 1,1,5502,
5.21094,,Surface,5,Image 1,1,5503,
265.625,,Surface,5,Image 1,1,5505,
2.33594,,Surface,5,Image 1,1,5506,
47.3125,,Surface,5,Image 1,1,5507,
6.52734,,Surface,5,Image 1,1,5508,
14.1875,,Surface,5,Image 1,1,5509,
4.1875,,Surface,5,Image 1,1,5510,
1.13379,,Surface,5,Image 1,1,5511,
1.5332,,Surface,5,Image 1,1,5513,
0.993164,,Surface,5,Image 1,1,5514,
4.09961,,Surface,5,Image 1,1,5515,
53.5625,,Surface,5,Image 1,1,5516,
58.5312,,Surface,5,Image 1,1,5517,
2.77734,,Surface,5,Image 1,1,5518,
2.95703,,Surface,5,Image 1,1,5519,
154.5,,Surface,5,Image 1,1,5522,
71.8125,,Surface,5,Image 1,1,5524,
2.63672,,Surface,5,Image 1,1,5525,
44.6875,,Surface,5,Image 1,1,5526,
8.82031,,Surface,5,Image 1,1,5527,
11.8164,,Surface,5,Image 1,1,5528,
94.4375,,Surface,5,Image 1,1,5530,
3.32617,,Surface,5,Image 1,1,5531,
1.86719,,Surface,5,Image 1,1,5532,
2.32422,,Surface,5,Image 1,1,5533,
4.27344,,Surface,5,Image 1,1,5534,
43.875,,Surface,5,Image 1,1,5535,
20.2188,,Surface,5,Image 1,1,5536,
0.469727,,Surface,5,Image 1,1,5537,
4.68652,,Surface,5,Image 1,1,5538,
19.0625,,Surface,5,Image 1,1,5539,
6.98047,,Surface,5,Image 1,1,5540,
9.01953,,Surface,5,Image 1,1,5541,
0.504395,,Surface,5,Image 1,1,5542,
1.58984,,Surface,5,Image 1,1,5544,
45.9688,,Surface,5,Image 1,1,5545,
19.0938,,Surface,5,Image 1,1,5546,
2.11719,,Surface,5,Image 1,1,5547,
0.517578,,Surface,5,Image 1,1,5548,
2.57812,,Surface,5,Image 1,1,5549,
0.867188,,Surface,5,Image 1,1,5550,
0.0043335,,Surface,5,Image 1,1,5551,
1.57715,,Surface,5,Image 1,1,5552,
11.9531,,Surface,5,Image 1,1,5553,
3.49805,,Surface,5,Image 1,1,5555,
0.436035,,Surface,5,Image 1,1,5557,
135.688,,Surface,5,Image 1,1,5559,
4.78516,,Surface,5,Image 1,1,5560,
1.63867,,Surface,5,Image 1,1,5561,
30.2969,,Surface,5,Image 1,1,5562,
25.6562,,Surface,5,Image 1,1,5563,
122.562,,Surface,5,Image 1,1,5564,
2.79883,,Surface,5,Image 1,1,5565,
3.52344,,Surface,5,Image 1,1,5566,
4.52734,,Surface,5,Image 1,1,5567,
11.3281,,Surface,5,Image 1,1,5568,
14.0156,,Surface,5,Image 1,1,5571,
3.35156,,Surface,5,Image 1,1,5572,
0.196899,,Surface,5,Image 1,1,5573,
9.48438,,Surface,5,Image 1,1,5575,
0.924805,,Surface,5,Image 1,1,5576,
5.04688,,Surface,5,Image 1,1,5577,
4.09375,,Surface,5,Image 1,1,5578,
8.1875,,Surface,5,Image 1,1,5579,
103.188,,Surface,5,Image 1,1,5580,
131.812,,Surface,5,Image 1,1,5581,
54.9375,,Surface,5,Image 1,1,5583,
0.507812,,Surface,5,Image 1,1,5585,
6.42188,,Surface,5,Image 1,1,5586,
0.880859,,Surface,5,Image 1,1,5587,
6.92188,,Surface,5,Image 1,1,5589,
3.20117,,Surface,5,Image 1,1,5590,
51.375,,Surface,5,Image 1,1,5591,
171.5,,Surface,5,Image 1,1,5592,
2.85938,,Surface,5,Image 1,1,5593,
1.83398,,Surface,5,Image 1,1,5594,
110.812,,Surface,5,Image 1,1,5595,
4.14453,,Surface,5,Image 1,1,5596,
6.45312,,Surface,5,Image 1,1,5597,
19.3125,,Surface,5,Image 1,1,5598,
3.83203,,Surface,5,Image 1,1,5600,
4.16406,,Surface,5,Image 1,1,5601,
2.00879,,Surface,5,Image 1,1,5602,
88.25,,Surface,5,Image 1,1,5603,
1.50098,,Surface,5,Image 1,1,5604,
6.07812,,Surface,5,Image 1,1,5605,
12.5781,,Surface,5,Image 1,1,5606,
0.359253,,Surface,5,Image 1,1,5607,
5.48828,,Surface,5,Image 1,1,5608,
2.83398,,Surface,5,Image 1,1,5609,
66.9375,,Surface,5,Image 1,1,5610,
22.0938,,Surface,5,Image 1,1,5611,
0.979492,,Surface,5,Image 1,1,5612,
81.75,,Surface,5,Image 1,1,5613,
5.77344,,Surface,5,Image 1,1,5614,
3.98047,,Surface,5,Image 1,1,5615,
1.27051,,Surface,5,Image 1,1,5616,
6.41016,,Surface,5,Image 1,1,5617,
0.979492,,Surface,5,Image 1,1,5618,
10.0625,,Surface,5,Image 1,1,5619,
2.08594,,Surface,5,Image 1,1,5620,
1.44727,,Surface,5,Image 1,1,5621,
1.19141,,Surface,5,Image 1,1,5623,
1.39526,,Surface,5,Image 1,1,5625,
4.00391,,Surface,5,Image 1,1,5626,
0.757812,,Surface,5,Image 1,1,5627,
3.21875,,Surface,5,Image 1,1,5628,
23.4688,,Surface,5,Image 1,1,5629,
6.27344,,Surface,5,Image 1,1,5631,
3.83984,,Surface,5,Image 1,1,5632,
7.46875,,Surface,5,Image 1,1,5635,
1.86133,,Surface,5,Image 1,1,5636,
1.5752,,Surface,5,Image 1,1,5637,
0.363281,,Surface,5,Image 1,1,5638,
1.00684,,Surface,5,Image 1,1,5639,
4.02637,,Surface,5,Image 1,1,5640,
2.12891,,Surface,5,Image 1,1,5641,
1.41699,,Surface,5,Image 1,1,5642,
3.14844,,Surface,5,Image 1,1,5643,
1.63086,,Surface,5,Image 1,1,5644,
8.27734,,Surface,5,Image 1,1,5645,
5.92578,,Surface,5,Image 1,1,5646,
5.23438,,Surface,5,Image 1,1,5647,
0.929688,,Surface,5,Image 1,1,5649,
8.1875,,Surface,5,Image 1,1,5650,
116.062,,Surface,5,Image 1,1,5651,
36.25,,Surface,5,Image 1,1,5654,
0.685547,,Surface,5,Image 1,1,5655,
3.15234,,Surface,5,Image 1,1,5656,
8.875,,Surface,5,Image 1,1,5658,
3.36719,,Surface,5,Image 1,1,5659,
8.53906,,Surface,5,Image 1,1,5660,
1.26074,,Surface,5,Image 1,1,5661,
1.48926,,Surface,5,Image 1,1,5662,
2.4209,,Surface,5,Image 1,1,5663,
9.94531,,Surface,5,Image 1,1,5664,
8.53125,,Surface,5,Image 1,1,5665,
25.0625,,Surface,5,Image 1,1,5667,
32.3438,,Surface,5,Image 1,1,5668,
1.08203,,Surface,5,Image 1,1,5669,
63.0625,,Surface,5,Image 1,1,5670,
1.50586,,Surface,5,Image 1,1,5671,
11.0938,,Surface,5,Image 1,1,5672,
62.875,,Surface,5,Image 1,1,5673,
5.35156,,Surface,5,Image 1,1,5675,
30.4688,,Surface,5,Image 1,1,5676,
62.125,,Surface,5,Image 1,1,5677,
46.3438,,Surface,5,Image 1,1,5678,
5.21875,,Surface,5,Image 1,1,5679,
99.75,,Surface,5,Image 1,1,5680,
6.32812,,Surface,5,Image 1,1,5681,
4.11328,,Surface,5,Image 1,1,5682,
1.18066,,Surface,5,Image 1,1,5683,
1.75195,,Surface,5,Image 1,1,5684,
0.000640869,,Surface,5,Image 1,1,5685,
6.71875,,Surface,5,Image 1,1,5686,
10.832,,Surface,5,Image 1,1,5688,
2.26562,,Surface,5,Image 1,1,5689,
0.902344,,Surface,5,Image 1,1,5690,
1.10156,,Surface,5,Image 1,1,5691,
15.7812,,Surface,5,Image 1,1,5692,
2.08594,,Surface,5,Image 1,1,5693,
2.57422,,Surface,5,Image 1,1,5694,
4.30859,,Surface,5,Image 1,1,5695,
6.40625,,Surface,5,Image 1,1,5696,
0.970703,,Surface,5,Image 1,1,5697,
2.46875,,Surface,5,Image 1,1,5698,
3.79297,,Surface,5,Image 1,1,5699,
2.79297,,Surface,5,Image 1,1,5700,
1.16113,,Surface,5,Image 1,1,5701,
0.384521,,Surface,5,Image 1,1,5702,
10.7969,,Surface,5,Image 1,1,5703,
4.98633,,Surface,5,Image 1,1,5705,
0.959961,,Surface,5,Image 1,1,5706,
0.972656,,Surface,5,Image 1,1,5707,
9.20312,,Surface,5,Image 1,1,5708,
2.06055,,Surface,5,Image 1,1,5709,
5.74609,,Surface,5,Image 1,1,5711,
3.6875,,Surface,5,Image 1,1,5712,
0.52124,,Surface,5,Image 1,1,5713,
66.0312,,Surface,5,Image 1,1,5714,
1.33594,,Surface,5,Image 1,1,5715,
2.30664,,Surface,5,Image 1,1,5716,
8.125,,Surface,5,Image 1,1,5718,
2.0957,,Surface,5,Image 1,1,5719,
54.6875,,Surface,5,Image 1,1,5721,
110.125,,Surface,5,Image 1,1,5722,
1.31055,,Surface,5,Image 1,1,5723,
0.749023,,Surface,5,Image 1,1,5724,
3.03906,,Surface,5,Image 1,1,5725,
68.3125,,Surface,5,Image 1,1,5726,
3.00391,,Surface,5,Image 1,1,5727,
5.22656,,Surface,5,Image 1,1,5729,
2.46289,,Surface,5,Image 1,1,5730,
2.17969,,Surface,5,Image 1,1,5731,
0.057373,,Surface,5,Image 1,1,5732,
3.27734,,Surface,5,Image 1,1,5733,
3.44922,,Surface,5,Image 1,1,5734,
4.5,,Surface,5,Image 1,1,5735,
12.7188,,Surface,5,Image 1,1,5736,
1.61719,,Surface,5,Image 1,1,5737,
0.845703,,Surface,5,Image 1,1,5738,
6.46875,,Surface,5,Image 1,1,5739,
0.990723,,Surface,5,Image 1,1,5741,
15.0938,,Surface,5,Image 1,1,5742,
12.8906,,Surface,5,Image 1,1,5743,
1.84766,,Surface,5,Image 1,1,5744,
2.50391,,Surface,5,Image 1,1,5745,
57.9062,,Surface,5,Image 1,1,5746,
28.1562,,Surface,5,Image 1,1,5747,
4.76562,,Surface,5,Image 1,1,5748,
6.88281,,Surface,5,Image 1,1,5749,
3.45117,,Surface,5,Image 1,1,5750,
41.9375,,Surface,5,Image 1,1,5751,
1.60742,,Surface,5,Image 1,1,5753,
121.375,,Surface,5,Image 1,1,5754,
63.4375,,Surface,5,Image 1,1,5755,
50.1875,,Surface,5,Image 1,1,5756,
2.82227,,Surface,5,Image 1,1,5757,
5.14648,,Surface,5,Image 1,1,5758,
48.7344,,Surface,5,Image 1,1,5759,
0.899414,,Surface,5,Image 1,1,5760,
3.79297,,Surface,5,Image 1,1,5761,
4.92578,,Surface,5,Image 1,1,5762,
52.4062,,Surface,5,Image 1,1,5763,
1.13477,,Surface,5,Image 1,1,5764,
4.71875,,Surface,5,Image 1,1,5765,
1.1543,,Surface,5,Image 1,1,5766,
9.41406,,Surface,5,Image 1,1,5767,
5.49414,,Surface,5,Image 1,1,5768,
0.553711,,Surface,5,Image 1,1,5769,
66.4375,,Surface,5,Image 1,1,5770,
1.54102,,Surface,5,Image 1,1,5772,
31.125,,Surface,5,Image 1,1,5773,
1.40234,,Surface,5,Image 1,1,5774,
32.1562,,Surface,5,Image 1,1,5775,
14.6562,,Surface,5,Image 1,1,5776,
2.36328,,Surface,5,Image 1,1,5777,
0.389648,,Surface,5,Image 1,1,5778,
1.75391,,Surface,5,Image 1,1,5779,
0.717285,,Surface,5,Image 1,1,5780,
21.6719,,Surface,5,Image 1,1,5781,
115.625,,Surface,5,Image 1,1,5782,
67.0625,,Surface,5,Image 1,1,5783,
1.0918,,Surface,5,Image 1,1,5784,
1.12305,,Surface,5,Image 1,1,5785,
39.625,,Surface,5,Image 1,1,5787,
6.65625,,Surface,5,Image 1,1,5788,
5.42969,,Surface,5,Image 1,1,5789,
6.89062,,Surface,5,Image 1,1,5790,
8.03125,,Surface,5,Image 1,1,5791,
55.875,,Surface,5,Image 1,1,5792,
29.75,,Surface,5,Image 1,1,5794,
1.14258,,Surface,5,Image 1,1,5795,
7.91797,,Surface,5,Image 1,1,5796,
2.52148,,Surface,5,Image 1,1,5797,
3.67578,,Surface,5,Image 1,1,5798,
2.00977,,Surface,5,Image 1,1,5800,
0.635742,,Surface,5,Image 1,1,5801,
2.64844,,Surface,5,Image 1,1,5802,
10.6094,,Surface,5,Image 1,1,5805,
61.875,,Surface,5,Image 1,1,5806,
1.16992,,Surface,5,Image 1,1,5808,
14.8125,,Surface,5,Image 1,1,5809,
1.79492,,Surface,5,Image 1,1,5810,
0.00146484,,Surface,5,Image 1,1,5811,
2.33203,,Surface,5,Image 1,1,5812,
8.40625,,Surface,5,Image 1,1,5813,
55.1875,,Surface,5,Image 1,1,5814,
0.314453,,Surface,5,Image 1,1,5815,
3.36328,,Surface,5,Image 1,1,5816,
69.1875,,Surface,5,Image 1,1,5817,
0.671875,,Surface,5,Image 1,1,5818,
3.03027,,Surface,5,Image 1,1,5819,
17.5781,,Surface,5,Image 1,1,5820,
1.2793,,Surface,5,Image 1,1,5821,
3.02734,,Surface,5,Image 1,1,5822,
75,,Surface,5,Image 1,1,5823,
1.84961,,Surface,5,Image 1,1,5825,
0.0012207,,Surface,5,Image 1,1,5826,
3.85547,,Surface,5,Image 1,1,5827,
1.7041,,Surface,5,Image 1,1,5830,
4.05078,,Surface,5,Image 1,1,5831,
0.638672,,Surface,5,Image 1,1,5832,
8.04688,,Surface,5,Image 1,1,5833,
23.9375,,Surface,5,Image 1,1,5834,
1.625,,Surface,5,Image 1,1,5835,
16.5625,,Surface,5,Image 1,1,5836,
21.1875,,Surface,5,Image 1,1,5837,
45.6875,,Surface,5,Image 1,1,5838,
2.12891,,Surface,5,Image 1,1,5839,
4.39844,,Surface,5,Image 1,1,5841,
1.48242,,Surface,5,Image 1,1,5842,
143.125,,Surface,5,Image 1,1,5844,
2.26562,,Surface,5,Image 1,1,5845,
0.569336,,Surface,5,Image 1,1,5847,
0.401367,,Surface,5,Image 1,1,5848,
3.05859,,Surface,5,Image 1,1,5849,
4.59766,,Surface,5,Image 1,1,5850,
144.625,,Surface,5,Image 1,1,5851,
0.837402,,Surface,5,Image 1,1,5852,
30.1094,,Surface,5,Image 1,1,5853,
1.22656,,Surface,5,Image 1,1,5854,
0.509766,,Surface,5,Image 1,1,5855,
0.566406,,Surface,5,Image 1,1,5856,
44,,Surface,5,Image 1,1,5857,
12.5312,,Surface,5,Image 1,1,5858,
1.25195,,Surface,5,Image 1,1,5859,
1.17676,,Surface,5,Image 1,1,5860,
1.03027,,Surface,5,Image 1,1,5861,
5.26953,,Surface,5,Image 1,1,5862,
61.4375,,Surface,5,Image 1,1,5863,
0.844727,,Surface,5,Image 1,1,5864,
26.0938,,Surface,5,Image 1,1,5866,
96.875,,Surface,5,Image 1,1,5868,
13.8125,,Surface,5,Image 1,1,5869,
2.68652,,Surface,5,Image 1,1,5871,
51.125,,Surface,5,Image 1,1,5872,
0.363281,,Surface,5,Image 1,1,5874,
98.75,,Surface,5,Image 1,1,5875,
4.87891,,Surface,5,Image 1,1,5876,
1.02148,,Surface,5,Image 1,1,5877,
162.812,,Surface,5,Image 1,1,5878,
16.2188,,Surface,5,Image 1,1,5879,
0.849609,,Surface,5,Image 1,1,5880,
0.862305,,Surface,5,Image 1,1,5881,
22.5625,,Surface,5,Image 1,1,5882,
8.46875,,Surface,5,Image 1,1,5883,
5.23828,,Surface,5,Image 1,1,5884,
0.479004,,Surface,5,Image 1,1,5885,
2.13281,,Surface,5,Image 1,1,5886,
16.1719,,Surface,5,Image 1,1,5887,
14.875,,Surface,5,Image 1,1,5888,
0.368164,,Surface,5,Image 1,1,5889,
65.375,,Surface,5,Image 1,1,5892,
13.0625,,Surface,5,Image 1,1,5893,
67.3125,,Surface,5,Image 1,1,5894,
0.926758,,Surface,5,Image 1,1,5895,
77.875,,Surface,5,Image 1,1,5896,
2.1123,,Surface,5,Image 1,1,5897,
1.14844,,Surface,5,Image 1,1,5899,
0.96582,,Surface,5,Image 1,1,5901,
165.312,,Surface,5,Image 1,1,5904,
0.852539,,Surface,5,Image 1,1,5905,
9.34375,,Surface,5,Image 1,1,5907,
0.501953,,Surface,5,Image 1,1,5908,
13.7656,,Surface,5,Image 1,1,5909,
26.3125,,Surface,5,Image 1,1,5910,
85.8125,,Surface,5,Image 1,1,5911,
0.915039,,Surface,5,Image 1,1,5912,
31.2188,,Surface,5,Image 1,1,5913,
18.5625,,Surface,5,Image 1,1,5914,
3.85938,,Surface,5,Image 1,1,5915,
5.13477,,Surface,5,Image 1,1,5916,
0.127441,,Surface,5,Image 1,1,5917,
19.8438,,Surface,5,Image 1,1,5918,
1.38672,,Surface,5,Image 1,1,5919,
20.25,,Surface,5,Image 1,1,5921,
1.15723,,Surface,5,Image 1,1,5922,
0.00317383,,Surface,5,Image 1,1,5923,
2.5625,,Surface,5,Image 1,1,5924,
2.7207,,Surface,5,Image 1,1,5925,
7.125,,Surface,5,Image 1,1,5926,
20.9375,,Surface,5,Image 1,1,5927,
1.17188,,Surface,5,Image 1,1,5928,
12.1875,,Surface,5,Image 1,1,5930,
6.78711,,Surface,5,Image 1,1,5931,
3.04199,,Surface,5,Image 1,1,5933,
8.39233e-05,,Surface,5,Image 1,1,5934,
4.09766,,Surface,5,Image 1,1,5935,
9.875,,Surface,5,Image 1,1,5936,
2.14453,,Surface,5,Image 1,1,5937,
1.84424,,Surface,5,Image 1,1,5938,
0.00872803,,Surface,5,Image 1,1,5939,
57.4375,,Surface,5,Image 1,1,5940,
6.53613e-05,,Surface,5,Image 1,1,5941,
1.76172,,Surface,5,Image 1,1,5943,
26.6875,,Surface,5,Image 1,1,5944,
5.9375,,Surface,5,Image 1,1,5945,
0.426758,,Surface,5,Image 1,1,5946,
3.3125,,Surface,5,Image 1,1,5948,
1.74414,,Surface,5,Image 1,1,5949,
2.60547,,Surface,5,Image 1,1,5950,
0.0020752,,Surface,5,Image 1,1,5951,
3.8418,,Surface,5,Image 1,1,5952,
4.18359,,Surface,5,Image 1,1,5953,
4.92383,,Surface,5,Image 1,1,5955,
0.436523,,Surface,5,Image 1,1,5956,
66.875,,Surface,5,Image 1,1,5957,
8.6875,,Surface,5,Image 1,1,5958,
2.9375,,Surface,5,Image 1,1,5959,
23.7188,,Surface,5,Image 1,1,5960,
3.75,,Surface,5,Image 1,1,5961,
3.46875,,Surface,5,Image 1,1,5962,
1.12012,,Surface,5,Image 1,1,5963,
0.601074,,Surface,5,Image 1,1,5964,
11.5859,,Surface,5,Image 1,1,5965,
0.919434,,Surface,5,Image 1,1,5966,
52,,Surface,5,Image 1,1,5967,
47.75,,Surface,5,Image 1,1,5968,
120.812,,Surface,5,Image 1,1,5969,
1.81445,,Surface,5,Image 1,1,5970,
8.84375,,Surface,5,Image 1,1,5972,
55.0625,,Surface,5,Image 1,1,5975,
3.8125,,Surface,5,Image 1,1,5976,
84.4375,,Surface,5,Image 1,1,5977,
6.22266,,Surface,5,Image 1,1,5978,
150.375,,Surface,5,Image 1,1,5979,
1.1543,,Surface,5,Image 1,1,5980,
0.0327759,,Surface,5,Image 1,1,5981,
35.4375,,Surface,5,Image 1,1,5982,
28.6875,,Surface,5,Image 1,1,5984,
0.164062,,Surface,5,Image 1,1,5985,
3.16211,,Surface,5,Image 1,1,5989,
0.034668,,Surface,5,Image 1,1,5990,
0.18042,,Surface,5,Image 1,1,5991,
30.4375,,Surface,5,Image 1,1,5992,
1.08789,,Surface,5,Image 1,1,5993,
1.29346,,Surface,5,Image 1,1,5994,
1.87305,,Surface,5,Image 1,1,5995,
0.49707,,Surface,5,Image 1,1,5996,
19.4375,,Surface,5,Image 1,1,5997,
3,,Surface,5,Image 1,1,5998,
3.02148,,Surface,5,Image 1,1,5999,
2.03809,,Surface,5,Image 1,1,6000,
27.75,,Surface,5,Image 1,1,6001,
13.2812,,Surface,5,Image 1,1,6002,
2.91797,,Surface,5,Image 1,1,6003,
1.12305,,Surface,5,Image 1,1,6004,
127.25,,Surface,5,Image 1,1,6005,
8.42188,,Surface,5,Image 1,1,6006,
1.07227,,Surface,5,Image 1,1,6007,
0.804688,,Surface,5,Image 1,1,6008,
3.42188,,Surface,5,Image 1,1,6009,
0.0898438,,Surface,5,Image 1,1,6010,
5.33789,,Surface,5,Image 1,1,6011,
0.00205994,,Surface,5,Image 1,1,6012,
51.75,,Surface,5,Image 1,1,6014,
22.3125,,Surface,5,Image 1,1,6015,
11.5156,,Surface,5,Image 1,1,6016,
0.00213623,,Surface,5,Image 1,1,6017,
81.75,,Surface,5,Image 1,1,6018,
1.04883,,Surface,5,Image 1,1,6019,
1.34277,,Surface,5,Image 1,1,6020,
0.873047,,Surface,5,Image 1,1,6021,
0.830078,,Surface,5,Image 1,1,6022,
55.3125,,Surface,5,Image 1,1,6023,
0.974609,,Surface,5,Image 1,1,6024,
79.0625,,Surface,5,Image 1,1,6025,
2.88867,,Surface,5,Image 1,1,6026,
32.9375,,Surface,5,Image 1,1,6027,
6.89062,,Surface,5,Image 1,1,6029,
1.55664,,Surface,5,Image 1,1,6030,
0.727539,,Surface,5,Image 1,1,6031,
3.05762,,Surface,5,Image 1,1,6032,
1.98633,,Surface,5,Image 1,1,6034,
6.36719,,Surface,5,Image 1,1,6036,
43.8125,,Surface,5,Image 1,1,6037,
10.1719,,Surface,5,Image 1,1,6038,
4.25,,Surface,5,Image 1,1,6039,
2.21875,,Surface,5,Image 1,1,6040,
9.23438,,Surface,5,Image 1,1,6041,
0.820557,,Surface,5,Image 1,1,6042,
35.5312,,Surface,5,Image 1,1,6043,
1.67188,,Surface,5,Image 1,1,6045,
0.259766,,Surface,5,Image 1,1,6046,
11.8594,,Surface,5,Image 1,1,6047,
1.92578,,Surface,5,Image 1,1,6048,
1.19336,,Surface,5,Image 1,1,6049,
1.71973,,Surface,5,Image 1,1,6050,
33.25,,Surface,5,Image 1,1,6051,
36.3125,,Surface,5,Image 1,1,6053,
1.65234,,Surface,5,Image 1,1,6054,
0.265137,,Surface,5,Image 1,1,6055,
5.19141,,Surface,5,Image 1,1,6056,
1.62695,,Surface,5,Image 1,1,6057,
3.98828,,Surface,5,Image 1,1,6058,
0.771484,,Surface,5,Image 1,1,6059,
0.000686646,,Surface,5,Image 1,1,6061,
21.5,,Surface,5,Image 1,1,6062,
2.32227,,Surface,5,Image 1,1,6063,
2.15869,,Surface,5,Image 1,1,6064,
4.77344,,Surface,5,Image 1,1,6065,
73.5625,,Surface,5,Image 1,1,6066,
72.375,,Surface,5,Image 1,1,6067,
2.18018,,Surface,5,Image 1,1,6068,
1.00781,,Surface,5,Image 1,1,6070,
1.80273,,Surface,5,Image 1,1,6071,
5.19531,,Surface,5,Image 1,1,6072,
3.2168,,Surface,5,Image 1,1,6073,
9.91016,,Surface,5,Image 1,1,6074,
9.875,,Surface,5,Image 1,1,6075,
1.45117,,Surface,5,Image 1,1,6076,
0.365723,,Surface,5,Image 1,1,6077,
5.07812,,Surface,5,Image 1,1,6078,
3.02539,,Surface,5,Image 1,1,6079,
17.6875,,Surface,5,Image 1,1,6080,
1.58984,,Surface,5,Image 1,1,6082,
7.24219,,Surface,5,Image 1,1,6084,
87.625,,Surface,5,Image 1,1,6086,
24.125,,Surface,5,Image 1,1,6087,
182.75,,Surface,5,Image 1,1,6088,
1.52539,,Surface,5,Image 1,1,6089,
12.1562,,Surface,5,Image 1,1,6090,
0.837891,,Surface,5,Image 1,1,6091,
2.68945,,Surface,5,Image 1,1,6092,
4.58594,,Surface,5,Image 1,1,6093,
0.25,,Surface,5,Image 1,1,6094,
5.3125,,Surface,5,Image 1,1,6095,
0.000274658,,Surface,5,Image 1,1,6096,
0.585938,,Surface,5,Image 1,1,6097,
1.82227,,Surface,5,Image 1,1,6098,
0.453125,,Surface,5,Image 1,1,6099,
0.807617,,Surface,5,Image 1,1,6100,
2.77344,,Surface,5,Image 1,1,6101,
1.55859,,Surface,5,Image 1,1,6102,
0.408691,,Surface,5,Image 1,1,6104,
1.42578,,Surface,5,Image 1,1,6105,
127.625,,Surface,5,Image 1,1,6106,
0.104004,,Surface,5,Image 1,1,6107,
0.259766,,Surface,5,Image 1,1,6108,
3.3457,,Surface,5,Image 1,1,6109,
0.00805664,,Surface,5,Image 1,1,6110,
1.06885,,Surface,5,Image 1,1,6111,
0.605469,,Surface,5,Image 1,1,6113,
0.688477,,Surface,5,Image 1,1,6114,
0.859375,,Surface,5,Image 1,1,6115,
0.21582,,Surface,5,Image 1,1,6116,
0.772461,,Surface,5,Image 1,1,6117,
0.322754,,Surface,5,Image 1,1,6118,
23.1875,,Surface,5,Image 1,1,6119,
0.74707,,Surface,5,Image 1,1,6120,
1.61621,,Surface,5,Image 1,1,6122,
6.625,,Surface,5,Image 1,1,6124,
7.59375,,Surface,5,Image 1,1,6125,
1.43311,,Surface,5,Image 1,1,6126,
2.02148,,Surface,5,Image 1,1,6127,
2.25195,,Surface,5,Image 1,1,6130,
3.4668,,Surface,5,Image 1,1,6131,
1.10254,,Surface,5,Image 1,1,6132,
8.15625,,Surface,5,Image 1,1,6133,
4.67188,,Surface,5,Image 1,1,6134,
24.1875,,Surface,5,Image 1,1,6136,
0.000118256,,Surface,5,Image 1,1,6137,
5.92188,,Surface,5,Image 1,1,6138,
4.61133,,Surface,5,Image 1,1,6139,
0.616211,,Surface,5,Image 1,1,6141,
1.03223,,Surface,5,Image 1,1,6142,
5.46875,,Surface,5,Image 1,1,6143,
0.000488281,,Surface,5,Image 1,1,6144,
30.6875,,Surface,5,Image 1,1,6145,
0.802734,,Surface,5,Image 1,1,6146,
0.883789,,Surface,5,Image 1,1,6147,
4.34766,,Surface,5,Image 1,1,6148,
0.0654297,,Surface,5,Image 1,1,6149,
3.37695,,Surface,5,Image 1,1,6150,
33.8125,,Surface,5,Image 1,1,6151,
2.375,,Surface,5,Image 1,1,6152,
0.87207,,Surface,5,Image 1,1,6153,
4.57031,,Surface,5,Image 1,1,6154,
1.49414,,Surface,5,Image 1,1,6155,
26.2188,,Surface,5,Image 1,1,6157,
4.6543,,Surface,5,Image 1,1,6158,
0.0611572,,Surface,5,Image 1,1,6159,
1.35742,,Surface,5,Image 1,1,6160,
19.4219,,Surface,5,Image 1,1,6161,
5.9375,,Surface,5,Image 1,1,6162,
0.89209,,Surface,5,Image 1,1,6164,
0.848633,,Surface,5,Image 1,1,6165,
0.0217896,,Surface,5,Image 1,1,6166,
4.375,,Surface,5,Image 1,1,6167,
11.9453,,Surface,5,Image 1,1,6169,
2.61719,,Surface,5,Image 1,1,6170,
6.53613e-05,,Surface,5,Image 1,1,6172,
0.0706787,,Surface,5,Image 1,1,6173,
0.231445,,Surface,5,Image 1,1,6174,
0.951172,,Surface,5,Image 1,1,6175,
3.00781,,Surface,5,Image 1,1,6176,
3.85742,,Surface,5,Image 1,1,6179,
1.5127,,Surface,5,Image 1,1,6180,
1.55957,,Surface,5,Image 1,1,6181,
5.70312,,Surface,5,Image 1,1,6182,
16.9375,,Surface,5,Image 1,1,6183,
3.87695,,Surface,5,Image 1,1,6186,
2.83594,,Surface,5,Image 1,1,6187,
1.95117,,Surface,5,Image 1,1,6188,
3.23828,,Surface,5,Image 1,1,6189,
6.34375,,Surface,5,Image 1,1,6190,
19.375,,Surface,5,Image 1,1,6191,
3.9375,,Surface,5,Image 1,1,6192,
2.63867,,Surface,5,Image 1,1,6193,
0.876953,,Surface,5,Image 1,1,6195,
10.5625,,Surface,5,Image 1,1,6196,
5.48047,,Surface,5,Image 1,1,6197,
0.748047,,Surface,5,Image 1,1,6198,
0.0185547,,Surface,5,Image 1,1,6199,
2.28711,,Surface,5,Image 1,1,6200,
7.92969,,Surface,5,Image 1,1,6201,
9.04688,,Surface,5,Image 1,1,6202,
18.8125,,Surface,5,Image 1,1,6203,
0.464844,,Surface,5,Image 1,1,6204,
5.59375,,Surface,5,Image 1,1,6205,
0.810547,,Surface,5,Image 1,1,6206,
2.52344,,Surface,5,Image 1,1,6207,
1.58203,,Surface,5,Image 1,1,6208,
10.3594,,Surface,5,Image 1,1,6209,
1.1084,,Surface,5,Image 1,1,6210,
17.2031,,Surface,5,Image 1,1,6211,
2.82031,,Surface,5,Image 1,1,6212,
4.66602,,Surface,5,Image 1,1,6213,
4.06055,,Surface,5,Image 1,1,6214,
29.3438,,Surface,5,Image 1,1,6215,
11.7812,,Surface,5,Image 1,1,6216,
95.625,,Surface,5,Image 1,1,6217,
1.13477,,Surface,5,Image 1,1,6218,
6.29688,,Surface,5,Image 1,1,6219,
1.8457,,Surface,5,Image 1,1,6220,
21.375,,Surface,5,Image 1,1,6221,
52.625,,Surface,5,Image 1,1,6224,
0.40918,,Surface,5,Image 1,1,6225,
0.561035,,Surface,5,Image 1,1,6226,
0.00393677,,Surface,5,Image 1,1,6227,
60.5938,,Surface,5,Image 1,1,6228,
36.5625,,Surface,5,Image 1,1,6229,
13.4531,,Surface,5,Image 1,1,6230,
0.483398,,Surface,5,Image 1,1,6231,
1.00293,,Surface,5,Image 1,1,6232,
2.7793,,Surface,5,Image 1,1,6233,
10.1875,,Surface,5,Image 1,1,6234,
3.23438,,Surface,5,Image 1,1,6235,
0.699707,,Surface,5,Image 1,1,6236,
4.96875,,Surface,5,Image 1,1,6238,
2.49023,,Surface,5,Image 1,1,6239,
28.625,,Surface,5,Image 1,1,6240,
37.875,,Surface,5,Image 1,1,6241,
3.90625,,Surface,5,Image 1,1,6242,
11.8848,,Surface,5,Image 1,1,6243,
3.94531,,Surface,5,Image 1,1,6244,
49.125,,Surface,5,Image 1,1,6246,
0.273438,,Surface,5,Image 1,1,6247,
0.458984,,Surface,5,Image 1,1,6248,
6.78906,,Surface,5,Image 1,1,6249,
11.9375,,Surface,5,Image 1,1,6250,
0.916992,,Surface,5,Image 1,1,6251,
23.625,,Surface,5,Image 1,1,6252,
4.875,,Surface,5,Image 1,1,6253,
3.93945,,Surface,5,Image 1,1,6255,
0.00146484,,Surface,5,Image 1,1,6256,
0.955078,,Surface,5,Image 1,1,6257,
0.00328064,,Surface,5,Image 1,1,6258,
0.77832,,Surface,5,Image 1,1,6259,
4.25781,,Surface,5,Image 1,1,6260,
0.288574,,Surface,5,Image 1,1,6261,
1.4082,,Surface,5,Image 1,1,6262,
9.29688,,Surface,5,Image 1,1,6264,
4.25781,,Surface,5,Image 1,1,6265,
2.7168,,Surface,5,Image 1,1,6266,
11.4531,,Surface,5,Image 1,1,6267,
9.65625,,Surface,5,Image 1,1,6268,
21.1875,,Surface,5,Image 1,1,6270,
14.2188,,Surface,5,Image 1,1,6271,
0.950195,,Surface,5,Image 1,1,6272,
12.8438,,Surface,5,Image 1,1,6273,
1.19238,,Surface,5,Image 1,1,6274,
7.3125,,Surface,5,Image 1,1,6275,
0.604492,,Surface,5,Image 1,1,6276,
0.663574,,Surface,5,Image 1,1,6277,
4.52344,,Surface,5,Image 1,1,6278,
3.71094,,Surface,5,Image 1,1,6280,
1.41211,,Surface,5,Image 1,1,6281,
0.924805,,Surface,5,Image 1,1,6282,
0.18457,,Surface,5,Image 1,1,6284,
1.97266,,Surface,5,Image 1,1,6285,
0.799805,,Surface,5,Image 1,1,6286,
8.84375,,Surface,5,Image 1,1,6287,
2.01758,,Surface,5,Image 1,1,6288,
1.68359,,Surface,5,Image 1,1,6289,
0.521484,,Surface,5,Image 1,1,6291,
8.9375,,Surface,5,Image 1,1,6292,
3.10156,,Surface,5,Image 1,1,6294,
20.875,,Surface,5,Image 1,1,6295,
1.3418,,Surface,5,Image 1,1,6296,
3.67188,,Surface,5,Image 1,1,6297,
1.45215,,Surface,5,Image 1,1,6298,
3.64062,,Surface,5,Image 1,1,6299,
4.79688,,Surface,5,Image 1,1,6300,
25.9688,,Surface,5,Image 1,1,6301,
0.749023,,Surface,5,Image 1,1,6302,
2.53711,,Surface,5,Image 1,1,6303,
38.5938,,Surface,5,Image 1,1,6304,
43.6562,,Surface,5,Image 1,1,6305,
15.2812,,Surface,5,Image 1,1,6306,
80,,Surface,5,Image 1,1,6307,
22.9688,,Surface,5,Image 1,1,6308,
0.0201416,,Surface,5,Image 1,1,6309,
52.125,,Surface,5,Image 1,1,6311,
2.72656,,Surface,5,Image 1,1,6312,
0.619141,,Surface,5,Image 1,1,6313,
1.24805,,Surface,5,Image 1,1,6314,
32.8125,,Surface,5,Image 1,1,6315,
68.5312,,Surface,5,Image 1,1,6316,
0.447754,,Surface,5,Image 1,1,6317,
18,,Surface,5,Image 1,1,6318,
0.0527344,,Surface,5,Image 1,1,6320,
2.27539,,Surface,5,Image 1,1,6321,
0.58252,,Surface,5,Image 1,1,6322,
0.334961,,Surface,5,Image 1,1,6323,
0.756836,,Surface,5,Image 1,1,6324,
0.837891,,Surface,5,Image 1,1,6325,
0.0742188,,Surface,5,Image 1,1,6326,
5.41016,,Surface,5,Image 1,1,6328,
3.79688,,Surface,5,Image 1,1,6329,
1.07715,,Surface,5,Image 1,1,6330,
0.915039,,Surface,5,Image 1,1,6332,
5.09375,,Surface,5,Image 1,1,6334,
0.854004,,Surface,5,Image 1,1,6335,
1.59277,,Surface,5,Image 1,1,6336,
65.375,,Surface,5,Image 1,1,6337,
0.841797,,Surface,5,Image 1,1,6338,
0.984375,,Surface,5,Image 1,1,6339,
0.0118408,,Surface,5,Image 1,1,6341,
1.16943,,Surface,5,Image 1,1,6342,
2.49609,,Surface,5,Image 1,1,6343,
0.947754,,Surface,5,Image 1,1,6344,
6.26172,,Surface,5,Image 1,1,6345,
1.04688,,Surface,5,Image 1,1,6346,
0.169922,,Surface,5,Image 1,1,6347,
27.3438,,Surface,5,Image 1,1,6348,
0.100586,,Surface,5,Image 1,1,6352,
2.33008,,Surface,5,Image 1,1,6353,
1.3418,,Surface,5,Image 1,1,6356,
1.01953,,Surface,5,Image 1,1,6357,
14.625,,Surface,5,Image 1,1,6358,
0.575195,,Surface,5,Image 1,1,6359,
6.37109,,Surface,5,Image 1,1,6360,
5.19141,,Surface,5,Image 1,1,6361,
0.350586,,Surface,5,Image 1,1,6362,
6.125,,Surface,5,Image 1,1,6363,
6.32812,,Surface,5,Image 1,1,6364,
4.53516,,Surface,5,Image 1,1,6365,
74.1875,,Surface,5,Image 1,1,6367,
3.29297,,Surface,5,Image 1,1,6368,
27.4062,,Surface,5,Image 1,1,6369,
3.63281,,Surface,5,Image 1,1,6370,
1.16504,,Surface,5,Image 1,1,6372,
0.955078,,Surface,5,Image 1,1,6375,
1.23828,,Surface,5,Image 1,1,6378,
33.0312,,Surface,5,Image 1,1,6379,
0.402588,,Surface,5,Image 1,1,6381,
2.7168,,Surface,5,Image 1,1,6382,
12.5625,,Surface,5,Image 1,1,6383,
4.34375,,Surface,5,Image 1,1,6386,
1.77148,,Surface,5,Image 1,1,6387,
4.24609,,Surface,5,Image 1,1,6388,
5.30078,,Surface,5,Image 1,1,6389,
0.0375977,,Surface,5,Image 1,1,6390,
3.62109,,Surface,5,Image 1,1,6391,
4.85156,,Surface,5,Image 1,1,6392,
3.92578,,Surface,5,Image 1,1,6394,
18.5938,,Surface,5,Image 1,1,6395,
4.5918,,Surface,5,Image 1,1,6396,
1.96484,,Surface,5,Image 1,1,6397,
0.450195,,Surface,5,Image 1,1,6398,
6.14844,,Surface,5,Image 1,1,6399,
0.046875,,Surface,5,Image 1,1,6400,
1.26465,,Surface,5,Image 1,1,6402,
12.0938,,Surface,5,Image 1,1,6403,
3.89844,,Surface,5,Image 1,1,6404,
0.561523,,Surface,5,Image 1,1,6406,
2.56445,,Surface,5,Image 1,1,6407,
0.000427246,,Surface,5,Image 1,1,6408,
0.797852,,Surface,5,Image 1,1,6409,
55.375,,Surface,5,Image 1,1,6410,
85.875,,Surface,5,Image 1,1,6411,
0.916992,,Surface,5,Image 1,1,6412,
4.60938,,Surface,5,Image 1,1,6414,
0.0855865,,Surface,5,Image 1,1,6415,
0.217285,,Surface,5,Image 1,1,6416,
3.77734,,Surface,5,Image 1,1,6417,
0.446777,,Surface,5,Image 1,1,6418,
1.19824,,Surface,5,Image 1,1,6420,
1.99805,,Surface,5,Image 1,1,6421,
5.57422,,Surface,5,Image 1,1,6422,
2.31055,,Surface,5,Image 1,1,6424,
1.41602,,Surface,5,Image 1,1,6426,
2.85156,,Surface,5,Image 1,1,6428,
2.88086,,Surface,5,Image 1,1,6429,
30.125,,Surface,5,Image 1,1,6430,
0.264404,,Surface,5,Image 1,1,6431,
3.01367,,Surface,5,Image 1,1,6432,
113.5,,Surface,5,Image 1,1,6434,
0.311523,,Surface,5,Image 1,1,6435,
212.875,,Surface,5,Image 1,1,6436,
1.02734,,Surface,5,Image 1,1,6439,
7.33594,,Surface,5,Image 1,1,6440,
0.00740814,,Surface,5,Image 1,1,6444,
7.62939e-05,,Surface,5,Image 1,1,6445,
66.375,,Surface,5,Image 1,1,6446,
4.82031,,Surface,5,Image 1,1,6447,
3.4043,,Surface,5,Image 1,1,6448,
6.53613e-05,,Surface,5,Image 1,1,6449,
13.9375,,Surface,5,Image 1,1,6450,
2.70508,,Surface,5,Image 1,1,6453,
8.625,,Surface,5,Image 1,1,6454,
1.04004,,Surface,5,Image 1,1,6455,
0.613281,,Surface,5,Image 1,1,6456,
52.5,,Surface,5,Image 1,1,6457,
3.68359,,Surface,5,Image 1,1,6458,
1.82812,,Surface,5,Image 1,1,6459,
6.0625,,Surface,5,Image 1,1,6460,
0.508301,,Surface,5,Image 1,1,6461,
0.0458984,,Surface,5,Image 1,1,6462,
0.622559,,Surface,5,Image 1,1,6464,
1.27148,,Surface,5,Image 1,1,6465,
0.100098,,Surface,5,Image 1,1,6466,
22.875,,Surface,5,Image 1,1,6467,
7.01562,,Surface,5,Image 1,1,6470,
5.65234,,Surface,5,Image 1,1,6471,
4.66016,,Surface,5,Image 1,1,6472,
0.468262,,Surface,5,Image 1,1,6473,
10.4688,,Surface,5,Image 1,1,6474,
1.5625,,Surface,5,Image 1,1,6475,
0.792969,,Surface,5,Image 1,1,6476,
1.21875,,Surface,5,Image 1,1,6477,
0.145874,,Surface,5,Image 1,1,6478,
2.62695,,Surface,5,Image 1,1,6480,
5.70703,,Surface,5,Image 1,1,6481,
3.69922,,Surface,5,Image 1,1,6482,
7.84375,,Surface,5,Image 1,1,6483,
1.61816,,Surface,5,Image 1,1,6484,
0.522461,,Surface,5,Image 1,1,6486,
0.666016,,Surface,5,Image 1,1,6487,
0.849609,,Surface,5,Image 1,1,6488,
1.39648,,Surface,5,Image 1,1,6490,
0.391602,,Surface,5,Image 1,1,6491,
0.874023,,Surface,5,Image 1,1,6492,
1.09961,,Surface,5,Image 1,1,6495,
10.4219,,Surface,5,Image 1,1,6497,
0.160156,,Surface,5,Image 1,1,6498,
24.8438,,Surface,5,Image 1,1,6499,
21.375,,Surface,5,Image 1,1,6500,
0.844238,,Surface,5,Image 1,1,6501,
4.33203,,Surface,5,Image 1,1,6502,
18.125,,Surface,5,Image 1,1,6504,
123.625,,Surface,5,Image 1,1,6505,
3.41406,,Surface,5,Image 1,1,6506,
4.08789,,Surface,5,Image 1,1,6507,
0.501465,,Surface,5,Image 1,1,6508,
1.13477,,Surface,5,Image 1,1,6509,
0.600586,,Surface,5,Image 1,1,6510,
2.52734,,Surface,5,Image 1,1,6511,
0.994141,,Surface,5,Image 1,1,6513,
8.21875,,Surface,5,Image 1,1,6514,
5.32031,,Surface,5,Image 1,1,6515,
0.577148,,Surface,5,Image 1,1,6516,
2.72461,,Surface,5,Image 1,1,6518,
2.01953,,Surface,5,Image 1,1,6519,
2.43359,,Surface,5,Image 1,1,6520,
4.75,,Surface,5,Image 1,1,6521,
76.4375,,Surface,5,Image 1,1,6522,
1.16992,,Surface,5,Image 1,1,6523,
1.03271,,Surface,5,Image 1,1,6524,
3.5332,,Surface,5,Image 1,1,6525,
5.9375,,Surface,5,Image 1,1,6526,
2.53125,,Surface,5,Image 1,1,6527,
2.02148,,Surface,5,Image 1,1,6528,
3.6875,,Surface,5,Image 1,1,6529,
5.03516,,Surface,5,Image 1,1,6530,
6.37109,,Surface,5,Image 1,1,6531,
5.19531,,Surface,5,Image 1,1,6532,
0.0307617,,Surface,5,Image 1,1,6533,
0.982422,,Surface,5,Image 1,1,6534,
1.21875,,Surface,5,Image 1,1,6536,
1.02051,,Surface,5,Image 1,1,6537,
0.678711,,Surface,5,Image 1,1,6538,
39.4688,,Surface,5,Image 1,1,6539,
2.82422,,Surface,5,Image 1,1,6540,
0.347168,,Surface,5,Image 1,1,6541,
26.0156,,Surface,5,Image 1,1,6542,
4.89062,,Surface,5,Image 1,1,6546,
0.00289917,,Surface,5,Image 1,1,6547,
1.12109,,Surface,5,Image 1,1,6548,
0.862793,,Surface,5,Image 1,1,6549,
0.951172,,Surface,5,Image 1,1,6550,
2.23438,,Surface,5,Image 1,1,6551,
0.00463867,,Surface,5,Image 1,1,6552,
6.32812,,Surface,5,Image 1,1,6553,
2.38672,,Surface,5,Image 1,1,6554,
0.0949707,,Surface,5,Image 1,1,6555,
0.0380859,,Surface,5,Image 1,1,6556,
3.57031,,Surface,5,Image 1,1,6557,
2.61133,,Surface,5,Image 1,1,6558,
3.23438,,Surface,5,Image 1,1,6560,
0.0849609,,Surface,5,Image 1,1,6561,
42.5938,,Surface,5,Image 1,1,6564,
4.19141,,Surface,5,Image 1,1,6565,
0.241699,,Surface,5,Image 1,1,6566,
1.56641,,Surface,5,Image 1,1,6568,
2.96484,,Surface,5,Image 1,1,6570,
32.625,,Surface,5,Image 1,1,6571,
0.0412598,,Surface,5,Image 1,1,6573,
0.0107422,,Surface,5,Image 1,1,6574,
2.86719,,Surface,5,Image 1,1,6575,
39.0625,,Surface,5,Image 1,1,6576,
4.06836,,Surface,5,Image 1,1,6577,
2.08008,,Surface,5,Image 1,1,6578,
3.49805,,Surface,5,Image 1,1,6579,
0.448242,,Surface,5,Image 1,1,6580,
7.61719,,Surface,5,Image 1,1,6581,
3.07031,,Surface,5,Image 1,1,6582,
5.10547,,Surface,5,Image 1,1,6583,
0.208252,,Surface,5,Image 1,1,6584,
0.703125,,Surface,5,Image 1,1,6585,
0.588867,,Surface,5,Image 1,1,6586,
1.69434,,Surface,5,Image 1,1,6587,
1.16113,,Surface,5,Image 1,1,6588,
0.000976562,,Surface,5,Image 1,1,6589,
1.36133,,Surface,5,Image 1,1,6591,
0.469727,,Surface,5,Image 1,1,6592,
70.6875,,Surface,5,Image 1,1,6593,
0.642578,,Surface,5,Image 1,1,6594,
0.636719,,Surface,5,Image 1,1,6595,
5.25391,,Surface,5,Image 1,1,6596,
23.7188,,Surface,5,Image 1,1,6597,
17.5625,,Surface,5,Image 1,1,6598,
5.10938,,Surface,5,Image 1,1,6599,
4.78125,,Surface,5,Image 1,1,6601,
0.449219,,Surface,5,Image 1,1,6602,
23.3438,,Surface,5,Image 1,1,6603,
11.9375,,Surface,5,Image 1,1,6604,
4.05859,,Surface,5,Image 1,1,6605,
0.573242,,Surface,5,Image 1,1,6606,
0.818359,,Surface,5,Image 1,1,6607,
24.6719,,Surface,5,Image 1,1,6608,
0.668945,,Surface,5,Image 1,1,6609,
1.11719,,Surface,5,Image 1,1,6610,
0.545898,,Surface,5,Image 1,1,6612,
4.62891,,Surface,5,Image 1,1,6613,
5.42578,,Surface,5,Image 1,1,6614,
4.62891,,Surface,5,Image 1,1,6615,
12.625,,Surface,5,Image 1,1,6616,
0.0045166,,Surface,5,Image 1,1,6617,
3.39453,,Surface,5,Image 1,1,6618,
126,,Surface,5,Image 1,1,6619,
2.31836,,Surface,5,Image 1,1,6620,
0.0124512,,Surface,5,Image 1,1,6621,
9.98047,,Surface,5,Image 1,1,6622,
14.0938,,Surface,5,Image 1,1,6623,
2.33984,,Surface,5,Image 1,1,6624,
0.883789,,Surface,5,Image 1,1,6625,
0.135498,,Surface,5,Image 1,1,6626,
4.65625,,Surface,5,Image 1,1,6627,
1.98047,,Surface,5,Image 1,1,6628,
14.4375,,Surface,5,Image 1,1,6629,
0.674805,,Surface,5,Image 1,1,6630,
145.688,,Surface,5,Image 1,1,6631,
2.23242,,Surface,5,Image 1,1,6635,
1.36914,,Surface,5,Image 1,1,6636,
0.362793,,Surface,5,Image 1,1,6638,
0.993164,,Surface,5,Image 1,1,6639,
3.83984,,Surface,5,Image 1,1,6641,
11.7969,,Surface,5,Image 1,1,6642,
3.68359,,Surface,5,Image 1,1,6643,
4.85938,,Surface,5,Image 1,1,6644,
2.49609,,Surface,5,Image 1,1,6645,
1.00781,,Surface,5,Image 1,1,6646,
3.67969,,Surface,5,Image 1,1,6648,
3.90625,,Surface,5,Image 1,1,6649,
14.0625,,Surface,5,Image 1,1,6651,
1.79297,,Surface,5,Image 1,1,6652,
0.0142212,,Surface,5,Image 1,1,6653,
1.76953,,Surface,5,Image 1,1,6654,
72.3125,,Surface,5,Image 1,1,6655,
4.9375,,Surface,5,Image 1,1,6656,
2.01562,,Surface,5,Image 1,1,6657,
1.69727,,Surface,5,Image 1,1,6658,
39.0625,,Surface,5,Image 1,1,6659,
3.11328,,Surface,5,Image 1,1,6660,
0.272339,,Surface,5,Image 1,1,6661,
1.4834,,Surface,5,Image 1,1,6662,
59.3125,,Surface,5,Image 1,1,6664,
6.48438,,Surface,5,Image 1,1,6665,
2.45312,,Surface,5,Image 1,1,6666,
32.5938,,Surface,5,Image 1,1,6667,
0.157959,,Surface,5,Image 1,1,6668,
15.5625,,Surface,5,Image 1,1,6669,
0.637207,,Surface,5,Image 1,1,6670,
58.5625,,Surface,5,Image 1,1,6671,
6.90625,,Surface,5,Image 1,1,6672,
1.34912,,Surface,5,Image 1,1,6673,
0.681641,,Surface,5,Image 1,1,6674,
55.625,,Surface,5,Image 1,1,6675,
1.85742,,Surface,5,Image 1,1,6676,
3.12891,,Surface,5,Image 1,1,6677,
2.50781,,Surface,5,Image 1,1,6678,
1.06348,,Surface,5,Image 1,1,6680,
0.983887,,Surface,5,Image 1,1,6681,
1.69922,,Surface,5,Image 1,1,6682,
2.99219,,Surface,5,Image 1,1,6683,
23.3125,,Surface,5,Image 1,1,6684,
1.06348,,Surface,5,Image 1,1,6685,
1.69531,,Surface,5,Image 1,1,6686,
4.55859,,Surface,5,Image 1,1,6687,
2.58594,,Surface,5,Image 1,1,6688,
1.07617,,Surface,5,Image 1,1,6689,
57.0312,,Surface,5,Image 1,1,6690,
1.87305,,Surface,5,Image 1,1,6692,
0.966797,,Surface,5,Image 1,1,6694,
5.9375,,Surface,5,Image 1,1,6695,
0.379395,,Surface,5,Image 1,1,6698,
0.458984,,Surface,5,Image 1,1,6699,
39.3281,,Surface,5,Image 1,1,6700,
0.00946045,,Surface,5,Image 1,1,6701,
3.3125,,Surface,5,Image 1,1,6702,
0.876953,,Surface,5,Image 1,1,6703,
0.862305,,Surface,5,Image 1,1,6704,
2.80957,,Surface,5,Image 1,1,6705,
15.8125,,Surface,5,Image 1,1,6706,
0.782227,,Surface,5,Image 1,1,6707,
27.3438,,Surface,5,Image 1,1,6708,
13.1719,,Surface,5,Image 1,1,6709,
13.6875,,Surface,5,Image 1,1,6710,
0.000183105,,Surface,5,Image 1,1,6711,
0.855469,,Surface,5,Image 1,1,6712,
0.820801,,Surface,5,Image 1,1,6713,
0.849609,,Surface,5,Image 1,1,6714,
0.75,,Surface,5,Image 1,1,6715,
4.50391,,Surface,5,Image 1,1,6716,
2.92578,,Surface,5,Image 1,1,6717,
0.176514,,Surface,5,Image 1,1,6718,
0.498047,,Surface,5,Image 1,1,6719,
3.69922,,Surface,5,Image 1,1,6720,
77.5,,Surface,5,Image 1,1,6721,
44.2188,,Surface,5,Image 1,1,6722,
63.0938,,Surface,5,Image 1,1,6723,
1.71875,,Surface,5,Image 1,1,6724,
8.51953,,Surface,5,Image 1,1,6726,
2.33008,,Surface,5,Image 1,1,6729,
1.03516,,Surface,5,Image 1,1,6730,
8.5625,,Surface,5,Image 1,1,6732,
0.135742,,Surface,5,Image 1,1,6733,
4.33203,,Surface,5,Image 1,1,6734,
0.0065918,,Surface,5,Image 1,1,6735,
29.4375,,Surface,5,Image 1,1,6737,
3.99609,,Surface,5,Image 1,1,6738,
5.22266,,Surface,5,Image 1,1,6739,
2.21875,,Surface,5,Image 1,1,6740,
12.2188,,Surface,5,Image 1,1,6741,
3.07617,,Surface,5,Image 1,1,6742,
62.9375,,Surface,5,Image 1,1,6743,
1.71875,,Surface,5,Image 1,1,6744,
0.76709,,Surface,5,Image 1,1,6745,
2.43359,,Surface,5,Image 1,1,6746,
1.95508,,Surface,5,Image 1,1,6747,
0.635254,,Surface,5,Image 1,1,6748,
5.5,,Surface,5,Image 1,1,6749,
84.125,,Surface,5,Image 1,1,6750,
0.560547,,Surface,5,Image 1,1,6751,
4.78516,,Surface,5,Image 1,1,6752,
3.63477,,Surface,5,Image 1,1,6753,
3.9375,,Surface,5,Image 1,1,6755,
1.95898,,Surface,5,Image 1,1,6757,
42.75,,Surface,5,Image 1,1,6758,
1.51367,,Surface,5,Image 1,1,6762,
3.72656,,Surface,5,Image 1,1,6763,
0.293945,,Surface,5,Image 1,1,6764,
6.53613e-05,,Surface,5,Image 1,1,6765,
0.291992,,Surface,5,Image 1,1,6766,
0.0439453,,Surface,5,Image 1,1,6767,
1.60352,,Surface,5,Image 1,1,6769,
4.11328,,Surface,5,Image 1,1,6770,
6.53613e-05,,Surface,5,Image 1,1,6771,
0.416992,,Surface,5,Image 1,1,6772,
0.456055,,Surface,5,Image 1,1,6773,
18.9375,,Surface,5,Image 1,1,6775,
1.25684,,Surface,5,Image 1,1,6776,
2.19141,,Surface,5,Image 1,1,6777,
0.71875,,Surface,5,Image 1,1,6778,
1.67773,,Surface,5,Image 1,1,6780,
0.121094,,Surface,5,Image 1,1,6781,
6.54688,,Surface,5,Image 1,1,6782,
3.70703,,Surface,5,Image 1,1,6784,
1.65234,,Surface,5,Image 1,1,6785,
21.6875,,Surface,5,Image 1,1,6786,
92.6875,,Surface,5,Image 1,1,6787,
2.03125,,Surface,5,Image 1,1,6789,
2.39844,,Surface,5,Image 1,1,6790,
0.00256348,,Surface,5,Image 1,1,6791,
3.36914,,Surface,5,Image 1,1,6792,
1.01855,,Surface,5,Image 1,1,6793,
2.46484,,Surface,5,Image 1,1,6794,
3.04297,,Surface,5,Image 1,1,6795,
21.8125,,Surface,5,Image 1,1,6798,
2.01953,,Surface,5,Image 1,1,6799,
4.64453,,Surface,5,Image 1,1,6800,
0.291504,,Surface,5,Image 1,1,6801,
1.80469,,Surface,5,Image 1,1,6802,
0.6875,,Surface,5,Image 1,1,6803,
3.45312,,Surface,5,Image 1,1,6804,
0.796875,,Surface,5,Image 1,1,6806,
0.0236816,,Surface,5,Image 1,1,6807,
3.41016,,Surface,5,Image 1,1,6808,
0.352539,,Surface,5,Image 1,1,6809,
2.58398,,Surface,5,Image 1,1,6810,
79.6875,,Surface,5,Image 1,1,6812,
0.145264,,Surface,5,Image 1,1,6813,
2.45312,,Surface,5,Image 1,1,6814,
2.98242,,Surface,5,Image 1,1,6815,
2.67773,,Surface,5,Image 1,1,6817,
0.341309,,Surface,5,Image 1,1,6818,
119.438,,Surface,5,Image 1,1,6821,
0.363281,,Surface,5,Image 1,1,6822,
0.697266,,Surface,5,Image 1,1,6823,
0.408691,,Surface,5,Image 1,1,6824,
4.21875,,Surface,5,Image 1,1,6825,
3.43945,,Surface,5,Image 1,1,6827,
3.51172,,Surface,5,Image 1,1,6829,
4.87891,,Surface,5,Image 1,1,6830,
2.66797,,Surface,5,Image 1,1,6831,
1.64648,,Surface,5,Image 1,1,6832,
0.174805,,Surface,5,Image 1,1,6833,
0.71582,,Surface,5,Image 1,1,6834,
4.06641,,Surface,5,Image 1,1,6836,
1.22559,,Surface,5,Image 1,1,6837,
1.0459,,Surface,5,Image 1,1,6838,
0.0134277,,Surface,5,Image 1,1,6840,
4.58984,,Surface,5,Image 1,1,6841,
0.0318604,,Surface,5,Image 1,1,6842,
68.0312,,Surface,5,Image 1,1,6844,
3.77344,,Surface,5,Image 1,1,6845,
0.53418,,Surface,5,Image 1,1,6846,
0.145264,,Surface,5,Image 1,1,6847,
3.24414,,Surface,5,Image 1,1,6848,
168.625,,Surface,5,Image 1,1,6850,
4.15234,,Surface,5,Image 1,1,6852,
1.31055,,Surface,5,Image 1,1,6854,
0.327637,,Surface,5,Image 1,1,6855,
1.36914,,Surface,5,Image 1,1,6856,
3.64453,,Surface,5,Image 1,1,6857,
0.65918,,Surface,5,Image 1,1,6858,
4.00684,,Surface,5,Image 1,1,6859,
0.716797,,Surface,5,Image 1,1,6862,
16.4688,,Surface,5,Image 1,1,6863,
8,,Surface,5,Image 1,1,6864,
5.29688,,Surface,5,Image 1,1,6865,
2.83203,,Surface,5,Image 1,1,6866,
3.55469,,Surface,5,Image 1,1,6868,
0.350586,,Surface,5,Image 1,1,6869,
1.0332,,Surface,5,Image 1,1,6870,
0.034668,,Surface,5,Image 1,1,6871,
0.479492,,Surface,5,Image 1,1,6872,
0.881836,,Surface,5,Image 1,1,6874,
0.859375,,Surface,5,Image 1,1,6875,
49.8125,,Surface,5,Image 1,1,6876,
3.57422,,Surface,5,Image 1,1,6877,
2.9082,,Surface,5,Image 1,1,6880,
4.95703,,Surface,5,Image 1,1,6881,
0.901367,,Surface,5,Image 1,1,6882,
2.4917,,Surface,5,Image 1,1,6883,
2.00391,,Surface,5,Image 1,1,6884,
4.05469,,Surface,5,Image 1,1,6885,
6.53613e-05,,Surface,5,Image 1,1,6886,
4.16406,,Surface,5,Image 1,1,6887,
1.16797,,Surface,5,Image 1,1,6888,
0.244873,,Surface,5,Image 1,1,6889,
0.395508,,Surface,5,Image 1,1,6891,
0.841797,,Surface,5,Image 1,1,6892,
69.1875,,Surface,5,Image 1,1,6893,
0.977539,,Surface,5,Image 1,1,6894,
25.2656,,Surface,5,Image 1,1,6895,
2.45898,,Surface,5,Image 1,1,6896,
3.24219,,Surface,5,Image 1,1,6897,
0.709961,,Surface,5,Image 1,1,6898,
1.17676,,Surface,5,Image 1,1,6899,
0.791016,,Surface,5,Image 1,1,6900,
0.982422,,Surface,5,Image 1,1,6901,
0.816406,,Surface,5,Image 1,1,6902,
3.89453,,Surface,5,Image 1,1,6903,
2.22656,,Surface,5,Image 1,1,6905,
4.52734,,Surface,5,Image 1,1,6906,
0.381836,,Surface,5,Image 1,1,6907,
2.37695,,Surface,5,Image 1,1,6908,
9.28125,,Surface,5,Image 1,1,6909,
1.1709,,Surface,5,Image 1,1,6910,
2.52148,,Surface,5,Image 1,1,6911,
2.18555,,Surface,5,Image 1,1,6912,
0.250488,,Surface,5,Image 1,1,6913,
0.207031,,Surface,5,Image 1,1,6914,
0.660156,,Surface,5,Image 1,1,6915,
2.88867,,Surface,5,Image 1,1,6916,
4.45312,,Surface,5,Image 1,1,6917,
34.75,,Surface,5,Image 1,1,6918,
2.87891,,Surface,5,Image 1,1,6919,
0.248535,,Surface,5,Image 1,1,6920,
1.38379,,Surface,5,Image 1,1,6921,
1.97266,,Surface,5,Image 1,1,6922,
3.64062,,Surface,5,Image 1,1,6923,
7.875,,Surface,5,Image 1,1,6924,
1.88086,,Surface,5,Image 1,1,6925,
1.12402,,Surface,5,Image 1,1,6926,
2.22266,,Surface,5,Image 1,1,6927,
3.00195,,Surface,5,Image 1,1,6928,
6.53613e-05,,Surface,5,Image 1,1,6929,
3.55859,,Surface,5,Image 1,1,6930,
0.947266,,Surface,5,Image 1,1,6932,
2.29883,,Surface,5,Image 1,1,6933,
20.4375,,Surface,5,Image 1,1,6934,
0.942871,,Surface,5,Image 1,1,6935,
1.2373,,Surface,5,Image 1,1,6936,
1.44141,,Surface,5,Image 1,1,6937,
4.04297,,Surface,5,Image 1,1,6938,
1.41455,,Surface,5,Image 1,1,6940,
22.3438,,Surface,5,Image 1,1,6941,
0.0200195,,Surface,5,Image 1,1,6942,
2.76953,,Surface,5,Image 1,1,6943,
1.82422,,Surface,5,Image 1,1,6944,
125.125,,Surface,5,Image 1,1,6945,
0.0581055,,Surface,5,Image 1,1,6946,
4.19531,,Surface,5,Image 1,1,6948,
4.63281,,Surface,5,Image 1,1,6949,
0.481445,,Surface,5,Image 1,1,6950,
5.17969,,Surface,5,Image 1,1,6951,
0.0297852,,Surface,5,Image 1,1,6952,
1.66602,,Surface,5,Image 1,1,6954,
31.9062,,Surface,5,Image 1,1,6955,
18.6875,,Surface,5,Image 1,1,6956,
22.875,,Surface,5,Image 1,1,6959,
1.65137,,Surface,5,Image 1,1,6960,
0.737305,,Surface,5,Image 1,1,6961,
3.29297,,Surface,5,Image 1,1,6962,
64.125,,Surface,5,Image 1,1,6963,
0.461914,,Surface,5,Image 1,1,6965,
0.350342,,Surface,5,Image 1,1,6966,
1.5332,,Surface,5,Image 1,1,6967,
6.53863e-05,,Surface,5,Image 1,1,6969,
2.03906,,Surface,5,Image 1,1,6970,
3.14453,,Surface,5,Image 1,1,6971,
1.15137,,Surface,5,Image 1,1,6972,
4.58984,,Surface,5,Image 1,1,6973,
2.81641,,Surface,5,Image 1,1,6975,
0.853516,,Surface,5,Image 1,1,6976,
10.5625,,Surface,5,Image 1,1,6977,
7.62939e-05,,Surface,5,Image 1,1,6978,
2.17383,,Surface,5,Image 1,1,6980,
39.9375,,Surface,5,Image 1,1,6981,
0.00927734,,Surface,5,Image 1,1,6982,
0.00012207,,Surface,5,Image 1,1,6983,
26.2188,,Surface,5,Image 1,1,6984,
2.09766,,Surface,5,Image 1,1,6985,
3.71484,,Surface,5,Image 1,1,6986,
0.751953,,Surface,5,Image 1,1,6987,
2.83594,,Surface,5,Image 1,1,6988,
0.00167847,,Surface,5,Image 1,1,6989,
1.18066,,Surface,5,Image 1,1,6990,
1.39844,,Surface,5,Image 1,1,6991,
3.88867,,Surface,5,Image 1,1,6992,
1.93945,,Surface,5,Image 1,1,6993,
1.91992,,Surface,5,Image 1,1,6994,
2.39062,,Surface,5,Image 1,1,6995,
6.53613e-05,,Surface,5,Image 1,1,6996,
0.469727,,Surface,5,Image 1,1,6997,
0.000396729,,Surface,5,Image 1,1,6998,
4.83203,,Surface,5,Image 1,1,6999,
78.875,,Surface,5,Image 1,1,7000,
24.7188,,Surface,5,Image 1,1,7001,
68.9531,,Surface,5,Image 1,1,7002,
1.50293,,Surface,5,Image 1,1,7003,
1.04199,,Surface,5,Image 1,1,7004,
16.9062,,Surface,5,Image 1,1,7005,
164.719,,Surface,5,Image 1,1,7006,
4.88281,,Surface,5,Image 1,1,7007,
1.59277,,Surface,5,Image 1,1,7008,
3.02734,,Surface,5,Image 1,1,7009,
0.693359,,Surface,5,Image 1,1,7010,
56.25,,Surface,5,Image 1,1,7013,
6.53516,,Surface,5,Image 1,1,7014,
0.42627,,Surface,5,Image 1,1,7015,
99,,Surface,5,Image 1,1,7016,
1.32812,,Surface,5,Image 1,1,7017,
1.49805,,Surface,5,Image 1,1,7018,
8.0625,,Surface,5,Image 1,1,7019,
1.2041,,Surface,5,Image 1,1,7020,
0.978516,,Surface,5,Image 1,1,7021,
1.20508,,Surface,5,Image 1,1,7023,
1.64648,,Surface,5,Image 1,1,7024,
2.22852,,Surface,5,Image 1,1,7025,
3.08789,,Surface,5,Image 1,1,7026,
31.2812,,Surface,5,Image 1,1,7027,
2.5625,,Surface,5,Image 1,1,7028,
4.04297,,Surface,5,Image 1,1,7030,
2.32422,,Surface,5,Image 1,1,7031,
4.46875,,Surface,5,Image 1,1,7032,
6.53613e-05,,Surface,5,Image 1,1,7033,
8.90234,,Surface,5,Image 1,1,7034,
44.7188,,Surface,5,Image 1,1,7035,
0.430664,,Surface,5,Image 1,1,7036,
0.00125122,,Surface,5,Image 1,1,7037,
2.32617,,Surface,5,Image 1,1,7038,
0.383301,,Surface,5,Image 1,1,7039,
0.917969,,Surface,5,Image 1,1,7041,
9.07812,,Surface,5,Image 1,1,7042,
7.72656,,Surface,5,Image 1,1,7043,
0.978516,,Surface,5,Image 1,1,7044,
2.88477,,Surface,5,Image 1,1,7045,
0.898438,,Surface,5,Image 1,1,7046,
1.09863,,Surface,5,Image 1,1,7047,
6.27734,,Surface,5,Image 1,1,7048,
1.33008,,Surface,5,Image 1,1,7050,
2.17578,,Surface,5,Image 1,1,7051,
112.625,,Surface,5,Image 1,1,7053,
2.55469,,Surface,5,Image 1,1,7054,
1.61914,,Surface,5,Image 1,1,7055,
9.79688,,Surface,5,Image 1,1,7057,
1.19531,,Surface,5,Image 1,1,7058,
2.01562,,Surface,5,Image 1,1,7059,
6.12109,,Surface,5,Image 1,1,7061,
0.00320435,,Surface,5,Image 1,1,7062,
4.35156,,Surface,5,Image 1,1,7063,
2.39844,,Surface,5,Image 1,1,7064,
3.50195,,Surface,5,Image 1,1,7065,
4.18359,,Surface,5,Image 1,1,7066,
0.743164,,Surface,5,Image 1,1,7067,
3.07031,,Surface,5,Image 1,1,7070,
1.81641,,Surface,5,Image 1,1,7072,
1.28906,,Surface,5,Image 1,1,7073,
5.32031,,Surface,5,Image 1,1,7074,
16.9922,,Surface,5,Image 1,1,7075,
0.432129,,Surface,5,Image 1,1,7076,
166.688,,Surface,5,Image 1,1,7077,
0.881348,,Surface,5,Image 1,1,7078,
17.75,,Surface,5,Image 1,1,7081,
37.2188,,Surface,5,Image 1,1,7082,
1.41211,,Surface,5,Image 1,1,7083,
1.86719,,Surface,5,Image 1,1,7084,
2.81055,,Surface,5,Image 1,1,7085,
36.125,,Surface,5,Image 1,1,7087,
6.67572e-05,,Surface,5,Image 1,1,7088,
0.527832,,Surface,5,Image 1,1,7091,
14.8594,,Surface,5,Image 1,1,7092,
3.51172,,Surface,5,Image 1,1,7093,
0.627441,,Surface,5,Image 1,1,7094,
70.5469,,Surface,5,Image 1,1,7095,
3.53516,,Surface,5,Image 1,1,7096,
4.46875,,Surface,5,Image 1,1,7097,
7.62939e-05,,Surface,5,Image 1,1,7098,
5.51562,,Surface,5,Image 1,1,7099,
1.22852,,Surface,5,Image 1,1,7100,
4.38672,,Surface,5,Image 1,1,7101,
37.1094,,Surface,5,Image 1,1,7102,
40.0625,,Surface,5,Image 1,1,7103,
1.12109,,Surface,5,Image 1,1,7104,
36.25,,Surface,5,Image 1,1,7105,
1.81641,,Surface,5,Image 1,1,7106,
0.143555,,Surface,5,Image 1,1,7107,
0.00392151,,Surface,5,Image 1,1,7108,
0.916016,,Surface,5,Image 1,1,7111,
6.53613e-05,,Surface,5,Image 1,1,7112,
1.70703,,Surface,5,Image 1,1,7113,
89.8125,,Surface,5,Image 1,1,7114,
4.46094,,Surface,5,Image 1,1,7115,
2.61133,,Surface,5,Image 1,1,7117,
0.642578,,Surface,5,Image 1,1,7118,
117.125,,Surface,5,Image 1,1,7119,
0.00770569,,Surface,5,Image 1,1,7120,
14.3438,,Surface,5,Image 1,1,7121,
9.15527e-05,,Surface,5,Image 1,1,7122,
61.9375,,Surface,5,Image 1,1,7123,
20.625,,Surface,5,Image 1,1,7124,
124.812,,Surface,5,Image 1,1,7125,
0.606445,,Surface,5,Image 1,1,7126,
22,,Surface,5,Image 1,1,7127,
1.46289,,Surface,5,Image 1,1,7130,
2.03906,,Surface,5,Image 1,1,7131,
38.125,,Surface,5,Image 1,1,7132,
1.35742,,Surface,5,Image 1,1,7133,
0.0311279,,Surface,5,Image 1,1,7134,
4.89844,,Surface,5,Image 1,1,7135,
2.21875,,Surface,5,Image 1,1,7136,
2.74609,,Surface,5,Image 1,1,7137,
1.48633,,Surface,5,Image 1,1,7138,
1.92578,,Surface,5,Image 1,1,7140,
3.50977,,Surface,5,Image 1,1,7141,
22.7188,,Surface,5,Image 1,1,7143,
4.88281,,Surface,5,Image 1,1,7146,
5.57422,,Surface,5,Image 1,1,7147,
29.2188,,Surface,5,Image 1,1,7148,
40.8281,,Surface,5,Image 1,1,7149,
74.25,,Surface,5,Image 1,1,7150,
0.853027,,Surface,5,Image 1,1,7151,
1.95508,,Surface,5,Image 1,1,7152,
17.9375,,Surface,5,Image 1,1,7153,
15.1406,,Surface,5,Image 1,1,7154,
2.12891,,Surface,5,Image 1,1,7155,
6.08594,,Surface,5,Image 1,1,7158,
8.4375,,Surface,5,Image 1,1,7159,
3.50781,,Surface,5,Image 1,1,7161,
14.25,,Surface,5,Image 1,1,7162,
1.70312,,Surface,5,Image 1,1,7163,
1.18945,,Surface,5,Image 1,1,7165,
13.4375,,Surface,5,Image 1,1,7166,
1.26172,,Surface,5,Image 1,1,7167,
6.53613e-05,,Surface,5,Image 1,1,7168,
17.1875,,Surface,5,Image 1,1,7169,
3.83594,,Surface,5,Image 1,1,7170,
0.679688,,Surface,5,Image 1,1,7171,
10.1406,,Surface,5,Image 1,1,7173,
2.23633,,Surface,5,Image 1,1,7174,
3.19922,,Surface,5,Image 1,1,7175,
1.5625,,Surface,5,Image 1,1,7177,
1.28564,,Surface,5,Image 1,1,7178,
1.70703,,Surface,5,Image 1,1,7179,
0.000366211,,Surface,5,Image 1,1,7180,
137.375,,Surface,5,Image 1,1,7182,
0.00012207,,Surface,5,Image 1,1,7183,
2.81445,,Surface,5,Image 1,1,7184,
0.133789,,Surface,5,Image 1,1,7185,
49.3125,,Surface,5,Image 1,1,7186,
32.1406,,Surface,5,Image 1,1,7188,
0.0305176,,Surface,5,Image 1,1,7189,
3.04297,,Surface,5,Image 1,1,7190,
2.75781,,Surface,5,Image 1,1,7192,
2.29199,,Surface,5,Image 1,1,7194,
20.6875,,Surface,5,Image 1,1,7197,
10.8438,,Surface,5,Image 1,1,7198,
0.768555,,Surface,5,Image 1,1,7199,
2.47461,,Surface,5,Image 1,1,7200,
2.30078,,Surface,5,Image 1,1,7201,
0.66748,,Surface,5,Image 1,1,7202,
11.625,,Surface,5,Image 1,1,7203,
2.75586,,Surface,5,Image 1,1,7207,
1.22363,,Surface,5,Image 1,1,7208,
0.0135498,,Surface,5,Image 1,1,7209,
4.08203,,Surface,5,Image 1,1,7210,
91.625,,Surface,5,Image 1,1,7211,
0.397461,,Surface,5,Image 1,1,7212,
3.63281,,Surface,5,Image 1,1,7213,
0.0331421,,Surface,5,Image 1,1,7214,
0.0050354,,Surface,5,Image 1,1,7215,
0.427979,,Surface,5,Image 1,1,7216,
82.25,,Surface,5,Image 1,1,7217,
2.6582,,Surface,5,Image 1,1,7218,
0.000213623,,Surface,5,Image 1,1,7219,
0.249207,,Surface,5,Image 1,1,7220,
7.62939e-05,,Surface,5,Image 1,1,7221,
24.9062,,Surface,5,Image 1,1,7222,
6.53125,,Surface,5,Image 1,1,7223,
0.546875,,Surface,5,Image 1,1,7224,
1.86523,,Surface,5,Image 1,1,7225,
3.20117,,Surface,5,Image 1,1,7227,
9.85938,,Surface,5,Image 1,1,7228,
6.67572e-05,,Surface,5,Image 1,1,7229,
0.646484,,Surface,5,Image 1,1,7230,
10.3594,,Surface,5,Image 1,1,7234,
3.64844,,Surface,5,Image 1,1,7235,
0.0063324,,Surface,5,Image 1,1,7236,
1.03906,,Surface,5,Image 1,1,7237,
1.30469,,Surface,5,Image 1,1,7238,
9.15625,,Surface,5,Image 1,1,7239,
2.40234,,Surface,5,Image 1,1,7240,
74.5938,,Surface,5,Image 1,1,7242,
21.625,,Surface,5,Image 1,1,7243,
2.91406,,Surface,5,Image 1,1,7244,
8.40625,,Surface,5,Image 1,1,7245,
5.5625,,Surface,5,Image 1,1,7246,
1.42188,,Surface,5,Image 1,1,7247,
3.42969,,Surface,5,Image 1,1,7248,
16.5938,,Surface,5,Image 1,1,7249,
0.000183105,,Surface,5,Image 1,1,7250,
21.3438,,Surface,5,Image 1,1,7251,
162.625,,Surface,5,Image 1,1,7252,
0.106201,,Surface,5,Image 1,1,7254,
27.25,,Surface,5,Image 1,1,7255,
8.125,,Surface,5,Image 1,1,7257,
0.386719,,Surface,5,Image 1,1,7258,
2.09766,,Surface,5,Image 1,1,7259,
0.547852,,Surface,5,Image 1,1,7260,
2.31836,,Surface,5,Image 1,1,7261,
0.412842,,Surface,5,Image 1,1,7262,
0.00130463,,Surface,5,Image 1,1,7264,
100.375,,Surface,5,Image 1,1,7265,
59.375,,Surface,5,Image 1,1,7266,
9.48438,,Surface,5,Image 1,1,7267,
4.05078,,Surface,5,Image 1,1,7268,
81.6875,,Surface,5,Image 1,1,7269,
16.7344,,Surface,5,Image 1,1,7270,
12.4922,,Surface,5,Image 1,1,7271,
0.00634766,,Surface,5,Image 1,1,7272,
64.8125,,Surface,5,Image 1,1,7273,
0.00108719,,Surface,5,Image 1,1,7274,
1.03906,,Surface,5,Image 1,1,7276,
53.5625,,Surface,5,Image 1,1,7277,
0.0950928,,Surface,5,Image 1,1,7278,
7.92188,,Surface,5,Image 1,1,7279,
16.6484,,Surface,5,Image 1,1,7280,
2.48438,,Surface,5,Image 1,1,7281,
23.0625,,Surface,5,Image 1,1,7282,
1.89648,,Surface,5,Image 1,1,7283,
62.375,,Surface,5,Image 1,1,7285,
5.19531,,Surface,5,Image 1,1,7288,
4.66406,,Surface,5,Image 1,1,7289,
2.57422,,Surface,5,Image 1,1,7290,
4.07812,,Surface,5,Image 1,1,7291,
3.32422,,Surface,5,Image 1,1,7292,
78.5625,,Surface,5,Image 1,1,7293,
22.9062,,Surface,5,Image 1,1,7294,
0.358887,,Surface,5,Image 1,1,7296,
21.1875,,Surface,5,Image 1,1,7297,
17.6875,,Surface,5,Image 1,1,7298,
3.70898,,Surface,5,Image 1,1,7299,
7.73438,,Surface,5,Image 1,1,7302,
4.86719,,Surface,5,Image 1,1,7303,
0.949219,,Surface,5,Image 1,1,7304,
52.5,,Surface,5,Image 1,1,7305,
3.64258,,Surface,5,Image 1,1,7306,
0.499512,,Surface,5,Image 1,1,7307,
1.99219,,Surface,5,Image 1,1,7309,
9.25781,,Surface,5,Image 1,1,7311,
45.8125,,Surface,5,Image 1,1,7313,
19.25,,Surface,5,Image 1,1,7314,
0.000244141,,Surface,5,Image 1,1,7315,
1.99023,,Surface,5,Image 1,1,7316,
0.000305176,,Surface,5,Image 1,1,7317,
59.5,,Surface,5,Image 1,1,7318,
4.625,,Surface,5,Image 1,1,7319,
0.996582,,Surface,5,Image 1,1,7320,
3.20312,,Surface,5,Image 1,1,7322,
0.000213623,,Surface,5,Image 1,1,7323,
7.11719,,Surface,5,Image 1,1,7324,
1.17969,,Surface,5,Image 1,1,7325,
47.7188,,Surface,5,Image 1,1,7328,
0.104614,,Surface,5,Image 1,1,7329,
2.64258,,Surface,5,Image 1,1,7330,
3.23828,,Surface,5,Image 1,1,7331,
4.39062,,Surface,5,Image 1,1,7332,
12.8438,,Surface,5,Image 1,1,7334,
6.46875,,Surface,5,Image 1,1,7335,
6.09375,,Surface,5,Image 1,1,7336,
20.3438,,Surface,5,Image 1,1,7337,
6.53613e-05,,Surface,5,Image 1,1,7338,
2.51562,,Surface,5,Image 1,1,7339,
3.73828,,Surface,5,Image 1,1,7340,
42.6875,,Surface,5,Image 1,1,7341,
6.53613e-05,,Surface,5,Image 1,1,7343,
0.000244141,,Surface,5,Image 1,1,7344,
3.44141,,Surface,5,Image 1,1,7345,
35.8125,,Surface,5,Image 1,1,7346,
0.787109,,Surface,5,Image 1,1,7347,
6.53613e-05,,Surface,5,Image 1,1,7348,
5.95312,,Surface,5,Image 1,1,7349,
5.46875,,Surface,5,Image 1,1,7350,
21.4375,,Surface,5,Image 1,1,7351,
15.2188,,Surface,5,Image 1,1,7352,
0.421875,,Surface,5,Image 1,1,7353,
2.1582,,Surface,5,Image 1,1,7355,
6.53613e-05,,Surface,5,Image 1,1,7356,
14.7344,,Surface,5,Image 1,1,7357,
7.92969,,Surface,5,Image 1,1,7358,
7.6875,,Surface,5,Image 1,1,7359,
5.26562,,Surface,5,Image 1,1,7360,
0.0159912,,Surface,5,Image 1,1,7361,
10.8203,,Surface,5,Image 1,1,7362,
0.00295258,,Surface,5,Image 1,1,7363,
6.86646e-05,,Surface,5,Image 1,1,7364,
0.00854492,,Surface,5,Image 1,1,7365,
14.1875,,Surface,5,Image 1,1,7366,
0.0253906,,Surface,5,Image 1,1,7367,
4.72266,,Surface,5,Image 1,1,7368,
44.4375,,Surface,5,Image 1,1,7369,
7.0625,,Surface,5,Image 1,1,7371,
70.375,,Surface,5,Image 1,1,7372,
0.0250244,,Surface,5,Image 1,1,7373,
115.188,,Surface,5,Image 1,1,7374,
3.92969,,Surface,5,Image 1,1,7376,
3.09766,,Surface,5,Image 1,1,7377,
2.08594,,Surface,5,Image 1,1,7379,
7.62939e-05,,Surface,5,Image 1,1,7380,
9.9375,,Surface,5,Image 1,1,7381,
5.09375,,Surface,5,Image 1,1,7382,
0.564453,,Surface,5,Image 1,1,7383,
0.000183105,,Surface,5,Image 1,1,7384,
0.0682373,,Surface,5,Image 1,1,7385,
1.06641,,Surface,5,Image 1,1,7386,
3.52344,,Surface,5,Image 1,1,7387,
1.17383,,Surface,5,Image 1,1,7388,
6.53613e-05,,Surface,5,Image 1,1,7389,
0.323975,,Surface,5,Image 1,1,7390,
6.44531,,Surface,5,Image 1,1,7391,
2.61719,,Surface,5,Image 1,1,7392,
3.50391,,Surface,5,Image 1,1,7393,
0.0273438,,Surface,5,Image 1,1,7394,
27.8125,,Surface,5,Image 1,1,7395,
9.89062,,Surface,5,Image 1,1,7396,
36.625,,Surface,5,Image 1,1,7397,
50.625,,Surface,5,Image 1,1,7398,
2.38086,,Surface,5,Image 1,1,7399,
6.53863e-05,,Surface,5,Image 1,1,7401,
3.88281,,Surface,5,Image 1,1,7402,
0.0139465,,Surface,5,Image 1,1,7403,
4.15234,,Surface,5,Image 1,1,7404,
0.00105286,,Surface,5,Image 1,1,7405,
0.00650024,,Surface,5,Image 1,1,7406,
3.66406,,Surface,5,Image 1,1,7407,
0.00842285,,Surface,5,Image 1,1,7408,
1.79492,,Surface,5,Image 1,1,7409,
5.40625,,Surface,5,Image 1,1,7410,
0.0187683,,Surface,5,Image 1,1,7411,
3.30469,,Surface,5,Image 1,1,7412,
11.4375,,Surface,5,Image 1,1,7413,
0.0375977,,Surface,5,Image 1,1,7415,
3.94531,,Surface,5,Image 1,1,7416,
2.46875,,Surface,5,Image 1,1,7417,
0.285156,,Surface,5,Image 1,1,7418,
8.01086e-05,,Surface,5,Image 1,1,7419,
0.0141907,,Surface,5,Image 1,1,7420,
2.19141,,Surface,5,Image 1,1,7421,
1.15234,,Surface,5,Image 1,1,7422,
1.24316,,Surface,5,Image 1,1,7423,
4.59375,,Surface,5,Image 1,1,7424,
0.0314941,,Surface,5,Image 1,1,7425,
6.14062,,Surface,5,Image 1,1,7427,
0.000350952,,Surface,5,Image 1,1,7429,
0.0720215,,Surface,5,Image 1,1,7430,
70.25,,Surface,5,Image 1,1,7431,
0.552734,,Surface,5,Image 1,1,7432,
44.8125,,Surface,5,Image 1,1,7433,
6.32812,,Surface,5,Image 1,1,7435,
5.77344,,Surface,5,Image 1,1,7436,
0.128174,,Surface,5,Image 1,1,7438,
0.00634766,,Surface,5,Image 1,1,7439,
11.9375,,Surface,5,Image 1,1,7440,
3.44922,,Surface,5,Image 1,1,7441,
32.375,,Surface,5,Image 1,1,7442,
6.53613e-05,,Surface,5,Image 1,1,7443,
0.00457764,,Surface,5,Image 1,1,7444,
20.4375,,Surface,5,Image 1,1,7446,
2.89844,,Surface,5,Image 1,1,7447,
0.951172,,Surface,5,Image 1,1,7449,
2.70312,,Surface,5,Image 1,1,7450,
6.53863e-05,,Surface,5,Image 1,1,7451,
8.36719,,Surface,5,Image 1,1,7452,
2.79297,,Surface,5,Image 1,1,7453,
71.4219,,Surface,5,Image 1,1,7454,
40.5625,,Surface,5,Image 1,1,7455,
2.75,,Surface,5,Image 1,1,7456,
1.24023,,Surface,5,Image 1,1,7458,
0.0305176,,Surface,5,Image 1,1,7459,
7.62939e-05,,Surface,5,Image 1,1,7460,
8.375,,Surface,5,Image 1,1,7461,
37.5,,Surface,5,Image 1,1,7462,
1.1543,,Surface,5,Image 1,1,7463,
5.47266,,Surface,5,Image 1,1,7464,
19.5,,Surface,5,Image 1,1,7465,
4.64062,,Surface,5,Image 1,1,7466,
0.0001297,,Surface,5,Image 1,1,7467,
6.53613e-05,,Surface,5,Image 1,1,7469,
2.66406,,Surface,5,Image 1,1,7470,
69.75,,Surface,5,Image 1,1,7471,
1.42285,,Surface,5,Image 1,1,7473,
31.9375,,Surface,5,Image 1,1,7474,
1.23242,,Surface,5,Image 1,1,7475,
120.281,,Surface,5,Image 1,1,7476,
19.375,,Surface,5,Image 1,1,7477,
0.00915527,,Surface,5,Image 1,1,7478,
1.09766,,Surface,5,Image 1,1,7479,
6.53613e-05,,Surface,5,Image 1,1,7480,
0.122314,,Surface,5,Image 1,1,7481,
2.30664,,Surface,5,Image 1,1,7482,
0.0319824,,Surface,5,Image 1,1,7483,
7.21875,,Surface,5,Image 1,1,7484,
51.5,,Surface,5,Image 1,1,7485,
1.27734,,Surface,5,Image 1,1,7487,
1.26514,,Surface,5,Image 1,1,7488,
47.25,,Surface,5,Image 1,1,7489,
0.00952148,,Surface,5,Image 1,1,7490,
4.11328,,Surface,5,Image 1,1,7491,
5.83594,,Surface,5,Image 1,1,7492,
1.05078,,Surface,5,Image 1,1,7493,
1.8418,,Surface,5,Image 1,1,7495,
96.8125,,Surface,5,Image 1,1,7496,
6.53613e-05,,Surface,5,Image 1,1,7497,
9.35938,,Surface,5,Image 1,1,7498,
6.15625,,Surface,5,Image 1,1,7499,
51.875,,Surface,5,Image 1,1,7500,
19.875,,Surface,5,Image 1,1,7501,
6.53613e-05,,Surface,5,Image 1,1,7502,
0.000106812,,Surface,5,Image 1,1,7503,
10.6875,,Surface,5,Image 1,1,7504,
6.53613e-05,,Surface,5,Image 1,1,7505,
6.53613e-05,,Surface,5,Image 1,1,7506,
6.34375,,Surface,5,Image 1,1,7507,
7.59375,,Surface,5,Image 1,1,7508,
6.53613e-05,,Surface,5,Image 1,1,7509,
123.75,,Surface,5,Image 1,1,7510,
2.98438,,Surface,5,Image 1,1,7512,
2.58496,,Surface,5,Image 1,1,7513,
0.56543,,Surface,5,Image 1,1,7514,
47.625,,Surface,5,Image 1,1,7515,
1.38086,,Surface,5,Image 1,1,7516,
19.125,,Surface,5,Image 1,1,7517,
8.07031,,Surface,5,Image 1,1,7518,
122.25,,Surface,5,Image 1,1,7519,
11.9688,,Surface,5,Image 1,1,7520,
44.3125,,Surface,5,Image 1,1,7522,
29.8125,,Surface,5,Image 1,1,7523,
0.462402,,Surface,5,Image 1,1,7524,
55.875,,Surface,5,Image 1,1,7525,
1.33398,,Surface,5,Image 1,1,7526,
1.11816,,Surface,5,Image 1,1,7527,
0.957031,,Surface,5,Image 1,1,7528,
0.638672,,Surface,5,Image 1,1,7529,
0.0705566,,Surface,5,Image 1,1,7530,
8.13281,,Surface,5,Image 1,1,7531,
2.90234,,Surface,5,Image 1,1,7532,
29.1875,,Surface,5,Image 1,1,7533,
10.2188,,Surface,5,Image 1,1,7534,
2.00977,,Surface,5,Image 1,1,7535,
0.000109673,,Surface,5,Image 1,1,7536,
149.656,,Surface,5,Image 1,1,7537,
5.33984,,Surface,5,Image 1,1,7538,
0.00012207,,Surface,5,Image 1,1,7539,
6.53613e-05,,Surface,5,Image 1,1,7540,
0.511719,,Surface,5,Image 1,1,7541,
28.3125,,Surface,5,Image 1,1,7542,
5.45703,,Surface,5,Image 1,1,7543,
1.49609,,Surface,5,Image 1,1,7544,
1.01025,,Surface,5,Image 1,1,7545,
4.08594,,Surface,5,Image 1,1,7546,
5.17188,,Surface,5,Image 1,1,7547,
2.2793,,Surface,5,Image 1,1,7548,
5.33594,,Surface,5,Image 1,1,7549,
73.375,,Surface,5,Image 1,1,7550,
0.000366211,,Surface,5,Image 1,1,7551,
0.0163574,,Surface,5,Image 1,1,7552,
0.0981445,,Surface,5,Image 1,1,7553,
2.81836,,Surface,5,Image 1,1,7554,
0.112366,,Surface,5,Image 1,1,7555,
0.00732422,,Surface,5,Image 1,1,7556,
3.52734,,Surface,5,Image 1,1,7557,
0.0634766,,Surface,5,Image 1,1,7558,
110.5,,Surface,5,Image 1,1,7559,
0.617188,,Surface,5,Image 1,1,7560,
0.000617981,,Surface,5,Image 1,1,7561,
0.746094,,Surface,5,Image 1,1,7562,
0.000213623,,Surface,5,Image 1,1,7563,
130.125,,Surface,5,Image 1,1,7564,
0.703125,,Surface,5,Image 1,1,7565,
0.000175476,,Surface,5,Image 1,1,7566,
1.08203,,Surface,5,Image 1,1,7567,
2.10742,,Surface,5,Image 1,1,7568,
22.5625,,Surface,5,Image 1,1,7569,
22.4375,,Surface,5,Image 1,1,7570,
0.000732422,,Surface,5,Image 1,1,7571,
0.802734,,Surface,5,Image 1,1,7572,
3.19531,,Surface,5,Image 1,1,7573,
0.0110474,,Surface,5,Image 1,1,7574,
4.40625,,Surface,5,Image 1,1,7575,
2.66602,,Surface,5,Image 1,1,7576,
5.32422,,Surface,5,Image 1,1,7577,
1.48438,,Surface,5,Image 1,1,7578,
1.09766,,Surface,5,Image 1,1,7580,
2.94531,,Surface,5,Image 1,1,7581,
8.4375,,Surface,5,Image 1,1,7582,
19.1328,,Surface,5,Image 1,1,7583,
135.375,,Surface,5,Image 1,1,7585,
0.020874,,Surface,5,Image 1,1,7586,
2.8457,,Surface,5,Image 1,1,7588,
6.19531,,Surface,5,Image 1,1,7589,
30.4375,,Surface,5,Image 1,1,7590,
0.00130081,,Surface,5,Image 1,1,7591,
11.5156,,Surface,5,Image 1,1,7592,
1.4375,,Surface,5,Image 1,1,7593,
76.9375,,Surface,5,Image 1,1,7595,
0.000640869,,Surface,5,Image 1,1,7596,
2.63281,,Surface,5,Image 1,1,7597,
1.73047,,Surface,5,Image 1,1,7598,
85.5625,,Surface,5,Image 1,1,7599,
0.0759277,,Surface,5,Image 1,1,7601,
0.0578613,,Surface,5,Image 1,1,7602,
0.00762939,,Surface,5,Image 1,1,7603,
61.3125,,Surface,5,Image 1,1,7604,
0.00012207,,Surface,5,Image 1,1,7605,
0.0159607,,Surface,5,Image 1,1,7606,
55.3438,,Surface,5,Image 1,1,7607,
0.00616455,,Surface,5,Image 1,1,7608,
0.539062,,Surface,5,Image 1,1,7609,
55.1562,,Surface,5,Image 1,1,7610,
0.000110626,,Surface,5,Image 1,1,7612,
0.781982,,Surface,5,Image 1,1,7613,
0.0131836,,Surface,5,Image 1,1,7614,
83.25,,Surface,5,Image 1,1,7615,
0.0124817,,Surface,5,Image 1,1,7616,
0.00378418,,Surface,5,Image 1,1,7617,
6.6875,,Surface,5,Image 1,1,7618,
0.00738525,,Surface,5,Image 1,1,7619,
0.486328,,Surface,5,Image 1,1,7621,
7.62939e-05,,Surface,5,Image 1,1,7622,
0.62793,,Surface,5,Image 1,1,7623,
1.26562,,Surface,5,Image 1,1,7624,
0.00811768,,Surface,5,Image 1,1,7625,
0.00610352,,Surface,5,Image 1,1,7626,
0.0380859,,Surface,5,Image 1,1,7627,
6.53613e-05,,Surface,5,Image 1,1,7628,
0.0894775,,Surface,5,Image 1,1,7629,
1.79102,,Surface,5,Image 1,1,7630,
0.000305176,,Surface,5,Image 1,1,7631,
6.86646e-05,,Surface,5,Image 1,1,7632,
4.77344,,Surface,5,Image 1,1,7633,
2.17383,,Surface,5,Image 1,1,7634,
3.16797,,Surface,5,Image 1,1,7635,
1.23291,,Surface,5,Image 1,1,7636,
6.53714e-05,,Surface,5,Image 1,1,7637,
76.9688,,Surface,5,Image 1,1,7638,
0.0160522,,Surface,5,Image 1,1,7639,
0.00378418,,Surface,5,Image 1,1,7640,
0.0488281,,Surface,5,Image 1,1,7641,
0.753906,,Surface,5,Image 1,1,7642,
1.70508,,Surface,5,Image 1,1,7643,
9.15527e-05,,Surface,5,Image 1,1,7644,
1.01562,,Surface,5,Image 1,1,7645,
123.938,,Surface,5,Image 1,1,7646,
3.875,,Surface,5,Image 1,1,7647,
5.60938,,Surface,5,Image 1,1,7648,
1.32422,,Surface,5,Image 1,1,7650,
0.588867,,Surface,5,Image 1,1,7651,
0.0134277,,Surface,5,Image 1,1,7652,
6.86646e-05,,Surface,5,Image 1,1,7653,
0.00402832,,Surface,5,Image 1,1,7654,
0.0966797,,Surface,5,Image 1,1,7655,
6.53613e-05,,Surface,5,Image 1,1,7656,
0.501953,,Surface,5,Image 1,1,7657,
1.13086,,Surface,5,Image 1,1,7658,
0.100342,,Surface,5,Image 1,1,7659,
6.53613e-05,,Surface,5,Image 1,1,7660,
0.167969,,Surface,5,Image 1,1,7661,
78.25,,Surface,5,Image 1,1,7663,
0.0117035,,Surface,5,Image 1,1,7665,
6.54459e-05,,Surface,5,Image 1,1,7666,
0.278076,,Surface,5,Image 1,1,7667,
0.00062561,,Surface,5,Image 1,1,7668,
0.0819092,,Surface,5,Image 1,1,7669,
0.00402832,,Surface,5,Image 1,1,7671,
0.561035,,Surface,5,Image 1,1,7672,
0.0030899,,Surface,5,Image 1,1,7673,
0.359375,,Surface,5,Image 1,1,7674,
0.0134277,,Surface,5,Image 1,1,7675,
0.00610352,,Surface,5,Image 1,1,7676,
0.154053,,Surface,5,Image 1,1,7677,
0.0180664,,Surface,5,Image 1,1,7678,
5.52734,,Surface,5,Image 1,1,7679,
0.00561523,,Surface,5,Image 1,1,7680,
0.000732422,,Surface,5,Image 1,1,7681,
2.35938,,Surface,5,Image 1,1,7682,
2.01953,,Surface,5,Image 1,1,7683,
0.597656,,Surface,5,Image 1,1,7684,
4.08203,,Surface,5,Image 1,1,7685,
0.0698242,,Surface,5,Image 1,1,7689,
64.8594,,Surface,5,Image 1,1,7690,
1.94141,,Surface,5,Image 1,1,7691,
0.282715,,Surface,5,Image 1,1,7692,
61.4375,,Surface,5,Image 1,1,7693,
69.6875,,Surface,5,Image 1,1,7694,
6.53613e-05,,Surface,5,Image 1,1,7695,
0.280884,,Surface,5,Image 1,1,7696,
2.05859,,Surface,5,Image 1,1,7697,
0.160156,,Surface,5,Image 1,1,7700,
0.285156,,Surface,5,Image 1,1,7701,
0.939453,,Surface,5,Image 1,1,7702,
6.53613e-05,,Surface,5,Image 1,1,7703,
0.0125732,,Surface,5,Image 1,1,7704,
9.15527e-05,,Surface,5,Image 1,1,7705,
0.0261841,,Surface,5,Image 1,1,7706,
6.53613e-05,,Surface,5,Image 1,1,7707,
0.000823975,,Surface,5,Image 1,1,7708,
0.00726318,,Surface,5,Image 1,1,7709,
6.54459e-05,,Surface,5,Image 1,1,7710,
0.0129395,,Surface,5,Image 1,1,7711,
1,,Surface,5,Image 1,1,7712,
0.0126953,,Surface,5,Image 1,1,7713,
0.00473022,,Surface,5,Image 1,1,7714,
6.53613e-05,,Surface,5,Image 1,1,7715,
0.000183105,,Surface,5,Image 1,1,7716,
0.083252,,Surface,5,Image 1,1,7717,
0.00891113,,Surface,5,Image 1,1,7718,
0.000442505,,Surface,5,Image 1,1,7719,
1.31445,,Surface,5,Image 1,1,7720,
0.132324,,Surface,5,Image 1,1,7721,
6.53613e-05,,Surface,5,Image 1,1,7722,
0.0517578,,Surface,5,Image 1,1,7723,
0.0615234,,Surface,5,Image 1,1,7724,
3.03125,,Surface,5,Image 1,1,7725,
0.0017395,,Surface,5,Image 1,1,7726,
0.0012207,,Surface,5,Image 1,1,7727,
0.000331879,,Surface,5,Image 1,1,7728,
0.00366211,,Surface,5,Image 1,1,7729,
0.0439453,,Surface,5,Image 1,1,7730,
86.8125,,Surface,5,Image 1,1,7731,
0.0473633,,Surface,5,Image 1,1,7732,
0.0927734,,Surface,5,Image 1,1,7733,
6.86646e-05,,Surface,5,Image 1,1,7734,
0.00244141,,Surface,5,Image 1,1,7735,
0.000377655,,Surface,5,Image 1,1,7736,
53.9375,,Surface,5,Image 1,1,7737,
0.955078,,Surface,5,Image 1,1,7738,
0.125,,Surface,5,Image 1,1,7739,
2.02344,,Surface,5,Image 1,1,7741,
0.391113,,Surface,5,Image 1,1,7742,
6.55651e-05,,Surface,5,Image 1,1,7743,
0.00250244,,Surface,5,Image 1,1,7744,
1.22266,,Surface,5,Image 1,1,7745,
0.000244141,,Surface,5,Image 1,1,7746,
9.15527e-05,,Surface,5,Image 1,1,7747,
0.839844,,Surface,5,Image 1,1,7749,
6.54459e-05,,Surface,5,Image 1,1,7751,
9.15527e-05,,Surface,5,Image 1,1,7752,
3.42969,,Surface,5,Image 1,1,7754,
0.00610352,,Surface,5,Image 1,1,7755,
6.53613e-05,,Surface,5,Image 1,1,7756,
0.0253906,,Surface,5,Image 1,1,7757,
0.000119209,,Surface,5,Image 1,1,7758,
0.0022583,,Surface,5,Image 1,1,7759,
0.0253906,,Surface,5,Image 1,1,7761,
0.525391,,Surface,5,Image 1,1,7763,
0.0271606,,Surface,5,Image 1,1,7764,
7.62939e-05,,Surface,5,Image 1,1,7766,
0.0115967,,Surface,5,Image 1,1,7767,
0.0444336,,Surface,5,Image 1,1,7768,
0.000610352,,Surface,5,Image 1,1,7769,
6.53613e-05,,Surface,5,Image 1,1,7770,
0.200684,,Surface,5,Image 1,1,7771,
0.000747681,,Surface,5,Image 1,1,7772,
6.53613e-05,,Surface,5,Image 1,1,7773,
0.0122833,,Surface,5,Image 1,1,7776,
0.427734,,Surface,5,Image 1,1,7777,
7.62939e-05,,Surface,5,Image 1,1,7778,
0.0303955,,Surface,5,Image 1,1,7779,
0.305664,,Surface,5,Image 1,1,7780,
0.00476074,,Surface,5,Image 1,1,7781,
0.00726318,,Surface,5,Image 1,1,7782,
0.53125,,Surface,5,Image 1,1,7783,
0.000488281,,Surface,5,Image 1,1,7784,
0.000213623,,Surface,5,Image 1,1,7785,
0.104614,,Surface,5,Image 1,1,7786,
0.0377197,,Surface,5,Image 1,1,7787,
0.00132751,,Surface,5,Image 1,1,7790,
0.00219727,,Surface,5,Image 1,1,7792,
1.39648,,Surface,5,Image 1,1,7793,
6.53613e-05,,Surface,5,Image 1,1,7796,
0.0366211,,Surface,5,Image 1,1,7797,
0.000762939,,Surface,5,Image 1,1,7798,
0.114258,,Surface,5,Image 1,1,7799,
6.86646e-05,,Surface,5,Image 1,1,7801,
0.0673828,,Surface,5,Image 1,1,7803,
0.0180664,,Surface,5,Image 1,1,7804,
0.124023,,Surface,5,Image 1,1,7805,
0.000335693,,Surface,5,Image 1,1,7806,
0.00250244,,Surface,5,Image 1,1,7808,
0.0166016,,Surface,5,Image 1,1,7809,
0.0222168,,Surface,5,Image 1,1,7810,
7.62939e-05,,Surface,5,Image 1,1,7811,
0.00193787,,Surface,5,Image 1,1,7812,
0.0102539,,Surface,5,Image 1,1,7813,
0.000305176,,Surface,5,Image 1,1,7814,
0.951172,,Surface,5,Image 1,1,7815,
0.107422,,Surface,5,Image 1,1,7816,
6.67572e-05,,Surface,5,Image 1,1,7817,
0.305664,,Surface,5,Image 1,1,7818,
0.000610352,,Surface,5,Image 1,1,7819,
1.64258,,Surface,5,Image 1,1,7820,
0.00683594,,Surface,5,Image 1,1,7821,
0.00494385,,Surface,5,Image 1,1,7822,
0.020752,,Surface,5,Image 1,1,7823,
0.125977,,Surface,5,Image 1,1,7824,
6.67572e-05,,Surface,5,Image 1,1,7825,
0.195557,,Surface,5,Image 1,1,7826,
0.00158691,,Surface,5,Image 1,1,7829,
0.0419617,,Surface,5,Image 1,1,7830,
6.53613e-05,,Surface,5,Image 1,1,7831,
0.0400391,,Surface,5,Image 1,1,7832,
0.0227051,,Surface,5,Image 1,1,7833,
0.00708008,,Surface,5,Image 1,1,7838,
9.15527e-05,,Surface,5,Image 1,1,7839,
0.0830078,,Surface,5,Image 1,1,7840,
0.793945,,Surface,5,Image 1,1,7841,
0.000534058,,Surface,5,Image 1,1,7842,
0.0708008,,Surface,5,Image 1,1,7843,
0.103027,,Surface,5,Image 1,1,7846,
0.000292778,,Surface,5,Image 1,1,7847,
1.08008,,Surface,5,Image 1,1,7849,
0.160156,,Surface,5,Image 1,1,7850,
0.00115967,,Surface,5,Image 1,1,7851,
0.00830078,,Surface,5,Image 1,1,7853,
0.0090332,,Surface,5,Image 1,1,7856,
0.000549316,,Surface,5,Image 1,1,7858,
6.55651e-05,,Surface,5,Image 1,1,7859,
0.046051,,Surface,5,Image 1,1,7862,
6.53613e-05,,Surface,5,Image 1,1,7863,
6.53613e-05,,Surface,5,Image 1,1,7864,
0.220215,,Surface,5,Image 1,1,7865,
0.00415039,,Surface,5,Image 1,1,7866,
0.0576172,,Surface,5,Image 1,1,7867,
0.000610352,,Surface,5,Image 1,1,7868,
0.0151367,,Surface,5,Image 1,1,7869,
0.0178223,,Surface,5,Image 1,1,7871,
6.53613e-05,,Surface,5,Image 1,1,7872,
0.18457,,Surface,5,Image 1,1,7873,
0.010498,,Surface,5,Image 1,1,7874,
0.000701904,,Surface,5,Image 1,1,7876,
0.000488281,,Surface,5,Image 1,1,7878,
0.413086,,Surface,5,Image 1,1,7880,
9.15527e-05,,Surface,5,Image 1,1,7881,
0.0292969,,Surface,5,Image 1,1,7883,
0.00012207,,Surface,5,Image 1,1,7884,
0.000335693,,Surface,5,Image 1,1,7885,
7.62939e-05,,Surface,5,Image 1,1,7886,
0.0821533,,Surface,5,Image 1,1,7887,
0.0133667,,Surface,5,Image 1,1,7890,
0.020752,,Surface,5,Image 1,1,7892,
4.0625,,Surface,5,Image 1,1,7901,
5.57812,,Surface,5,Image 1,1,7907,
0.311035,,Surface,5,Image 1,1,7909,
0.539062,,Surface,5,Image 1,1,7911,
0.0114746,,Surface,5,Image 1,1,7913,
0.0708008,,Surface,5,Image 1,1,7915,
36.125,,Surface,5,Image 1,1,7919,
0.0118408,,Surface,5,Image 1,1,7920,
6.55651e-05,,Surface,5,Image 1,1,7921,
0.00012207,,Surface,5,Image 1,1,7922,
6.53613e-05,,Surface,5,Image 1,1,7924,
2.45898,,Surface,5,Image 1,1,7925,
9.15527e-05,,Surface,5,Image 1,1,7927,
0.000289917,,Surface,5,Image 1,1,7928,
0.0625,,Surface,5,Image 1,1,7930,
0.000366211,,Surface,5,Image 1,1,7931,
2.01953,,Surface,5,Image 1,1,7932,
0.0839844,,Surface,5,Image 1,1,7933,
0.0158691,,Surface,5,Image 1,1,7934,
0.769043,,Surface,5,Image 1,1,7936,
0.000167847,,Surface,5,Image 1,1,7937,
0.0192413,,Surface,5,Image 1,1,7939,
0.162109,,Surface,5,Image 1,1,7941,
0.00378418,,Surface,5,Image 1,1,7942,
0.342285,,Surface,5,Image 1,1,7943,
0.00177002,,Surface,5,Image 1,1,7945,
6.53613e-05,,Surface,5,Image 1,1,7951,
0.00012207,,Surface,5,Image 1,1,7953,
0.0111389,,Surface,5,Image 1,1,7954,
0.00830078,,Surface,5,Image 1,1,7963,
5.83594,,Surface,5,Image 1,1,7965,
0.0124512,,Surface,5,Image 1,1,7972,
6.53613e-05,,Surface,5,Image 1,1,7974,
66.7188,,Surface,5,Image 1,1,7975,
1.21875,,Surface,5,Image 1,1,7976,
19.7031,,Surface,5,Image 1,1,7977,
8.59375,,Surface,5,Image 1,1,7981,
0.0332031,,Surface,5,Image 1,1,7983,
6.53639e-05,,Surface,5,Image 1,1,7986,
0.00146484,,Surface,5,Image 1,1,7987,
0.0887451,,Surface,5,Image 1,1,7989,
6.53613e-05,,Surface,5,Image 1,1,7991,
0.0288086,,Surface,5,Image 1,1,8002,
6.53613e-05,,Surface,5,Image 1,1,8008,
0.0258789,,Surface,5,Image 1,1,8011,
21.3438,,Surface,5,Image 1,1,8020,
6.53613e-05,,Surface,5,Image 1,1,8023,
0.539062,,Surface,5,Image 1,1,8027,
0.959473,,Surface,5,Image 1,1,8030,
6.53613e-05,,Surface,5,Image 1,1,8031,
0.490234,,Surface,5,Image 1,1,8032,
60.0781,,Surface,5,Image 1,1,8033,
0.000228882,,Surface,5,Image 1,1,8034,
0.0703125,,Surface,5,Image 1,1,8035,
0.0142212,,Surface,5,Image 1,1,8037,
52.6719,,Surface,5,Image 1,1,8042,
0.000595093,,Surface,5,Image 1,1,8043,
49.5938,,Surface,5,Image 1,1,8046,
6.53613e-05,,Surface,5,Image 1,1,8047,
14.0938,,Surface,5,Image 1,1,8048,
6.53613e-05,,Surface,5,Image 1,1,8049,
0.0172119,,Surface,5,Image 1,1,8051,
7.96094,,Surface,5,Image 1,1,8055,
0.000152588,,Surface,5,Image 1,1,8056,
0.000106812,,Surface,5,Image 1,1,8057,
5.6582,,Surface,5,Image 1,1,8058,
7.69336,,Surface,5,Image 1,1,8059,
0.0385742,,Surface,5,Image 1,1,8060,
0.0233154,,Surface,5,Image 1,1,8061,
0.141968,,Surface,5,Image 1,1,8062,
0.00161743,,Surface,5,Image 1,1,8065,
6.53613e-05,,Surface,5,Image 1,1,8066,
6.53863e-05,,Surface,5,Image 1,1,8068,
6.53613e-05,,Surface,5,Image 1,1,8069,
0.0456543,,Surface,5,Image 1,1,8070,
6.58035e-05,,Surface,5,Image 1,1,8071,
0.0067749,,Surface,5,Image 1,1,8073,
0.00012207,,Surface,5,Image 1,1,8074,
0.00178528,,Surface,5,Image 1,1,8076,
0.0140381,,Surface,5,Image 1,1,8080,
0.0467529,,Surface,5,Image 1,1,8081,
0.000183105,,Surface,5,Image 1,1,8083,
0.0283203,,Surface,5,Image 1,1,8085,
6.53613e-05,,Surface,5,Image 1,1,8086,
0.000549316,,Surface,5,Image 1,1,8087,
0.0111084,,Surface,5,Image 1,1,8089,
6.54459e-05,,Surface,5,Image 1,1,8090,
6.53613e-05,,Surface,5,Image 1,1,8092,
6.53613e-05,,Surface,5,Image 1,1,8093,
6.53613e-05,,Surface,5,Image 1,1,8094,
6.53613e-05,,Surface,5,Image 1,1,8095,
0.00469971,,Surface,5,Image 1,1,8096,
0.0115967,,Surface,5,Image 1,1,8097,
0.0441895,,Surface,5,Image 1,1,8098,
16.5781,,Surface,5,Image 1,1,8100,
0.000196457,,Surface,5,Image 1,1,8101,
0.00494385,,Surface,5,Image 1,1,8103,
0.0361328,,Surface,5,Image 1,1,8104,
0.00126457,,Surface,5,Image 1,1,8106,
6.875,,Surface,5,Image 1,1,8107,
6.53863e-05,,Surface,5,Image 1,1,8108,
0.0165405,,Surface,5,Image 1,1,8109,
6.53613e-05,,Surface,5,Image 1,1,8110,
6.54459e-05,,Surface,5,Image 1,1,8111,
0.0280151,,Surface,5,Image 1,1,8112,
0.000112534,,Surface,5,Image 1,1,8113,
0.000244141,,Surface,5,Image 1,1,8114,
6.53613e-05,,Surface,5,Image 1,1,8115,
6.53613e-05,,Surface,5,Image 1,1,8116,
6.53613e-05,,Surface,5,Image 1,1,8117,
6.67572e-05,,Surface,5,Image 1,1,8118,
6.53714e-05,,Surface,5,Image 1,1,8119,
6.55651e-05,,Surface,5,Image 1,1,8120,
0.0012207,,Surface,5,Image 1,1,8121,
0.0020752,,Surface,5,Image 1,1,8122,
0.00234985,,Surface,5,Image 1,1,8123,
0.117157,,Surface,5,Image 1,1,8124,
6.55651e-05,,Surface,5,Image 1,1,8125,
0.0385742,,Surface,5,Image 1,1,8126,
0.0374756,,Surface,5,Image 1,1,8127,
6.53863e-05,,Surface,5,Image 1,1,8128,
6.53613e-05,,Surface,5,Image 1,1,8129,
0.00244141,,Surface,5,Image 1,1,8130,
9.15527e-05,,Surface,5,Image 1,1,8131,
0.0293121,,Surface,5,Image 1,1,8132,
6.53613e-05,,Surface,5,Image 1,1,8133,
0.000284195,,Surface,5,Image 1,1,8134,
0.0964355,,Surface,5,Image 1,1,8135,
0.0067749,,Surface,5,Image 1,1,8136,
0.00732422,,Surface,5,Image 1,1,8137,
6.53613e-05,,Surface,5,Image 1,1,8138,
6.56396e-05,,Surface,5,Image 1,1,8139,
6.55651e-05,,Surface,5,Image 1,1,8140,
6.53613e-05,,Surface,5,Image 1,1,8141,
0.00799561,,Surface,5,Image 1,1,8142,
6.53613e-05,,Surface,5,Image 1,1,8144,
