
Intensity Min Ch=3 Img=1
 ==================== 
Intensity Min,Unit,Category,Channel,Image,Time,ID,
0.297664,,Surface,3,Image 1,1,1,
0.475759,,Surface,3,Image 1,1,4,
0.514123,,Surface,3,Image 1,1,5,
0.0907735,,Surface,3,Image 1,1,6,
0.266388,,Surface,3,Image 1,1,7,
0.0484219,,Surface,3,Image 1,1,9,
0.0328073,,Surface,3,Image 1,1,16,
0.0304015,,Surface,3,Image 1,1,23,
0.221156,,Surface,3,Image 1,1,24,
0.00807935,,Surface,3,Image 1,1,26,
0.206317,,Surface,3,Image 1,1,27,
0.260151,,Surface,3,Image 1,1,29,
0.192851,,Surface,3,Image 1,1,30,
0.0490246,,Surface,3,Image 1,1,37,
0.693964,,Surface,3,Image 1,1,41,
0.276448,,Surface,3,Image 1,1,43,
0.357615,,Surface,3,Image 1,1,44,
0.27631,,Surface,3,Image 1,1,45,
0.000114541,,Surface,3,Image 1,1,46,
0.698467,,Surface,3,Image 1,1,53,
8.40781,,Surface,3,Image 1,1,74,
2.75525,,Surface,3,Image 1,1,77,
0.057142,,Surface,3,Image 1,1,80,
0.559177,,Surface,3,Image 1,1,83,
0.117378,,Surface,3,Image 1,1,85,
0.110317,,Surface,3,Image 1,1,86,
2.30145,,Surface,3,Image 1,1,87,
5.6273,,Surface,3,Image 1,1,90,
0.549489,,Surface,3,Image 1,1,92,
1.82258,,Surface,3,Image 1,1,98,
0.457213,,Surface,3,Image 1,1,99,
26.5456,,Surface,3,Image 1,1,101,
0.952533,,Surface,3,Image 1,1,103,
0.249957,,Surface,3,Image 1,1,104,
0.157664,,Surface,3,Image 1,1,106,
1.97869,,Surface,3,Image 1,1,108,
0.547859,,Surface,3,Image 1,1,110,
0.0304548,,Surface,3,Image 1,1,112,
1.58089,,Surface,3,Image 1,1,113,
0.912093,,Surface,3,Image 1,1,114,
1.40444,,Surface,3,Image 1,1,115,
0.322337,,Surface,3,Image 1,1,116,
2.19357,,Surface,3,Image 1,1,118,
11.9703,,Surface,3,Image 1,1,120,
4.63057,,Surface,3,Image 1,1,125,
0.994576,,Surface,3,Image 1,1,134,
7.07258,,Surface,3,Image 1,1,136,
1.84276,,Surface,3,Image 1,1,138,
5.34339,,Surface,3,Image 1,1,140,
1.93195,,Surface,3,Image 1,1,143,
0.124165,,Surface,3,Image 1,1,144,
5.09482,,Surface,3,Image 1,1,147,
21.9766,,Surface,3,Image 1,1,150,
6.19656,,Surface,3,Image 1,1,158,
1.09202,,Surface,3,Image 1,1,160,
5.48544,,Surface,3,Image 1,1,161,
4.88781,,Surface,3,Image 1,1,163,
2.46859,,Surface,3,Image 1,1,164,
7.51946,,Surface,3,Image 1,1,165,
0.884762,,Surface,3,Image 1,1,166,
1.6818,,Surface,3,Image 1,1,167,
0.565528,,Surface,3,Image 1,1,168,
4.37496,,Surface,3,Image 1,1,169,
4.35825,,Surface,3,Image 1,1,171,
2.87599,,Surface,3,Image 1,1,173,
0.732573,,Surface,3,Image 1,1,175,
3.05027,,Surface,3,Image 1,1,177,
5.29822,,Surface,3,Image 1,1,178,
5.21371,,Surface,3,Image 1,1,180,
0.894101,,Surface,3,Image 1,1,182,
1.85286,,Surface,3,Image 1,1,183,
0.740459,,Surface,3,Image 1,1,185,
1.92159,,Surface,3,Image 1,1,187,
0.873279,,Surface,3,Image 1,1,188,
0.183109,,Surface,3,Image 1,1,190,
0.319745,,Surface,3,Image 1,1,191,
1.17653,,Surface,3,Image 1,1,192,
4.74278,,Surface,3,Image 1,1,193,
1.8728,,Surface,3,Image 1,1,194,
0.103268,,Surface,3,Image 1,1,195,
2.6767,,Surface,3,Image 1,1,196,
0.714486,,Surface,3,Image 1,1,197,
0.392974,,Surface,3,Image 1,1,198,
35.9692,,Surface,3,Image 1,1,200,
1.92564,,Surface,3,Image 1,1,201,
0.516422,,Surface,3,Image 1,1,202,
3.39424,,Surface,3,Image 1,1,203,
17.2,,Surface,3,Image 1,1,204,
0.78783,,Surface,3,Image 1,1,206,
0.494209,,Surface,3,Image 1,1,207,
0.398498,,Surface,3,Image 1,1,210,
1.95165,,Surface,3,Image 1,1,211,
3.34455,,Surface,3,Image 1,1,212,
0.0572042,,Surface,3,Image 1,1,213,
2.73031,,Surface,3,Image 1,1,217,
2.78188,,Surface,3,Image 1,1,218,
2.4045,,Surface,3,Image 1,1,220,
4.6314,,Surface,3,Image 1,1,222,
0.341373,,Surface,3,Image 1,1,223,
0.359851,,Surface,3,Image 1,1,224,
0.855179,,Surface,3,Image 1,1,225,
2.791,,Surface,3,Image 1,1,226,
0.0800085,,Surface,3,Image 1,1,227,
11.4084,,Surface,3,Image 1,1,228,
2.65906,,Surface,3,Image 1,1,229,
1.54163,,Surface,3,Image 1,1,230,
2.59791,,Surface,3,Image 1,1,232,
4.46688,,Surface,3,Image 1,1,233,
0.796876,,Surface,3,Image 1,1,234,
11.4168,,Surface,3,Image 1,1,235,
17.6105,,Surface,3,Image 1,1,236,
5.15296,,Surface,3,Image 1,1,237,
1.40767,,Surface,3,Image 1,1,238,
1.06223,,Surface,3,Image 1,1,239,
3.93671,,Surface,3,Image 1,1,240,
0.408396,,Surface,3,Image 1,1,241,
0.0072697,,Surface,3,Image 1,1,242,
0.201373,,Surface,3,Image 1,1,243,
2.34742,,Surface,3,Image 1,1,245,
15.4438,,Surface,3,Image 1,1,246,
2.89309,,Surface,3,Image 1,1,247,
5.35431,,Surface,3,Image 1,1,248,
6.14038,,Surface,3,Image 1,1,249,
0.320403,,Surface,3,Image 1,1,250,
0.00442904,,Surface,3,Image 1,1,252,
0.952174,,Surface,3,Image 1,1,254,
8.75802,,Surface,3,Image 1,1,256,
3.35437,,Surface,3,Image 1,1,257,
11.1413,,Surface,3,Image 1,1,258,
6.9203,,Surface,3,Image 1,1,259,
2.35656,,Surface,3,Image 1,1,260,
4.56342,,Surface,3,Image 1,1,262,
0.904932,,Surface,3,Image 1,1,263,
6.0366,,Surface,3,Image 1,1,264,
10.1033,,Surface,3,Image 1,1,267,
7.03199,,Surface,3,Image 1,1,268,
4.18532,,Surface,3,Image 1,1,269,
1.75421,,Surface,3,Image 1,1,270,
19.0023,,Surface,3,Image 1,1,271,
6.11939,,Surface,3,Image 1,1,272,
7.82577,,Surface,3,Image 1,1,273,
2.31242,,Surface,3,Image 1,1,274,
2.0746,,Surface,3,Image 1,1,275,
9.92339,,Surface,3,Image 1,1,276,
13.0142,,Surface,3,Image 1,1,277,
13.5742,,Surface,3,Image 1,1,278,
9.42198,,Surface,3,Image 1,1,279,
8.12539,,Surface,3,Image 1,1,280,
8.41913,,Surface,3,Image 1,1,282,
0.553307,,Surface,3,Image 1,1,283,
6.25522,,Surface,3,Image 1,1,284,
4.96208,,Surface,3,Image 1,1,285,
9.43248,,Surface,3,Image 1,1,286,
0.948928,,Surface,3,Image 1,1,287,
3.3461,,Surface,3,Image 1,1,288,
7.4767,,Surface,3,Image 1,1,289,
3.61043,,Surface,3,Image 1,1,290,
4.44507,,Surface,3,Image 1,1,291,
3.08681,,Surface,3,Image 1,1,292,
2.92162,,Surface,3,Image 1,1,293,
14.9253,,Surface,3,Image 1,1,294,
1.02466,,Surface,3,Image 1,1,295,
0.69211,,Surface,3,Image 1,1,297,
3.41261,,Surface,3,Image 1,1,298,
3.94727,,Surface,3,Image 1,1,299,
0.36645,,Surface,3,Image 1,1,301,
6.49314,,Surface,3,Image 1,1,303,
3.88621,,Surface,3,Image 1,1,305,
2.3765,,Surface,3,Image 1,1,307,
6.70824,,Surface,3,Image 1,1,308,
6.07771,,Surface,3,Image 1,1,309,
1.63645,,Surface,3,Image 1,1,310,
4.40327,,Surface,3,Image 1,1,311,
1.28858,,Surface,3,Image 1,1,312,
14.9014,,Surface,3,Image 1,1,313,
25.1624,,Surface,3,Image 1,1,314,
5.23361,,Surface,3,Image 1,1,315,
2.19455,,Surface,3,Image 1,1,316,
4.1971,,Surface,3,Image 1,1,317,
1.9509,,Surface,3,Image 1,1,318,
2.37276,,Surface,3,Image 1,1,319,
3.18426,,Surface,3,Image 1,1,320,
13.7838,,Surface,3,Image 1,1,321,
19.5272,,Surface,3,Image 1,1,323,
47.0219,,Surface,3,Image 1,1,324,
13.7842,,Surface,3,Image 1,1,326,
0.767979,,Surface,3,Image 1,1,327,
14.8754,,Surface,3,Image 1,1,328,
5.079,,Surface,3,Image 1,1,329,
1.91262,,Surface,3,Image 1,1,330,
3.50127,,Surface,3,Image 1,1,331,
0.329182,,Surface,3,Image 1,1,332,
14.0745,,Surface,3,Image 1,1,333,
10.9274,,Surface,3,Image 1,1,335,
6.44237,,Surface,3,Image 1,1,336,
0.331142,,Surface,3,Image 1,1,337,
4.48635,,Surface,3,Image 1,1,338,
6.72886,,Surface,3,Image 1,1,339,
3.13863,,Surface,3,Image 1,1,340,
4.48277,,Surface,3,Image 1,1,341,
1.96811,,Surface,3,Image 1,1,342,
3.31024,,Surface,3,Image 1,1,343,
3.22496,,Surface,3,Image 1,1,344,
8.62475,,Surface,3,Image 1,1,345,
0.170153,,Surface,3,Image 1,1,346,
1.35154,,Surface,3,Image 1,1,348,
8.22307,,Surface,3,Image 1,1,349,
6.27117,,Surface,3,Image 1,1,350,
12.2245,,Surface,3,Image 1,1,351,
1.32031,,Surface,3,Image 1,1,352,
10.2176,,Surface,3,Image 1,1,353,
12.4958,,Surface,3,Image 1,1,354,
10.9745,,Surface,3,Image 1,1,355,
2.59591,,Surface,3,Image 1,1,356,
2.42878,,Surface,3,Image 1,1,357,
3.61331,,Surface,3,Image 1,1,358,
4.94956,,Surface,3,Image 1,1,359,
4.14151,,Surface,3,Image 1,1,360,
4.62151,,Surface,3,Image 1,1,363,
9.40417,,Surface,3,Image 1,1,364,
9.76033,,Surface,3,Image 1,1,365,
3.04072,,Surface,3,Image 1,1,366,
4.30099,,Surface,3,Image 1,1,367,
2.43722,,Surface,3,Image 1,1,368,
5.87674,,Surface,3,Image 1,1,369,
4.13615,,Surface,3,Image 1,1,371,
0.545701,,Surface,3,Image 1,1,372,
41.0916,,Surface,3,Image 1,1,373,
4.04132,,Surface,3,Image 1,1,374,
8.83366,,Surface,3,Image 1,1,375,
25.1424,,Surface,3,Image 1,1,376,
6.81204,,Surface,3,Image 1,1,377,
4.765,,Surface,3,Image 1,1,378,
6.10699,,Surface,3,Image 1,1,379,
0.297218,,Surface,3,Image 1,1,380,
9.17826,,Surface,3,Image 1,1,381,
1.1231,,Surface,3,Image 1,1,382,
0.721732,,Surface,3,Image 1,1,383,
2.78782,,Surface,3,Image 1,1,384,
0.148282,,Surface,3,Image 1,1,385,
14.9804,,Surface,3,Image 1,1,386,
21.2453,,Surface,3,Image 1,1,387,
3.01429,,Surface,3,Image 1,1,389,
11.6824,,Surface,3,Image 1,1,390,
7.78655,,Surface,3,Image 1,1,391,
12.6969,,Surface,3,Image 1,1,392,
6.71115,,Surface,3,Image 1,1,393,
8.8979,,Surface,3,Image 1,1,394,
5.94294,,Surface,3,Image 1,1,395,
1.03189,,Surface,3,Image 1,1,396,
18.6709,,Surface,3,Image 1,1,397,
19.896,,Surface,3,Image 1,1,398,
12.7985,,Surface,3,Image 1,1,399,
8.92503,,Surface,3,Image 1,1,400,
8.22587,,Surface,3,Image 1,1,401,
3.42064,,Surface,3,Image 1,1,402,
7.41783,,Surface,3,Image 1,1,403,
14.2381,,Surface,3,Image 1,1,404,
18.3136,,Surface,3,Image 1,1,406,
8.64575,,Surface,3,Image 1,1,407,
0.437371,,Surface,3,Image 1,1,408,
11.7781,,Surface,3,Image 1,1,409,
16.3824,,Surface,3,Image 1,1,410,
10.5009,,Surface,3,Image 1,1,411,
5.78624,,Surface,3,Image 1,1,412,
3.90974,,Surface,3,Image 1,1,413,
16.6847,,Surface,3,Image 1,1,414,
4.9562,,Surface,3,Image 1,1,416,
10.8872,,Surface,3,Image 1,1,417,
5.02939,,Surface,3,Image 1,1,418,
2.03582,,Surface,3,Image 1,1,419,
2.19043,,Surface,3,Image 1,1,420,
4.36518,,Surface,3,Image 1,1,421,
4.77068,,Surface,3,Image 1,1,422,
21.729,,Surface,3,Image 1,1,423,
9.86885,,Surface,3,Image 1,1,424,
0.880886,,Surface,3,Image 1,1,425,
3.44518,,Surface,3,Image 1,1,426,
6.00911,,Surface,3,Image 1,1,427,
0.996083,,Surface,3,Image 1,1,429,
14.2447,,Surface,3,Image 1,1,430,
2.41696,,Surface,3,Image 1,1,431,
2.10472,,Surface,3,Image 1,1,432,
15.4046,,Surface,3,Image 1,1,433,
2.90893,,Surface,3,Image 1,1,434,
3.68733,,Surface,3,Image 1,1,436,
24.5571,,Surface,3,Image 1,1,438,
10.7219,,Surface,3,Image 1,1,439,
14.6364,,Surface,3,Image 1,1,440,
0.205487,,Surface,3,Image 1,1,441,
2.37583,,Surface,3,Image 1,1,442,
10.5825,,Surface,3,Image 1,1,443,
2.43982,,Surface,3,Image 1,1,446,
10.5712,,Surface,3,Image 1,1,447,
5.85203,,Surface,3,Image 1,1,449,
4.34873,,Surface,3,Image 1,1,450,
13.8333,,Surface,3,Image 1,1,452,
14.4919,,Surface,3,Image 1,1,453,
4.40085,,Surface,3,Image 1,1,454,
23.7283,,Surface,3,Image 1,1,456,
4.04959,,Surface,3,Image 1,1,458,
18.4399,,Surface,3,Image 1,1,459,
10.3556,,Surface,3,Image 1,1,461,
8.09065,,Surface,3,Image 1,1,462,
4.64134,,Surface,3,Image 1,1,463,
0.954741,,Surface,3,Image 1,1,464,
16.6262,,Surface,3,Image 1,1,466,
1.35358,,Surface,3,Image 1,1,467,
4.51277,,Surface,3,Image 1,1,468,
9.04815,,Surface,3,Image 1,1,469,
3.31873,,Surface,3,Image 1,1,470,
5.0725,,Surface,3,Image 1,1,471,
5.20144,,Surface,3,Image 1,1,472,
4.73465,,Surface,3,Image 1,1,473,
6.15844,,Surface,3,Image 1,1,474,
2.59029,,Surface,3,Image 1,1,476,
7.86778,,Surface,3,Image 1,1,477,
5.12878,,Surface,3,Image 1,1,478,
8.33578,,Surface,3,Image 1,1,479,
9.00678,,Surface,3,Image 1,1,480,
2.705,,Surface,3,Image 1,1,481,
0.492717,,Surface,3,Image 1,1,482,
3.72198,,Surface,3,Image 1,1,483,
3.16037,,Surface,3,Image 1,1,484,
10.555,,Surface,3,Image 1,1,485,
2.39016,,Surface,3,Image 1,1,486,
0.249161,,Surface,3,Image 1,1,487,
28.6308,,Surface,3,Image 1,1,488,
3.46011,,Surface,3,Image 1,1,489,
3.07055,,Surface,3,Image 1,1,490,
3.2529,,Surface,3,Image 1,1,492,
4.54752,,Surface,3,Image 1,1,493,
0.627604,,Surface,3,Image 1,1,495,
4.02056,,Surface,3,Image 1,1,496,
4.14715,,Surface,3,Image 1,1,497,
2.98777,,Surface,3,Image 1,1,498,
5.58581,,Surface,3,Image 1,1,499,
0.109823,,Surface,3,Image 1,1,500,
2.6172,,Surface,3,Image 1,1,501,
3.05297,,Surface,3,Image 1,1,502,
6.96189,,Surface,3,Image 1,1,503,
14.007,,Surface,3,Image 1,1,505,
4.22998,,Surface,3,Image 1,1,506,
1.29049,,Surface,3,Image 1,1,507,
10.294,,Surface,3,Image 1,1,508,
0.65144,,Surface,3,Image 1,1,509,
4.37985,,Surface,3,Image 1,1,510,
1.19508,,Surface,3,Image 1,1,511,
32.6174,,Surface,3,Image 1,1,512,
10.4131,,Surface,3,Image 1,1,513,
0.00725118,,Surface,3,Image 1,1,514,
9.5099,,Surface,3,Image 1,1,515,
14.9927,,Surface,3,Image 1,1,519,
2.96081,,Surface,3,Image 1,1,520,
2.197,,Surface,3,Image 1,1,521,
2.83151,,Surface,3,Image 1,1,522,
4.24546,,Surface,3,Image 1,1,523,
13.3456,,Surface,3,Image 1,1,525,
1.32026,,Surface,3,Image 1,1,526,
9.86971,,Surface,3,Image 1,1,528,
5.67402,,Surface,3,Image 1,1,529,
1.56723,,Surface,3,Image 1,1,530,
10.9788,,Surface,3,Image 1,1,531,
25.8494,,Surface,3,Image 1,1,532,
14.1762,,Surface,3,Image 1,1,533,
8.43093,,Surface,3,Image 1,1,534,
5.05996,,Surface,3,Image 1,1,535,
3.73878,,Surface,3,Image 1,1,536,
3.90675,,Surface,3,Image 1,1,537,
4.57377,,Surface,3,Image 1,1,538,
13.0792,,Surface,3,Image 1,1,539,
0.0385823,,Surface,3,Image 1,1,540,
0.959731,,Surface,3,Image 1,1,541,
8.55065,,Surface,3,Image 1,1,542,
0.154962,,Surface,3,Image 1,1,543,
5.28915,,Surface,3,Image 1,1,545,
4.46243,,Surface,3,Image 1,1,546,
3.18929,,Surface,3,Image 1,1,547,
2.89222,,Surface,3,Image 1,1,548,
2.91785,,Surface,3,Image 1,1,549,
16.6402,,Surface,3,Image 1,1,550,
10.3485,,Surface,3,Image 1,1,551,
18.2673,,Surface,3,Image 1,1,552,
4.35454,,Surface,3,Image 1,1,553,
0.355651,,Surface,3,Image 1,1,554,
3.86722,,Surface,3,Image 1,1,555,
1.07917,,Surface,3,Image 1,1,556,
14.8735,,Surface,3,Image 1,1,557,
5.32681,,Surface,3,Image 1,1,558,
6.01898,,Surface,3,Image 1,1,559,
8.70562,,Surface,3,Image 1,1,560,
6.57251,,Surface,3,Image 1,1,561,
0.485361,,Surface,3,Image 1,1,562,
2.39787,,Surface,3,Image 1,1,563,
5.37836,,Surface,3,Image 1,1,564,
3.70666,,Surface,3,Image 1,1,565,
13.0731,,Surface,3,Image 1,1,566,
10.3465,,Surface,3,Image 1,1,568,
1.80225,,Surface,3,Image 1,1,569,
21.9604,,Surface,3,Image 1,1,570,
9.26087,,Surface,3,Image 1,1,571,
3.12477,,Surface,3,Image 1,1,572,
2.7806,,Surface,3,Image 1,1,573,
3.60407,,Surface,3,Image 1,1,574,
0.734155,,Surface,3,Image 1,1,575,
3.53138,,Surface,3,Image 1,1,576,
4.17217,,Surface,3,Image 1,1,577,
4.60709,,Surface,3,Image 1,1,578,
2.96545,,Surface,3,Image 1,1,579,
15.2109,,Surface,3,Image 1,1,581,
13.3965,,Surface,3,Image 1,1,582,
14.8734,,Surface,3,Image 1,1,583,
3.91165,,Surface,3,Image 1,1,584,
2.92142,,Surface,3,Image 1,1,585,
4.20486,,Surface,3,Image 1,1,586,
2.77204,,Surface,3,Image 1,1,587,
5.13124,,Surface,3,Image 1,1,588,
2.91971,,Surface,3,Image 1,1,589,
25.6285,,Surface,3,Image 1,1,590,
43.1607,,Surface,3,Image 1,1,591,
5.92113,,Surface,3,Image 1,1,592,
10.6249,,Surface,3,Image 1,1,594,
6.37837,,Surface,3,Image 1,1,595,
9.24354,,Surface,3,Image 1,1,596,
1.17998,,Surface,3,Image 1,1,597,
19.4921,,Surface,3,Image 1,1,599,
5.99887,,Surface,3,Image 1,1,600,
4.71001,,Surface,3,Image 1,1,601,
8.21389,,Surface,3,Image 1,1,602,
16.5539,,Surface,3,Image 1,1,603,
44.2131,,Surface,3,Image 1,1,604,
6.99231,,Surface,3,Image 1,1,606,
14.3971,,Surface,3,Image 1,1,609,
4.43831,,Surface,3,Image 1,1,610,
0.198173,,Surface,3,Image 1,1,611,
9.62719,,Surface,3,Image 1,1,612,
2.96918,,Surface,3,Image 1,1,613,
4.35085,,Surface,3,Image 1,1,614,
3.47882,,Surface,3,Image 1,1,616,
0.253775,,Surface,3,Image 1,1,617,
126.109,,Surface,3,Image 1,1,618,
2.32936,,Surface,3,Image 1,1,619,
4.68309,,Surface,3,Image 1,1,620,
3.48544,,Surface,3,Image 1,1,621,
8.13216,,Surface,3,Image 1,1,622,
16.7711,,Surface,3,Image 1,1,623,
5.51072,,Surface,3,Image 1,1,624,
4.74514,,Surface,3,Image 1,1,625,
3.26338,,Surface,3,Image 1,1,626,
8.56579,,Surface,3,Image 1,1,627,
6.42948,,Surface,3,Image 1,1,628,
0.0536256,,Surface,3,Image 1,1,629,
10.4103,,Surface,3,Image 1,1,630,
9.94611,,Surface,3,Image 1,1,631,
10.7128,,Surface,3,Image 1,1,632,
5.54364,,Surface,3,Image 1,1,633,
2.45046,,Surface,3,Image 1,1,634,
4.28024,,Surface,3,Image 1,1,635,
18.1271,,Surface,3,Image 1,1,636,
11.8734,,Surface,3,Image 1,1,637,
4.86669,,Surface,3,Image 1,1,638,
7.08654,,Surface,3,Image 1,1,639,
3.71155,,Surface,3,Image 1,1,640,
7.79545,,Surface,3,Image 1,1,641,
6.39163,,Surface,3,Image 1,1,642,
5.72558,,Surface,3,Image 1,1,643,
9.00928,,Surface,3,Image 1,1,645,
4.72959,,Surface,3,Image 1,1,646,
6.04393,,Surface,3,Image 1,1,647,
0.635869,,Surface,3,Image 1,1,648,
0.210419,,Surface,3,Image 1,1,649,
19.6445,,Surface,3,Image 1,1,651,
9.55921,,Surface,3,Image 1,1,653,
1.83949,,Surface,3,Image 1,1,654,
5.83823,,Surface,3,Image 1,1,656,
23.2177,,Surface,3,Image 1,1,657,
5.43855,,Surface,3,Image 1,1,658,
10.4221,,Surface,3,Image 1,1,659,
6.29582,,Surface,3,Image 1,1,660,
2.1438,,Surface,3,Image 1,1,661,
6.71708,,Surface,3,Image 1,1,662,
5.77764,,Surface,3,Image 1,1,664,
8.02805,,Surface,3,Image 1,1,665,
6.34447,,Surface,3,Image 1,1,666,
7.4583,,Surface,3,Image 1,1,667,
16.9542,,Surface,3,Image 1,1,668,
8.96209,,Surface,3,Image 1,1,669,
2.65243,,Surface,3,Image 1,1,671,
3.96207,,Surface,3,Image 1,1,672,
4.78131,,Surface,3,Image 1,1,673,
4.35403,,Surface,3,Image 1,1,674,
3.17216,,Surface,3,Image 1,1,675,
3.13373,,Surface,3,Image 1,1,676,
4.58063,,Surface,3,Image 1,1,677,
3.77988,,Surface,3,Image 1,1,678,
3.13772,,Surface,3,Image 1,1,679,
7.48406,,Surface,3,Image 1,1,680,
8.54737,,Surface,3,Image 1,1,681,
0.139674,,Surface,3,Image 1,1,682,
7.44749,,Surface,3,Image 1,1,683,
2.66709,,Surface,3,Image 1,1,684,
1.98238,,Surface,3,Image 1,1,685,
1.72272,,Surface,3,Image 1,1,686,
3.96023,,Surface,3,Image 1,1,687,
8.70702,,Surface,3,Image 1,1,690,
12.557,,Surface,3,Image 1,1,691,
4.23715,,Surface,3,Image 1,1,692,
46.311,,Surface,3,Image 1,1,694,
3.91501,,Surface,3,Image 1,1,695,
17.0401,,Surface,3,Image 1,1,696,
3.19925,,Surface,3,Image 1,1,697,
37.7189,,Surface,3,Image 1,1,698,
6.65753,,Surface,3,Image 1,1,699,
4.01983,,Surface,3,Image 1,1,700,
5.28336,,Surface,3,Image 1,1,701,
10.9649,,Surface,3,Image 1,1,702,
2.57277,,Surface,3,Image 1,1,703,
3.60445,,Surface,3,Image 1,1,704,
6.88967,,Surface,3,Image 1,1,705,
1.83476,,Surface,3,Image 1,1,706,
40.3876,,Surface,3,Image 1,1,707,
37.7774,,Surface,3,Image 1,1,708,
2.20224,,Surface,3,Image 1,1,709,
10.7515,,Surface,3,Image 1,1,710,
20.3544,,Surface,3,Image 1,1,712,
15.7985,,Surface,3,Image 1,1,713,
4.31386,,Surface,3,Image 1,1,714,
2.18299,,Surface,3,Image 1,1,715,
3.56871,,Surface,3,Image 1,1,716,
13.704,,Surface,3,Image 1,1,717,
1.50347,,Surface,3,Image 1,1,718,
5.2187,,Surface,3,Image 1,1,720,
13.8723,,Surface,3,Image 1,1,721,
8.18133,,Surface,3,Image 1,1,722,
12.0323,,Surface,3,Image 1,1,723,
9.81901,,Surface,3,Image 1,1,724,
2.81281,,Surface,3,Image 1,1,725,
7.42692,,Surface,3,Image 1,1,726,
5.65712,,Surface,3,Image 1,1,727,
8.77147,,Surface,3,Image 1,1,728,
7.82246,,Surface,3,Image 1,1,729,
8.77436,,Surface,3,Image 1,1,730,
49.2794,,Surface,3,Image 1,1,731,
1.57729,,Surface,3,Image 1,1,732,
0.996114,,Surface,3,Image 1,1,733,
24.4938,,Surface,3,Image 1,1,734,
4.96352,,Surface,3,Image 1,1,735,
2.23552,,Surface,3,Image 1,1,736,
4.92538,,Surface,3,Image 1,1,737,
12.94,,Surface,3,Image 1,1,738,
3.09396,,Surface,3,Image 1,1,739,
4.49847,,Surface,3,Image 1,1,740,
8.60941,,Surface,3,Image 1,1,741,
5.70279,,Surface,3,Image 1,1,744,
10.3523,,Surface,3,Image 1,1,745,
31.3613,,Surface,3,Image 1,1,746,
4.58864,,Surface,3,Image 1,1,747,
8.18815,,Surface,3,Image 1,1,748,
14.0865,,Surface,3,Image 1,1,751,
2.52608,,Surface,3,Image 1,1,753,
64.8295,,Surface,3,Image 1,1,754,
7.52109,,Surface,3,Image 1,1,755,
10.313,,Surface,3,Image 1,1,756,
18.4155,,Surface,3,Image 1,1,757,
3.75808,,Surface,3,Image 1,1,758,
31.2255,,Surface,3,Image 1,1,759,
10.7222,,Surface,3,Image 1,1,760,
18.202,,Surface,3,Image 1,1,764,
7.22914,,Surface,3,Image 1,1,765,
3.42076,,Surface,3,Image 1,1,766,
12.2424,,Surface,3,Image 1,1,768,
0.0688118,,Surface,3,Image 1,1,769,
1.94193,,Surface,3,Image 1,1,770,
7.36134,,Surface,3,Image 1,1,771,
11.9583,,Surface,3,Image 1,1,772,
7.97052,,Surface,3,Image 1,1,774,
14.6134,,Surface,3,Image 1,1,775,
13.9757,,Surface,3,Image 1,1,776,
9.31883,,Surface,3,Image 1,1,777,
2.74416,,Surface,3,Image 1,1,778,
5.2234,,Surface,3,Image 1,1,779,
2.63919,,Surface,3,Image 1,1,780,
3.2119,,Surface,3,Image 1,1,781,
1.27074,,Surface,3,Image 1,1,782,
5.20304,,Surface,3,Image 1,1,783,
17.2189,,Surface,3,Image 1,1,784,
7.18922,,Surface,3,Image 1,1,785,
10.732,,Surface,3,Image 1,1,786,
10.0079,,Surface,3,Image 1,1,787,
25.8704,,Surface,3,Image 1,1,788,
4.03462,,Surface,3,Image 1,1,789,
2.51013,,Surface,3,Image 1,1,790,
10.281,,Surface,3,Image 1,1,791,
4.6899,,Surface,3,Image 1,1,792,
13.6271,,Surface,3,Image 1,1,793,
9.85371,,Surface,3,Image 1,1,794,
11.586,,Surface,3,Image 1,1,795,
34.2391,,Surface,3,Image 1,1,796,
9.31221,,Surface,3,Image 1,1,797,
11.0011,,Surface,3,Image 1,1,798,
3.49482,,Surface,3,Image 1,1,799,
9.1562,,Surface,3,Image 1,1,800,
2.41812,,Surface,3,Image 1,1,801,
6.27673,,Surface,3,Image 1,1,802,
2.23062,,Surface,3,Image 1,1,803,
6.46531,,Surface,3,Image 1,1,804,
4.36996,,Surface,3,Image 1,1,805,
2.44283,,Surface,3,Image 1,1,806,
3.52438,,Surface,3,Image 1,1,807,
4.51604,,Surface,3,Image 1,1,808,
10.092,,Surface,3,Image 1,1,809,
19.3177,,Surface,3,Image 1,1,810,
0.142962,,Surface,3,Image 1,1,811,
13.9637,,Surface,3,Image 1,1,813,
12.0694,,Surface,3,Image 1,1,814,
2.2549,,Surface,3,Image 1,1,815,
4.39401,,Surface,3,Image 1,1,816,
1.67655,,Surface,3,Image 1,1,817,
2.06526,,Surface,3,Image 1,1,818,
5.74261,,Surface,3,Image 1,1,819,
2.24377,,Surface,3,Image 1,1,820,
4.45295,,Surface,3,Image 1,1,821,
31.0029,,Surface,3,Image 1,1,822,
8.68095,,Surface,3,Image 1,1,823,
3.81815,,Surface,3,Image 1,1,824,
9.33796,,Surface,3,Image 1,1,826,
13.1387,,Surface,3,Image 1,1,828,
10.089,,Surface,3,Image 1,1,829,
7.80328,,Surface,3,Image 1,1,831,
6.18404,,Surface,3,Image 1,1,833,
2.20436,,Surface,3,Image 1,1,834,
13.9091,,Surface,3,Image 1,1,835,
3.98476,,Surface,3,Image 1,1,836,
4.55122,,Surface,3,Image 1,1,837,
42.4456,,Surface,3,Image 1,1,838,
0.893987,,Surface,3,Image 1,1,840,
14.4475,,Surface,3,Image 1,1,841,
11.018,,Surface,3,Image 1,1,842,
1.71799,,Surface,3,Image 1,1,844,
3.02023,,Surface,3,Image 1,1,845,
9.78714,,Surface,3,Image 1,1,846,
5.61156,,Surface,3,Image 1,1,847,
8.24277,,Surface,3,Image 1,1,848,
22.5274,,Surface,3,Image 1,1,851,
3.95622,,Surface,3,Image 1,1,852,
6.44201,,Surface,3,Image 1,1,853,
3.62384,,Surface,3,Image 1,1,854,
5.21449,,Surface,3,Image 1,1,856,
10.7603,,Surface,3,Image 1,1,857,
27.4881,,Surface,3,Image 1,1,859,
3.18588,,Surface,3,Image 1,1,860,
6.53733,,Surface,3,Image 1,1,861,
24.8623,,Surface,3,Image 1,1,862,
5.75618,,Surface,3,Image 1,1,863,
10.5352,,Surface,3,Image 1,1,864,
2.8061,,Surface,3,Image 1,1,865,
2.03162,,Surface,3,Image 1,1,866,
3.43361,,Surface,3,Image 1,1,867,
4.44078,,Surface,3,Image 1,1,868,
16.1267,,Surface,3,Image 1,1,869,
12.3598,,Surface,3,Image 1,1,870,
5.41095,,Surface,3,Image 1,1,871,
3.67629,,Surface,3,Image 1,1,872,
4.13891,,Surface,3,Image 1,1,873,
9.7294,,Surface,3,Image 1,1,874,
1.78443,,Surface,3,Image 1,1,875,
1.60884,,Surface,3,Image 1,1,876,
6.5847,,Surface,3,Image 1,1,877,
3.53632,,Surface,3,Image 1,1,878,
3.1993,,Surface,3,Image 1,1,879,
1.0551,,Surface,3,Image 1,1,880,
8.81647,,Surface,3,Image 1,1,881,
7.93629,,Surface,3,Image 1,1,882,
11.2283,,Surface,3,Image 1,1,883,
7.91782,,Surface,3,Image 1,1,884,
13.7628,,Surface,3,Image 1,1,885,
6.38203,,Surface,3,Image 1,1,886,
5.07823,,Surface,3,Image 1,1,887,
21.8323,,Surface,3,Image 1,1,888,
3.74549,,Surface,3,Image 1,1,889,
8.3264,,Surface,3,Image 1,1,890,
13.5172,,Surface,3,Image 1,1,892,
37.7827,,Surface,3,Image 1,1,893,
5.54002,,Surface,3,Image 1,1,894,
3.1855,,Surface,3,Image 1,1,895,
3.28892,,Surface,3,Image 1,1,896,
10.4725,,Surface,3,Image 1,1,897,
2.58521,,Surface,3,Image 1,1,898,
16.5797,,Surface,3,Image 1,1,899,
23.3099,,Surface,3,Image 1,1,900,
23.0499,,Surface,3,Image 1,1,901,
2.58761,,Surface,3,Image 1,1,902,
0.829858,,Surface,3,Image 1,1,903,
7.08657,,Surface,3,Image 1,1,904,
7.39307,,Surface,3,Image 1,1,905,
1.93774,,Surface,3,Image 1,1,906,
6.89267,,Surface,3,Image 1,1,907,
18.8114,,Surface,3,Image 1,1,908,
8.65315,,Surface,3,Image 1,1,909,
8.30642,,Surface,3,Image 1,1,910,
5.55424,,Surface,3,Image 1,1,911,
9.93255,,Surface,3,Image 1,1,913,
1.01153,,Surface,3,Image 1,1,914,
37.2202,,Surface,3,Image 1,1,915,
7.49229,,Surface,3,Image 1,1,916,
17.2049,,Surface,3,Image 1,1,917,
19.3436,,Surface,3,Image 1,1,918,
2.73051,,Surface,3,Image 1,1,919,
0.297795,,Surface,3,Image 1,1,921,
5.91625,,Surface,3,Image 1,1,922,
13.9732,,Surface,3,Image 1,1,923,
4.42751,,Surface,3,Image 1,1,924,
14.1316,,Surface,3,Image 1,1,925,
3.43458,,Surface,3,Image 1,1,926,
7.36231,,Surface,3,Image 1,1,927,
11.5138,,Surface,3,Image 1,1,928,
8.11195,,Surface,3,Image 1,1,929,
5.67668,,Surface,3,Image 1,1,930,
0.285754,,Surface,3,Image 1,1,931,
6.473,,Surface,3,Image 1,1,932,
4.03907,,Surface,3,Image 1,1,933,
4.44313,,Surface,3,Image 1,1,934,
2.52612,,Surface,3,Image 1,1,935,
11.1083,,Surface,3,Image 1,1,936,
4.96066,,Surface,3,Image 1,1,937,
9.96629,,Surface,3,Image 1,1,938,
2.40206,,Surface,3,Image 1,1,939,
1.84498,,Surface,3,Image 1,1,940,
49.6483,,Surface,3,Image 1,1,941,
8.67962,,Surface,3,Image 1,1,944,
6.07442,,Surface,3,Image 1,1,945,
3.88043,,Surface,3,Image 1,1,947,
1.54651,,Surface,3,Image 1,1,948,
3.97233,,Surface,3,Image 1,1,949,
2.61255,,Surface,3,Image 1,1,951,
2.50674,,Surface,3,Image 1,1,953,
2.84398,,Surface,3,Image 1,1,954,
1.52642,,Surface,3,Image 1,1,955,
1.83409,,Surface,3,Image 1,1,956,
6.03593,,Surface,3,Image 1,1,957,
8.29932,,Surface,3,Image 1,1,958,
6.24956,,Surface,3,Image 1,1,960,
18.4157,,Surface,3,Image 1,1,961,
4.65325,,Surface,3,Image 1,1,962,
9.17602,,Surface,3,Image 1,1,963,
25.3635,,Surface,3,Image 1,1,964,
25.3884,,Surface,3,Image 1,1,965,
7.99517,,Surface,3,Image 1,1,966,
6.68718,,Surface,3,Image 1,1,967,
5.09125,,Surface,3,Image 1,1,968,
5.00148,,Surface,3,Image 1,1,969,
10.6284,,Surface,3,Image 1,1,970,
1.10438,,Surface,3,Image 1,1,971,
2.43542,,Surface,3,Image 1,1,972,
16.6651,,Surface,3,Image 1,1,973,
6.99147,,Surface,3,Image 1,1,974,
6.17011,,Surface,3,Image 1,1,975,
2.95025,,Surface,3,Image 1,1,976,
31.469,,Surface,3,Image 1,1,977,
5.07959,,Surface,3,Image 1,1,978,
23.1702,,Surface,3,Image 1,1,979,
14.3445,,Surface,3,Image 1,1,980,
5.91095,,Surface,3,Image 1,1,981,
9.99445,,Surface,3,Image 1,1,982,
14.0059,,Surface,3,Image 1,1,983,
9.69213,,Surface,3,Image 1,1,984,
3.35284,,Surface,3,Image 1,1,985,
10.2124,,Surface,3,Image 1,1,986,
12.5666,,Surface,3,Image 1,1,987,
2.11817,,Surface,3,Image 1,1,988,
6.42868,,Surface,3,Image 1,1,990,
7.61683,,Surface,3,Image 1,1,991,
0.946077,,Surface,3,Image 1,1,992,
27.1908,,Surface,3,Image 1,1,993,
5.3816,,Surface,3,Image 1,1,994,
5.10962,,Surface,3,Image 1,1,995,
4.42039,,Surface,3,Image 1,1,996,
6.19537,,Surface,3,Image 1,1,998,
5.82779,,Surface,3,Image 1,1,999,
3.52665,,Surface,3,Image 1,1,1000,
11.7998,,Surface,3,Image 1,1,1001,
7.73675,,Surface,3,Image 1,1,1002,
2.18233,,Surface,3,Image 1,1,1003,
9.15423,,Surface,3,Image 1,1,1004,
10.7709,,Surface,3,Image 1,1,1006,
8.87673,,Surface,3,Image 1,1,1007,
8.49028,,Surface,3,Image 1,1,1008,
14.0266,,Surface,3,Image 1,1,1009,
8.0356,,Surface,3,Image 1,1,1010,
34.6122,,Surface,3,Image 1,1,1011,
5.66534,,Surface,3,Image 1,1,1012,
8.97879,,Surface,3,Image 1,1,1013,
17.1954,,Surface,3,Image 1,1,1014,
4.23833,,Surface,3,Image 1,1,1015,
2.65302,,Surface,3,Image 1,1,1016,
12.2349,,Surface,3,Image 1,1,1017,
6.17216,,Surface,3,Image 1,1,1019,
11.843,,Surface,3,Image 1,1,1020,
51.3322,,Surface,3,Image 1,1,1021,
2.1659,,Surface,3,Image 1,1,1022,
5.75011,,Surface,3,Image 1,1,1023,
14.3038,,Surface,3,Image 1,1,1024,
4.59391,,Surface,3,Image 1,1,1025,
26.3252,,Surface,3,Image 1,1,1026,
9.73227,,Surface,3,Image 1,1,1029,
5.73883,,Surface,3,Image 1,1,1030,
5.70557,,Surface,3,Image 1,1,1031,
1.71831,,Surface,3,Image 1,1,1032,
8.73436,,Surface,3,Image 1,1,1033,
11.4398,,Surface,3,Image 1,1,1034,
5.13442,,Surface,3,Image 1,1,1035,
4.12775,,Surface,3,Image 1,1,1036,
4.10319,,Surface,3,Image 1,1,1037,
24.0953,,Surface,3,Image 1,1,1038,
16.9693,,Surface,3,Image 1,1,1039,
20.6568,,Surface,3,Image 1,1,1040,
8.95607,,Surface,3,Image 1,1,1041,
4.17085,,Surface,3,Image 1,1,1042,
8.721,,Surface,3,Image 1,1,1043,
5.28478,,Surface,3,Image 1,1,1044,
10.0899,,Surface,3,Image 1,1,1045,
1.58789,,Surface,3,Image 1,1,1046,
4.79336,,Surface,3,Image 1,1,1047,
16.2841,,Surface,3,Image 1,1,1048,
20.0175,,Surface,3,Image 1,1,1049,
10.1745,,Surface,3,Image 1,1,1051,
4.54139,,Surface,3,Image 1,1,1052,
2.49431,,Surface,3,Image 1,1,1054,
8.16107,,Surface,3,Image 1,1,1055,
10.8215,,Surface,3,Image 1,1,1056,
22.7452,,Surface,3,Image 1,1,1057,
4.27091,,Surface,3,Image 1,1,1058,
6.92945,,Surface,3,Image 1,1,1059,
13.6387,,Surface,3,Image 1,1,1060,
28.6638,,Surface,3,Image 1,1,1061,
5.92136,,Surface,3,Image 1,1,1062,
8.7219,,Surface,3,Image 1,1,1063,
5.49528,,Surface,3,Image 1,1,1064,
14.1601,,Surface,3,Image 1,1,1065,
2.75272,,Surface,3,Image 1,1,1066,
0.0872148,,Surface,3,Image 1,1,1067,
0.745745,,Surface,3,Image 1,1,1068,
7.99862,,Surface,3,Image 1,1,1069,
4.76697,,Surface,3,Image 1,1,1071,
11.0491,,Surface,3,Image 1,1,1072,
0.968887,,Surface,3,Image 1,1,1073,
23.2707,,Surface,3,Image 1,1,1074,
18.341,,Surface,3,Image 1,1,1076,
9.26921,,Surface,3,Image 1,1,1077,
9.96676,,Surface,3,Image 1,1,1078,
4.81214,,Surface,3,Image 1,1,1079,
8.61816,,Surface,3,Image 1,1,1080,
27.3741,,Surface,3,Image 1,1,1081,
5.3394,,Surface,3,Image 1,1,1082,
2.14465,,Surface,3,Image 1,1,1083,
5.152,,Surface,3,Image 1,1,1084,
6.69428,,Surface,3,Image 1,1,1085,
5.19876,,Surface,3,Image 1,1,1086,
12.5966,,Surface,3,Image 1,1,1087,
9.7596,,Surface,3,Image 1,1,1088,
5.43218,,Surface,3,Image 1,1,1089,
2.80533,,Surface,3,Image 1,1,1090,
13.3893,,Surface,3,Image 1,1,1091,
41.9367,,Surface,3,Image 1,1,1092,
9.45063,,Surface,3,Image 1,1,1093,
11.1321,,Surface,3,Image 1,1,1094,
38.8323,,Surface,3,Image 1,1,1095,
73.9643,,Surface,3,Image 1,1,1096,
15.3348,,Surface,3,Image 1,1,1097,
5.00834,,Surface,3,Image 1,1,1099,
5.63587,,Surface,3,Image 1,1,1100,
14.6866,,Surface,3,Image 1,1,1101,
9.63449,,Surface,3,Image 1,1,1102,
32.4988,,Surface,3,Image 1,1,1103,
3.24937,,Surface,3,Image 1,1,1104,
10.8489,,Surface,3,Image 1,1,1105,
7.35113,,Surface,3,Image 1,1,1106,
1.75581,,Surface,3,Image 1,1,1107,
54.121,,Surface,3,Image 1,1,1108,
5.12171,,Surface,3,Image 1,1,1109,
50.2834,,Surface,3,Image 1,1,1110,
10.9572,,Surface,3,Image 1,1,1111,
32.3347,,Surface,3,Image 1,1,1112,
1.74331,,Surface,3,Image 1,1,1113,
2.1354,,Surface,3,Image 1,1,1115,
0.41714,,Surface,3,Image 1,1,1116,
11.2825,,Surface,3,Image 1,1,1117,
19.0877,,Surface,3,Image 1,1,1118,
15.3615,,Surface,3,Image 1,1,1119,
14.9993,,Surface,3,Image 1,1,1120,
28.6662,,Surface,3,Image 1,1,1121,
0.255056,,Surface,3,Image 1,1,1122,
39.308,,Surface,3,Image 1,1,1123,
18.3605,,Surface,3,Image 1,1,1124,
2.8693,,Surface,3,Image 1,1,1125,
3.70074,,Surface,3,Image 1,1,1126,
7.35789,,Surface,3,Image 1,1,1127,
3.3103,,Surface,3,Image 1,1,1128,
7.49426,,Surface,3,Image 1,1,1129,
19.5788,,Surface,3,Image 1,1,1130,
1.84783,,Surface,3,Image 1,1,1131,
14.9534,,Surface,3,Image 1,1,1132,
4.27772,,Surface,3,Image 1,1,1133,
8.11612,,Surface,3,Image 1,1,1134,
14.1813,,Surface,3,Image 1,1,1135,
7.42861,,Surface,3,Image 1,1,1136,
11.1396,,Surface,3,Image 1,1,1137,
13.7884,,Surface,3,Image 1,1,1138,
22.6591,,Surface,3,Image 1,1,1139,
3.12378,,Surface,3,Image 1,1,1140,
3.87639,,Surface,3,Image 1,1,1141,
8.56734,,Surface,3,Image 1,1,1142,
12.338,,Surface,3,Image 1,1,1143,
2.85024,,Surface,3,Image 1,1,1144,
7.64386,,Surface,3,Image 1,1,1145,
9.75861,,Surface,3,Image 1,1,1146,
10.7308,,Surface,3,Image 1,1,1147,
40.0238,,Surface,3,Image 1,1,1148,
2.14984,,Surface,3,Image 1,1,1149,
6.42971,,Surface,3,Image 1,1,1150,
5.71179,,Surface,3,Image 1,1,1151,
6.94458,,Surface,3,Image 1,1,1152,
10.0765,,Surface,3,Image 1,1,1153,
6.4582,,Surface,3,Image 1,1,1154,
1.89824,,Surface,3,Image 1,1,1155,
5.19325,,Surface,3,Image 1,1,1156,
5.21858,,Surface,3,Image 1,1,1157,
1.14581,,Surface,3,Image 1,1,1158,
7.1137,,Surface,3,Image 1,1,1159,
13.5138,,Surface,3,Image 1,1,1160,
26.011,,Surface,3,Image 1,1,1162,
6.83297,,Surface,3,Image 1,1,1163,
4.38418,,Surface,3,Image 1,1,1164,
25.5335,,Surface,3,Image 1,1,1166,
1.79948,,Surface,3,Image 1,1,1167,
8.42513,,Surface,3,Image 1,1,1170,
1.3453,,Surface,3,Image 1,1,1171,
15.0896,,Surface,3,Image 1,1,1172,
15.8502,,Surface,3,Image 1,1,1173,
8.20611,,Surface,3,Image 1,1,1174,
11.375,,Surface,3,Image 1,1,1175,
17.2921,,Surface,3,Image 1,1,1176,
15.1416,,Surface,3,Image 1,1,1177,
0.850855,,Surface,3,Image 1,1,1179,
3.02405,,Surface,3,Image 1,1,1180,
4.95645,,Surface,3,Image 1,1,1181,
6.97088,,Surface,3,Image 1,1,1183,
0.136094,,Surface,3,Image 1,1,1184,
21.7222,,Surface,3,Image 1,1,1185,
13.6889,,Surface,3,Image 1,1,1186,
8.19166,,Surface,3,Image 1,1,1187,
21.8052,,Surface,3,Image 1,1,1188,
7.53686,,Surface,3,Image 1,1,1189,
17.1061,,Surface,3,Image 1,1,1190,
8.11345,,Surface,3,Image 1,1,1191,
26.8029,,Surface,3,Image 1,1,1192,
5.03088,,Surface,3,Image 1,1,1194,
9.74881,,Surface,3,Image 1,1,1195,
14.199,,Surface,3,Image 1,1,1198,
9.43617,,Surface,3,Image 1,1,1200,
23.1059,,Surface,3,Image 1,1,1201,
4.64441,,Surface,3,Image 1,1,1202,
2.66015,,Surface,3,Image 1,1,1203,
8.05627,,Surface,3,Image 1,1,1204,
16.9229,,Surface,3,Image 1,1,1205,
3.85682,,Surface,3,Image 1,1,1206,
5.14622,,Surface,3,Image 1,1,1207,
2.37178,,Surface,3,Image 1,1,1208,
3.72176,,Surface,3,Image 1,1,1209,
1.94882,,Surface,3,Image 1,1,1211,
1.10402,,Surface,3,Image 1,1,1212,
22.8541,,Surface,3,Image 1,1,1213,
18.9717,,Surface,3,Image 1,1,1214,
0.970673,,Surface,3,Image 1,1,1215,
6.21143,,Surface,3,Image 1,1,1216,
14.0235,,Surface,3,Image 1,1,1217,
3.55742,,Surface,3,Image 1,1,1218,
1.94065,,Surface,3,Image 1,1,1219,
24.4966,,Surface,3,Image 1,1,1220,
1.55754,,Surface,3,Image 1,1,1221,
6.48965,,Surface,3,Image 1,1,1222,
3.37557,,Surface,3,Image 1,1,1223,
10.5446,,Surface,3,Image 1,1,1224,
2.35046,,Surface,3,Image 1,1,1225,
10.245,,Surface,3,Image 1,1,1226,
5.21478,,Surface,3,Image 1,1,1227,
4.18337,,Surface,3,Image 1,1,1228,
11.4852,,Surface,3,Image 1,1,1229,
8.06236,,Surface,3,Image 1,1,1230,
3.94266,,Surface,3,Image 1,1,1231,
3.16063,,Surface,3,Image 1,1,1234,
8.59483,,Surface,3,Image 1,1,1236,
1.76614,,Surface,3,Image 1,1,1237,
12.4161,,Surface,3,Image 1,1,1238,
4.49907,,Surface,3,Image 1,1,1240,
6.39781,,Surface,3,Image 1,1,1242,
10.0572,,Surface,3,Image 1,1,1243,
7.57153,,Surface,3,Image 1,1,1244,
8.24519,,Surface,3,Image 1,1,1245,
23.4771,,Surface,3,Image 1,1,1246,
3.52069,,Surface,3,Image 1,1,1247,
17.2436,,Surface,3,Image 1,1,1248,
16.2511,,Surface,3,Image 1,1,1249,
14.0021,,Surface,3,Image 1,1,1250,
23.5711,,Surface,3,Image 1,1,1252,
10.5905,,Surface,3,Image 1,1,1253,
10.0348,,Surface,3,Image 1,1,1254,
6.95324,,Surface,3,Image 1,1,1255,
2.92451,,Surface,3,Image 1,1,1256,
28.6376,,Surface,3,Image 1,1,1257,
7.29016,,Surface,3,Image 1,1,1258,
1.96441,,Surface,3,Image 1,1,1259,
19.7544,,Surface,3,Image 1,1,1260,
16.1093,,Surface,3,Image 1,1,1261,
14.1697,,Surface,3,Image 1,1,1263,
8.33173,,Surface,3,Image 1,1,1264,
5.88153,,Surface,3,Image 1,1,1265,
4.70146,,Surface,3,Image 1,1,1266,
3.64955,,Surface,3,Image 1,1,1267,
5.92987,,Surface,3,Image 1,1,1268,
6.34503,,Surface,3,Image 1,1,1269,
12.572,,Surface,3,Image 1,1,1270,
9.06671,,Surface,3,Image 1,1,1271,
2.32797,,Surface,3,Image 1,1,1273,
1.65268,,Surface,3,Image 1,1,1274,
1.83619,,Surface,3,Image 1,1,1275,
36.8043,,Surface,3,Image 1,1,1276,
8.44259,,Surface,3,Image 1,1,1277,
3.14573,,Surface,3,Image 1,1,1279,
7.44148,,Surface,3,Image 1,1,1280,
12.0305,,Surface,3,Image 1,1,1281,
16.0745,,Surface,3,Image 1,1,1282,
11.2023,,Surface,3,Image 1,1,1283,
0.0469403,,Surface,3,Image 1,1,1284,
8.07269,,Surface,3,Image 1,1,1285,
15.7523,,Surface,3,Image 1,1,1287,
10.2949,,Surface,3,Image 1,1,1288,
17.2289,,Surface,3,Image 1,1,1289,
1.48109,,Surface,3,Image 1,1,1291,
4.49192,,Surface,3,Image 1,1,1293,
10.3204,,Surface,3,Image 1,1,1294,
26.9541,,Surface,3,Image 1,1,1295,
9.66795,,Surface,3,Image 1,1,1296,
12.0743,,Surface,3,Image 1,1,1297,
5.58866,,Surface,3,Image 1,1,1298,
34.7172,,Surface,3,Image 1,1,1299,
22.9457,,Surface,3,Image 1,1,1300,
7.3819,,Surface,3,Image 1,1,1301,
2.36403,,Surface,3,Image 1,1,1302,
15.956,,Surface,3,Image 1,1,1303,
3.53438,,Surface,3,Image 1,1,1304,
10.325,,Surface,3,Image 1,1,1305,
10.3416,,Surface,3,Image 1,1,1306,
48.6773,,Surface,3,Image 1,1,1307,
4.75806,,Surface,3,Image 1,1,1308,
9.56631,,Surface,3,Image 1,1,1311,
15.5212,,Surface,3,Image 1,1,1312,
5.15259,,Surface,3,Image 1,1,1313,
54.5591,,Surface,3,Image 1,1,1314,
3.15899,,Surface,3,Image 1,1,1315,
10.7669,,Surface,3,Image 1,1,1316,
5.18279,,Surface,3,Image 1,1,1317,
21.4773,,Surface,3,Image 1,1,1318,
2.51633,,Surface,3,Image 1,1,1319,
5.78779,,Surface,3,Image 1,1,1320,
0.749502,,Surface,3,Image 1,1,1322,
29.7837,,Surface,3,Image 1,1,1325,
14.1911,,Surface,3,Image 1,1,1326,
0.124783,,Surface,3,Image 1,1,1327,
8.47608,,Surface,3,Image 1,1,1328,
0.309733,,Surface,3,Image 1,1,1330,
15.833,,Surface,3,Image 1,1,1331,
3.59571,,Surface,3,Image 1,1,1332,
8.31913,,Surface,3,Image 1,1,1333,
20.6917,,Surface,3,Image 1,1,1334,
16.4912,,Surface,3,Image 1,1,1336,
7.09696,,Surface,3,Image 1,1,1337,
9.27872,,Surface,3,Image 1,1,1338,
9.40387,,Surface,3,Image 1,1,1339,
5.94524,,Surface,3,Image 1,1,1340,
7.71012,,Surface,3,Image 1,1,1341,
20.03,,Surface,3,Image 1,1,1342,
34.633,,Surface,3,Image 1,1,1344,
4.70108,,Surface,3,Image 1,1,1346,
5.57836,,Surface,3,Image 1,1,1347,
4.17043,,Surface,3,Image 1,1,1348,
7.21378,,Surface,3,Image 1,1,1349,
9.16219,,Surface,3,Image 1,1,1350,
11.3595,,Surface,3,Image 1,1,1352,
17.862,,Surface,3,Image 1,1,1353,
23.8172,,Surface,3,Image 1,1,1354,
2.29698,,Surface,3,Image 1,1,1355,
4.30516,,Surface,3,Image 1,1,1356,
2.25808,,Surface,3,Image 1,1,1357,
37.0891,,Surface,3,Image 1,1,1359,
13.0985,,Surface,3,Image 1,1,1360,
6.0859,,Surface,3,Image 1,1,1361,
26.8375,,Surface,3,Image 1,1,1362,
2.04028,,Surface,3,Image 1,1,1363,
7.73272,,Surface,3,Image 1,1,1366,
2.16958,,Surface,3,Image 1,1,1367,
23.3276,,Surface,3,Image 1,1,1368,
11.8028,,Surface,3,Image 1,1,1370,
16.0487,,Surface,3,Image 1,1,1371,
6.9028,,Surface,3,Image 1,1,1372,
4.17167,,Surface,3,Image 1,1,1373,
9.90858,,Surface,3,Image 1,1,1374,
14.1491,,Surface,3,Image 1,1,1375,
0.985438,,Surface,3,Image 1,1,1376,
3.15481,,Surface,3,Image 1,1,1377,
4.00859,,Surface,3,Image 1,1,1378,
3.4362,,Surface,3,Image 1,1,1379,
2.48453,,Surface,3,Image 1,1,1380,
4.19556,,Surface,3,Image 1,1,1381,
13.8111,,Surface,3,Image 1,1,1384,
8.2114,,Surface,3,Image 1,1,1386,
3.73715,,Surface,3,Image 1,1,1387,
0.351208,,Surface,3,Image 1,1,1388,
5.72587,,Surface,3,Image 1,1,1389,
4.03236,,Surface,3,Image 1,1,1390,
1.6531,,Surface,3,Image 1,1,1391,
1.50045,,Surface,3,Image 1,1,1393,
12.0578,,Surface,3,Image 1,1,1396,
9.01136,,Surface,3,Image 1,1,1398,
6.64262,,Surface,3,Image 1,1,1400,
5.55782,,Surface,3,Image 1,1,1402,
5.70242,,Surface,3,Image 1,1,1403,
7.60104,,Surface,3,Image 1,1,1404,
1.6665,,Surface,3,Image 1,1,1405,
15.8737,,Surface,3,Image 1,1,1406,
76.6841,,Surface,3,Image 1,1,1407,
5.03582,,Surface,3,Image 1,1,1409,
13.4006,,Surface,3,Image 1,1,1410,
2.80246,,Surface,3,Image 1,1,1411,
13.2965,,Surface,3,Image 1,1,1412,
19.2973,,Surface,3,Image 1,1,1413,
2.7368,,Surface,3,Image 1,1,1414,
7.30086,,Surface,3,Image 1,1,1415,
3.96805,,Surface,3,Image 1,1,1416,
3.22581,,Surface,3,Image 1,1,1417,
2.23575,,Surface,3,Image 1,1,1418,
19.9221,,Surface,3,Image 1,1,1419,
26.8423,,Surface,3,Image 1,1,1420,
11.0595,,Surface,3,Image 1,1,1421,
6.15009,,Surface,3,Image 1,1,1422,
9.90358,,Surface,3,Image 1,1,1423,
3.33841,,Surface,3,Image 1,1,1424,
5.35972,,Surface,3,Image 1,1,1426,
3.97642,,Surface,3,Image 1,1,1427,
8.00533,,Surface,3,Image 1,1,1428,
11.2661,,Surface,3,Image 1,1,1429,
12.5689,,Surface,3,Image 1,1,1430,
5.49778,,Surface,3,Image 1,1,1431,
2.69764,,Surface,3,Image 1,1,1432,
13.2095,,Surface,3,Image 1,1,1434,
3.74545,,Surface,3,Image 1,1,1435,
6.54185,,Surface,3,Image 1,1,1436,
2.69325,,Surface,3,Image 1,1,1437,
11.0985,,Surface,3,Image 1,1,1438,
15.9013,,Surface,3,Image 1,1,1439,
0.969214,,Surface,3,Image 1,1,1440,
10.8169,,Surface,3,Image 1,1,1441,
8.64906,,Surface,3,Image 1,1,1442,
3.75063,,Surface,3,Image 1,1,1443,
9.39261,,Surface,3,Image 1,1,1444,
7.4677,,Surface,3,Image 1,1,1445,
1.52533,,Surface,3,Image 1,1,1447,
6.86041,,Surface,3,Image 1,1,1448,
16.9737,,Surface,3,Image 1,1,1449,
4.70517,,Surface,3,Image 1,1,1450,
13.2112,,Surface,3,Image 1,1,1451,
13.5487,,Surface,3,Image 1,1,1452,
3.72798,,Surface,3,Image 1,1,1453,
5.70466,,Surface,3,Image 1,1,1454,
6.71494,,Surface,3,Image 1,1,1455,
14.367,,Surface,3,Image 1,1,1456,
15.803,,Surface,3,Image 1,1,1457,
5.99101,,Surface,3,Image 1,1,1458,
16.3437,,Surface,3,Image 1,1,1460,
3.06521,,Surface,3,Image 1,1,1462,
3.34986,,Surface,3,Image 1,1,1465,
11.7613,,Surface,3,Image 1,1,1466,
3.97306,,Surface,3,Image 1,1,1467,
2.84864,,Surface,3,Image 1,1,1468,
2.24364,,Surface,3,Image 1,1,1469,
3.70114,,Surface,3,Image 1,1,1470,
3.82598,,Surface,3,Image 1,1,1471,
27.4777,,Surface,3,Image 1,1,1472,
3.12363,,Surface,3,Image 1,1,1473,
3.58671,,Surface,3,Image 1,1,1474,
0.556544,,Surface,3,Image 1,1,1475,
10.267,,Surface,3,Image 1,1,1476,
4.03472,,Surface,3,Image 1,1,1477,
15.6664,,Surface,3,Image 1,1,1478,
18.5206,,Surface,3,Image 1,1,1479,
10.154,,Surface,3,Image 1,1,1480,
2.18948,,Surface,3,Image 1,1,1481,
11.6152,,Surface,3,Image 1,1,1482,
14.1293,,Surface,3,Image 1,1,1483,
6.01695,,Surface,3,Image 1,1,1484,
0.722701,,Surface,3,Image 1,1,1485,
5.46971,,Surface,3,Image 1,1,1486,
1.19248,,Surface,3,Image 1,1,1487,
1.23097,,Surface,3,Image 1,1,1488,
3.2874,,Surface,3,Image 1,1,1489,
2.41709,,Surface,3,Image 1,1,1490,
1.75428,,Surface,3,Image 1,1,1491,
5.00979,,Surface,3,Image 1,1,1492,
9.85989,,Surface,3,Image 1,1,1493,
9.69954,,Surface,3,Image 1,1,1494,
1.61512,,Surface,3,Image 1,1,1496,
9.91385,,Surface,3,Image 1,1,1497,
2.81082,,Surface,3,Image 1,1,1499,
5.14616,,Surface,3,Image 1,1,1500,
9.3125,,Surface,3,Image 1,1,1501,
4.22745,,Surface,3,Image 1,1,1502,
4.72291,,Surface,3,Image 1,1,1503,
4.68197,,Surface,3,Image 1,1,1504,
13.9417,,Surface,3,Image 1,1,1505,
2.50686,,Surface,3,Image 1,1,1506,
8.73563,,Surface,3,Image 1,1,1507,
3.15773,,Surface,3,Image 1,1,1508,
8.6858,,Surface,3,Image 1,1,1509,
6.85043,,Surface,3,Image 1,1,1510,
1.6576,,Surface,3,Image 1,1,1511,
3.81405,,Surface,3,Image 1,1,1512,
7.59377,,Surface,3,Image 1,1,1513,
18.8728,,Surface,3,Image 1,1,1514,
1.58392,,Surface,3,Image 1,1,1516,
4.61612,,Surface,3,Image 1,1,1517,
5.39814,,Surface,3,Image 1,1,1518,
7.22132,,Surface,3,Image 1,1,1519,
7.69125,,Surface,3,Image 1,1,1520,
7.16365,,Surface,3,Image 1,1,1521,
5.24447,,Surface,3,Image 1,1,1522,
0.624361,,Surface,3,Image 1,1,1523,
12.1525,,Surface,3,Image 1,1,1524,
0.786186,,Surface,3,Image 1,1,1525,
5.94357,,Surface,3,Image 1,1,1526,
3.3513,,Surface,3,Image 1,1,1527,
1.09846,,Surface,3,Image 1,1,1528,
17.4153,,Surface,3,Image 1,1,1529,
2.39263,,Surface,3,Image 1,1,1530,
7.5544,,Surface,3,Image 1,1,1531,
12.7965,,Surface,3,Image 1,1,1532,
1.98252,,Surface,3,Image 1,1,1533,
2.5054,,Surface,3,Image 1,1,1534,
10.5174,,Surface,3,Image 1,1,1535,
9.34791,,Surface,3,Image 1,1,1536,
6.54963,,Surface,3,Image 1,1,1537,
5.32583,,Surface,3,Image 1,1,1538,
7.34373,,Surface,3,Image 1,1,1539,
1.2604,,Surface,3,Image 1,1,1540,
5.73154,,Surface,3,Image 1,1,1541,
7.53253,,Surface,3,Image 1,1,1542,
11.225,,Surface,3,Image 1,1,1543,
0.560938,,Surface,3,Image 1,1,1544,
5.2862,,Surface,3,Image 1,1,1545,
7.23383,,Surface,3,Image 1,1,1546,
0.382596,,Surface,3,Image 1,1,1547,
5.41287,,Surface,3,Image 1,1,1548,
0.181342,,Surface,3,Image 1,1,1549,
0.799323,,Surface,3,Image 1,1,1550,
0.724681,,Surface,3,Image 1,1,1552,
2.49823,,Surface,3,Image 1,1,1553,
1.57275,,Surface,3,Image 1,1,1555,
2.19705,,Surface,3,Image 1,1,1556,
2.38555,,Surface,3,Image 1,1,1558,
0.660053,,Surface,3,Image 1,1,1559,
3.67871,,Surface,3,Image 1,1,1560,
2.99111,,Surface,3,Image 1,1,1561,
3.45926,,Surface,3,Image 1,1,1562,
2.21181,,Surface,3,Image 1,1,1564,
6.11065,,Surface,3,Image 1,1,1565,
3.34531,,Surface,3,Image 1,1,1567,
3.32269,,Surface,3,Image 1,1,1568,
2.86039,,Surface,3,Image 1,1,1569,
11.7374,,Surface,3,Image 1,1,1571,
0.956627,,Surface,3,Image 1,1,1572,
3.43503,,Surface,3,Image 1,1,1573,
0.410945,,Surface,3,Image 1,1,1574,
3.00509,,Surface,3,Image 1,1,1575,
5.55592,,Surface,3,Image 1,1,1576,
3.51217,,Surface,3,Image 1,1,1578,
9.49916,,Surface,3,Image 1,1,1579,
2.29811,,Surface,3,Image 1,1,1580,
5.56486,,Surface,3,Image 1,1,1581,
2.99956,,Surface,3,Image 1,1,1582,
3.55627,,Surface,3,Image 1,1,1583,
1.58123,,Surface,3,Image 1,1,1584,
23.1592,,Surface,3,Image 1,1,1585,
1.77369,,Surface,3,Image 1,1,1586,
0.879079,,Surface,3,Image 1,1,1587,
5.01251,,Surface,3,Image 1,1,1588,
5.03863,,Surface,3,Image 1,1,1589,
3.939,,Surface,3,Image 1,1,1590,
9.82048,,Surface,3,Image 1,1,1591,
7.85471,,Surface,3,Image 1,1,1592,
4.80477,,Surface,3,Image 1,1,1593,
2.08325,,Surface,3,Image 1,1,1594,
6.83879,,Surface,3,Image 1,1,1596,
14.8701,,Surface,3,Image 1,1,1597,
1.46428,,Surface,3,Image 1,1,1598,
2.45765,,Surface,3,Image 1,1,1600,
1.69873,,Surface,3,Image 1,1,1601,
4.95062,,Surface,3,Image 1,1,1603,
0.761125,,Surface,3,Image 1,1,1604,
5.57158,,Surface,3,Image 1,1,1605,
2.17335,,Surface,3,Image 1,1,1606,
7.24841,,Surface,3,Image 1,1,1607,
2.15873,,Surface,3,Image 1,1,1608,
12.9865,,Surface,3,Image 1,1,1609,
0.192428,,Surface,3,Image 1,1,1611,
7.43799,,Surface,3,Image 1,1,1612,
1.57874,,Surface,3,Image 1,1,1613,
3.62873,,Surface,3,Image 1,1,1614,
0.652487,,Surface,3,Image 1,1,1616,
8.6015,,Surface,3,Image 1,1,1619,
2.24587,,Surface,3,Image 1,1,1620,
11.1297,,Surface,3,Image 1,1,1621,
6.18674,,Surface,3,Image 1,1,1622,
5.9998,,Surface,3,Image 1,1,1623,
10.8524,,Surface,3,Image 1,1,1624,
21.678,,Surface,3,Image 1,1,1625,
1.74886,,Surface,3,Image 1,1,1626,
2.64429,,Surface,3,Image 1,1,1627,
1.38568,,Surface,3,Image 1,1,1628,
3.00315,,Surface,3,Image 1,1,1629,
2.83213,,Surface,3,Image 1,1,1630,
5.52285,,Surface,3,Image 1,1,1631,
2.24843,,Surface,3,Image 1,1,1632,
10.0883,,Surface,3,Image 1,1,1633,
1.19586,,Surface,3,Image 1,1,1634,
3.32896,,Surface,3,Image 1,1,1635,
3.28224,,Surface,3,Image 1,1,1637,
2.33737,,Surface,3,Image 1,1,1638,
4.63802,,Surface,3,Image 1,1,1639,
3.01322,,Surface,3,Image 1,1,1640,
0.62292,,Surface,3,Image 1,1,1641,
9.05825,,Surface,3,Image 1,1,1643,
11.9734,,Surface,3,Image 1,1,1644,
3.33229,,Surface,3,Image 1,1,1645,
0.572324,,Surface,3,Image 1,1,1647,
0.646234,,Surface,3,Image 1,1,1648,
3.32427,,Surface,3,Image 1,1,1649,
1.28929,,Surface,3,Image 1,1,1650,
1.62042,,Surface,3,Image 1,1,1651,
5.19347,,Surface,3,Image 1,1,1653,
11.9646,,Surface,3,Image 1,1,1654,
7.681,,Surface,3,Image 1,1,1655,
2.24824,,Surface,3,Image 1,1,1656,
11.9671,,Surface,3,Image 1,1,1657,
2.73127,,Surface,3,Image 1,1,1659,
0.0569395,,Surface,3,Image 1,1,1660,
7.11631,,Surface,3,Image 1,1,1662,
5.01417,,Surface,3,Image 1,1,1664,
6.18517,,Surface,3,Image 1,1,1665,
8.17767,,Surface,3,Image 1,1,1668,
9.94355,,Surface,3,Image 1,1,1669,
1.90679,,Surface,3,Image 1,1,1670,
0.559801,,Surface,3,Image 1,1,1671,
6.36133,,Surface,3,Image 1,1,1672,
0.520458,,Surface,3,Image 1,1,1673,
8.42248,,Surface,3,Image 1,1,1674,
2.7132,,Surface,3,Image 1,1,1676,
6.32331,,Surface,3,Image 1,1,1677,
4.19009,,Surface,3,Image 1,1,1678,
1.1292,,Surface,3,Image 1,1,1681,
1.91798,,Surface,3,Image 1,1,1683,
3.0438,,Surface,3,Image 1,1,1685,
4.39114,,Surface,3,Image 1,1,1686,
2.22153,,Surface,3,Image 1,1,1688,
11.8218,,Surface,3,Image 1,1,1689,
5.19732,,Surface,3,Image 1,1,1690,
2.5757,,Surface,3,Image 1,1,1691,
0.227856,,Surface,3,Image 1,1,1693,
0.855654,,Surface,3,Image 1,1,1694,
12.4747,,Surface,3,Image 1,1,1695,
0.576582,,Surface,3,Image 1,1,1697,
26.361,,Surface,3,Image 1,1,1698,
1.12119,,Surface,3,Image 1,1,1699,
3.11692,,Surface,3,Image 1,1,1700,
2.26026,,Surface,3,Image 1,1,1701,
0.787407,,Surface,3,Image 1,1,1702,
1.49656,,Surface,3,Image 1,1,1703,
0.464871,,Surface,3,Image 1,1,1704,
2.23679,,Surface,3,Image 1,1,1705,
0.14947,,Surface,3,Image 1,1,1707,
2.39786,,Surface,3,Image 1,1,1708,
16.6029,,Surface,3,Image 1,1,1709,
18.5429,,Surface,3,Image 1,1,1710,
3.00414,,Surface,3,Image 1,1,1712,
3.61839,,Surface,3,Image 1,1,1714,
25.8441,,Surface,3,Image 1,1,1715,
4.53181,,Surface,3,Image 1,1,1716,
8.35944,,Surface,3,Image 1,1,1717,
12.959,,Surface,3,Image 1,1,1719,
1.95276,,Surface,3,Image 1,1,1720,
1.28079,,Surface,3,Image 1,1,1722,
0.385313,,Surface,3,Image 1,1,1724,
2.9209,,Surface,3,Image 1,1,1725,
2.36833,,Surface,3,Image 1,1,1726,
1.02583,,Surface,3,Image 1,1,1727,
21.7412,,Surface,3,Image 1,1,1728,
5.15907,,Surface,3,Image 1,1,1729,
14.9859,,Surface,3,Image 1,1,1730,
2.30399,,Surface,3,Image 1,1,1731,
15.2078,,Surface,3,Image 1,1,1732,
6.21721,,Surface,3,Image 1,1,1733,
4.65983,,Surface,3,Image 1,1,1735,
0.914757,,Surface,3,Image 1,1,1739,
1.39095,,Surface,3,Image 1,1,1740,
9.94614,,Surface,3,Image 1,1,1741,
2.14332,,Surface,3,Image 1,1,1742,
1.45089,,Surface,3,Image 1,1,1744,
5.19976,,Surface,3,Image 1,1,1745,
11.8274,,Surface,3,Image 1,1,1746,
11.1844,,Surface,3,Image 1,1,1748,
3.44547,,Surface,3,Image 1,1,1749,
1.17694,,Surface,3,Image 1,1,1750,
5.46725,,Surface,3,Image 1,1,1751,
2.88468,,Surface,3,Image 1,1,1752,
5.91309,,Surface,3,Image 1,1,1753,
0.833927,,Surface,3,Image 1,1,1754,
0.764129,,Surface,3,Image 1,1,1755,
2.24008,,Surface,3,Image 1,1,1756,
3.9841,,Surface,3,Image 1,1,1757,
2.09456,,Surface,3,Image 1,1,1759,
5.32926,,Surface,3,Image 1,1,1761,
2.49379,,Surface,3,Image 1,1,1762,
0.179408,,Surface,3,Image 1,1,1763,
4.10167,,Surface,3,Image 1,1,1765,
4.09166,,Surface,3,Image 1,1,1766,
1.13486,,Surface,3,Image 1,1,1767,
1.37017,,Surface,3,Image 1,1,1768,
1.04895,,Surface,3,Image 1,1,1769,
5.93922,,Surface,3,Image 1,1,1770,
14.0214,,Surface,3,Image 1,1,1771,
7.11085,,Surface,3,Image 1,1,1772,
0.114376,,Surface,3,Image 1,1,1778,
4.45238,,Surface,3,Image 1,1,1779,
7.62609,,Surface,3,Image 1,1,1780,
6.45603,,Surface,3,Image 1,1,1781,
2.48281,,Surface,3,Image 1,1,1782,
3.46113,,Surface,3,Image 1,1,1783,
0.836113,,Surface,3,Image 1,1,1784,
4.66894,,Surface,3,Image 1,1,1787,
8.97813,,Surface,3,Image 1,1,1789,
8.67028,,Surface,3,Image 1,1,1790,
6.28577,,Surface,3,Image 1,1,1793,
0.0909837,,Surface,3,Image 1,1,1794,
0.301854,,Surface,3,Image 1,1,1796,
15.1351,,Surface,3,Image 1,1,1797,
7.58457,,Surface,3,Image 1,1,1798,
7.1246,,Surface,3,Image 1,1,1799,
2.31178,,Surface,3,Image 1,1,1801,
1.43011,,Surface,3,Image 1,1,1802,
0.320246,,Surface,3,Image 1,1,1808,
5.23218,,Surface,3,Image 1,1,1810,
12.7326,,Surface,3,Image 1,1,1811,
1.45846,,Surface,3,Image 1,1,1812,
2.67551,,Surface,3,Image 1,1,1813,
0.246011,,Surface,3,Image 1,1,1814,
0.241818,,Surface,3,Image 1,1,1816,
4.84349,,Surface,3,Image 1,1,1818,
0.899643,,Surface,3,Image 1,1,1819,
4.47899,,Surface,3,Image 1,1,1820,
2.06512,,Surface,3,Image 1,1,1821,
6.27953,,Surface,3,Image 1,1,1822,
2.14121,,Surface,3,Image 1,1,1823,
4.53828,,Surface,3,Image 1,1,1826,
25.0035,,Surface,3,Image 1,1,1828,
3.97011,,Surface,3,Image 1,1,1829,
1.71997,,Surface,3,Image 1,1,1831,
10.025,,Surface,3,Image 1,1,1832,
0.198628,,Surface,3,Image 1,1,1833,
0.523921,,Surface,3,Image 1,1,1834,
5.78106,,Surface,3,Image 1,1,1835,
7.69151,,Surface,3,Image 1,1,1837,
0.60337,,Surface,3,Image 1,1,1838,
0.878303,,Surface,3,Image 1,1,1839,
9.48565,,Surface,3,Image 1,1,1840,
0.885386,,Surface,3,Image 1,1,1841,
0.869776,,Surface,3,Image 1,1,1843,
0.171668,,Surface,3,Image 1,1,1845,
0.808102,,Surface,3,Image 1,1,1846,
3.31827,,Surface,3,Image 1,1,1847,
1.83286,,Surface,3,Image 1,1,1849,
1.52989,,Surface,3,Image 1,1,1851,
3.60757,,Surface,3,Image 1,1,1852,
2.47599,,Surface,3,Image 1,1,1853,
3.28721,,Surface,3,Image 1,1,1855,
5.58386,,Surface,3,Image 1,1,1856,
3.28796,,Surface,3,Image 1,1,1858,
2.16313,,Surface,3,Image 1,1,1860,
0.0523326,,Surface,3,Image 1,1,1861,
3.89641,,Surface,3,Image 1,1,1862,
0.464677,,Surface,3,Image 1,1,1863,
3.94548,,Surface,3,Image 1,1,1865,
5.77012,,Surface,3,Image 1,1,1866,
0.0588935,,Surface,3,Image 1,1,1869,
2.79455,,Surface,3,Image 1,1,1870,
1.5009,,Surface,3,Image 1,1,1872,
1.31319,,Surface,3,Image 1,1,1874,
9.29168,,Surface,3,Image 1,1,1875,
0.258235,,Surface,3,Image 1,1,1876,
3.9374,,Surface,3,Image 1,1,1878,
0.844534,,Surface,3,Image 1,1,1879,
2.54858,,Surface,3,Image 1,1,1880,
3.14985,,Surface,3,Image 1,1,1881,
0.74075,,Surface,3,Image 1,1,1882,
0.6872,,Surface,3,Image 1,1,1883,
0.388197,,Surface,3,Image 1,1,1884,
3.73775,,Surface,3,Image 1,1,1885,
14.7487,,Surface,3,Image 1,1,1886,
3.20205,,Surface,3,Image 1,1,1888,
11.6819,,Surface,3,Image 1,1,1889,
2.37835,,Surface,3,Image 1,1,1890,
0.72439,,Surface,3,Image 1,1,1891,
0.779531,,Surface,3,Image 1,1,1892,
0.41735,,Surface,3,Image 1,1,1894,
1.79807,,Surface,3,Image 1,1,1895,
2.7203,,Surface,3,Image 1,1,1896,
3.44071,,Surface,3,Image 1,1,1897,
13.8682,,Surface,3,Image 1,1,1898,
0.315897,,Surface,3,Image 1,1,1899,
1.70926,,Surface,3,Image 1,1,1901,
0.0602037,,Surface,3,Image 1,1,1902,
5.57827,,Surface,3,Image 1,1,1903,
4.88051,,Surface,3,Image 1,1,1904,
4.13991,,Surface,3,Image 1,1,1906,
2.88524,,Surface,3,Image 1,1,1907,
8.20808,,Surface,3,Image 1,1,1909,
0.147337,,Surface,3,Image 1,1,1911,
18.4276,,Surface,3,Image 1,1,1912,
0.289791,,Surface,3,Image 1,1,1913,
3.203,,Surface,3,Image 1,1,1914,
4.6105,,Surface,3,Image 1,1,1916,
5.4323,,Surface,3,Image 1,1,1919,
4.48332,,Surface,3,Image 1,1,1920,
2.68387,,Surface,3,Image 1,1,1921,
0.0697945,,Surface,3,Image 1,1,1923,
1.35236,,Surface,3,Image 1,1,1925,
2.55542,,Surface,3,Image 1,1,1926,
0.113871,,Surface,3,Image 1,1,1927,
7.93654,,Surface,3,Image 1,1,1928,
8.47143,,Surface,3,Image 1,1,1929,
4.367,,Surface,3,Image 1,1,1931,
1.20663,,Surface,3,Image 1,1,1932,
3.09257,,Surface,3,Image 1,1,1933,
1.44676,,Surface,3,Image 1,1,1934,
1.69396,,Surface,3,Image 1,1,1935,
8.00008,,Surface,3,Image 1,1,1936,
0.553859,,Surface,3,Image 1,1,1939,
7.6565,,Surface,3,Image 1,1,1941,
0.183366,,Surface,3,Image 1,1,1942,
6.49229,,Surface,3,Image 1,1,1944,
3.32547,,Surface,3,Image 1,1,1945,
1.92977,,Surface,3,Image 1,1,1946,
0.0338346,,Surface,3,Image 1,1,1947,
6.78003,,Surface,3,Image 1,1,1948,
0.601646,,Surface,3,Image 1,1,1949,
0.368149,,Surface,3,Image 1,1,1951,
1.14543,,Surface,3,Image 1,1,1952,
1.64675,,Surface,3,Image 1,1,1953,
0.267049,,Surface,3,Image 1,1,1954,
9.2223,,Surface,3,Image 1,1,1955,
5.63858,,Surface,3,Image 1,1,1957,
7.71982,,Surface,3,Image 1,1,1958,
6.89433,,Surface,3,Image 1,1,1959,
1.7497,,Surface,3,Image 1,1,1961,
0.204117,,Surface,3,Image 1,1,1962,
4.75192,,Surface,3,Image 1,1,1966,
0.0604852,,Surface,3,Image 1,1,1967,
2.1008,,Surface,3,Image 1,1,1969,
10.0306,,Surface,3,Image 1,1,1970,
1.77645,,Surface,3,Image 1,1,1971,
2.59117,,Surface,3,Image 1,1,1974,
0.530199,,Surface,3,Image 1,1,1975,
1.84214,,Surface,3,Image 1,1,1976,
3.63899,,Surface,3,Image 1,1,1977,
0.532274,,Surface,3,Image 1,1,1978,
1.18548,,Surface,3,Image 1,1,1979,
0.867991,,Surface,3,Image 1,1,1980,
1.21923,,Surface,3,Image 1,1,1981,
0.280614,,Surface,3,Image 1,1,1982,
0.00864479,,Surface,3,Image 1,1,1983,
9.37322,,Surface,3,Image 1,1,1986,
7.06711,,Surface,3,Image 1,1,1989,
7.94022,,Surface,3,Image 1,1,1990,
0.387947,,Surface,3,Image 1,1,1991,
0.57538,,Surface,3,Image 1,1,1992,
1.76865,,Surface,3,Image 1,1,1994,
2.00825,,Surface,3,Image 1,1,1995,
0.328077,,Surface,3,Image 1,1,1996,
6.72789,,Surface,3,Image 1,1,1997,
0.463122,,Surface,3,Image 1,1,1998,
1.06795,,Surface,3,Image 1,1,1999,
2.15675,,Surface,3,Image 1,1,2000,
2.19222,,Surface,3,Image 1,1,2001,
0.737091,,Surface,3,Image 1,1,2004,
0.171799,,Surface,3,Image 1,1,2005,
3.28364,,Surface,3,Image 1,1,2006,
1.18198,,Surface,3,Image 1,1,2007,
3.021,,Surface,3,Image 1,1,2009,
1.68649,,Surface,3,Image 1,1,2010,
2.63595,,Surface,3,Image 1,1,2011,
0.266195,,Surface,3,Image 1,1,2012,
6.61884,,Surface,3,Image 1,1,2013,
1.65488,,Surface,3,Image 1,1,2015,
8.02924,,Surface,3,Image 1,1,2016,
2.17489,,Surface,3,Image 1,1,2017,
0.891602,,Surface,3,Image 1,1,2018,
0.0294806,,Surface,3,Image 1,1,2019,
4.19278,,Surface,3,Image 1,1,2020,
0.382086,,Surface,3,Image 1,1,2021,
1.51928,,Surface,3,Image 1,1,2022,
0.308269,,Surface,3,Image 1,1,2023,
8.41026,,Surface,3,Image 1,1,2025,
2.25358,,Surface,3,Image 1,1,2026,
12.9504,,Surface,3,Image 1,1,2027,
0.604965,,Surface,3,Image 1,1,2028,
0.0676687,,Surface,3,Image 1,1,2029,
2.21211,,Surface,3,Image 1,1,2030,
0.825658,,Surface,3,Image 1,1,2032,
2.55257,,Surface,3,Image 1,1,2036,
16.3957,,Surface,3,Image 1,1,2037,
1.43473,,Surface,3,Image 1,1,2038,
0.150495,,Surface,3,Image 1,1,2039,
17.3597,,Surface,3,Image 1,1,2040,
1.98218,,Surface,3,Image 1,1,2041,
4.58913,,Surface,3,Image 1,1,2045,
0.28462,,Surface,3,Image 1,1,2046,
1.64652,,Surface,3,Image 1,1,2047,
0.493735,,Surface,3,Image 1,1,2048,
0.367735,,Surface,3,Image 1,1,2049,
0.635455,,Surface,3,Image 1,1,2051,
4.0553,,Surface,3,Image 1,1,2052,
1.12502,,Surface,3,Image 1,1,2054,
0.23603,,Surface,3,Image 1,1,2055,
2.04468,,Surface,3,Image 1,1,2056,
0.33846,,Surface,3,Image 1,1,2057,
1.60398,,Surface,3,Image 1,1,2059,
1.88449,,Surface,3,Image 1,1,2060,
4.15176,,Surface,3,Image 1,1,2061,
0.976014,,Surface,3,Image 1,1,2062,
0.191044,,Surface,3,Image 1,1,2063,
0.457286,,Surface,3,Image 1,1,2066,
0.211503,,Surface,3,Image 1,1,2067,
5.98248,,Surface,3,Image 1,1,2068,
2.20975,,Surface,3,Image 1,1,2069,
1.59921,,Surface,3,Image 1,1,2070,
0.0562401,,Surface,3,Image 1,1,2072,
0.394931,,Surface,3,Image 1,1,2073,
3.68319,,Surface,3,Image 1,1,2074,
1.13461,,Surface,3,Image 1,1,2075,
0.672275,,Surface,3,Image 1,1,2076,
0.479536,,Surface,3,Image 1,1,2077,
1.82308,,Surface,3,Image 1,1,2078,
2.16165,,Surface,3,Image 1,1,2079,
0.273995,,Surface,3,Image 1,1,2080,
2.81753,,Surface,3,Image 1,1,2081,
0.185882,,Surface,3,Image 1,1,2083,
5.60485,,Surface,3,Image 1,1,2084,
9.16626,,Surface,3,Image 1,1,2085,
0.391921,,Surface,3,Image 1,1,2086,
1.06191,,Surface,3,Image 1,1,2087,
4.54754,,Surface,3,Image 1,1,2088,
10.3482,,Surface,3,Image 1,1,2089,
0.259835,,Surface,3,Image 1,1,2090,
0.438649,,Surface,3,Image 1,1,2091,
5.01217,,Surface,3,Image 1,1,2092,
0.367686,,Surface,3,Image 1,1,2093,
9.75807,,Surface,3,Image 1,1,2094,
0.379773,,Surface,3,Image 1,1,2095,
1.61079,,Surface,3,Image 1,1,2096,
7.98235,,Surface,3,Image 1,1,2097,
0.892297,,Surface,3,Image 1,1,2098,
13.7232,,Surface,3,Image 1,1,2099,
0.505014,,Surface,3,Image 1,1,2100,
9.30778,,Surface,3,Image 1,1,2101,
0.447163,,Surface,3,Image 1,1,2102,
1.22636,,Surface,3,Image 1,1,2103,
3.36347,,Surface,3,Image 1,1,2105,
0.232416,,Surface,3,Image 1,1,2107,
0.810114,,Surface,3,Image 1,1,2108,
0.250116,,Surface,3,Image 1,1,2109,
3.41453,,Surface,3,Image 1,1,2110,
4.695,,Surface,3,Image 1,1,2111,
5.81794,,Surface,3,Image 1,1,2112,
0.686862,,Surface,3,Image 1,1,2116,
0.113871,,Surface,3,Image 1,1,2117,
3.65714,,Surface,3,Image 1,1,2118,
1.15927,,Surface,3,Image 1,1,2119,
2.89543,,Surface,3,Image 1,1,2120,
0.121985,,Surface,3,Image 1,1,2121,
2.51963,,Surface,3,Image 1,1,2123,
4.21138,,Surface,3,Image 1,1,2125,
1.14914,,Surface,3,Image 1,1,2126,
1.77643,,Surface,3,Image 1,1,2128,
1.10846,,Surface,3,Image 1,1,2129,
0.0452521,,Surface,3,Image 1,1,2130,
1.23764,,Surface,3,Image 1,1,2131,
1.40084,,Surface,3,Image 1,1,2132,
1.80321,,Surface,3,Image 1,1,2134,
1.46065,,Surface,3,Image 1,1,2135,
0.869345,,Surface,3,Image 1,1,2136,
3.11156,,Surface,3,Image 1,1,2137,
4.87626,,Surface,3,Image 1,1,2138,
0.185278,,Surface,3,Image 1,1,2140,
3.76251,,Surface,3,Image 1,1,2141,
0.572825,,Surface,3,Image 1,1,2142,
7.13768,,Surface,3,Image 1,1,2143,
0.895674,,Surface,3,Image 1,1,2144,
0.818219,,Surface,3,Image 1,1,2145,
0.776324,,Surface,3,Image 1,1,2146,
0.430656,,Surface,3,Image 1,1,2148,
5.87513,,Surface,3,Image 1,1,2150,
0.900263,,Surface,3,Image 1,1,2152,
0.021402,,Surface,3,Image 1,1,2153,
10.0394,,Surface,3,Image 1,1,2155,
4.53266,,Surface,3,Image 1,1,2156,
4.2631,,Surface,3,Image 1,1,2157,
5.43376,,Surface,3,Image 1,1,2159,
2.56638,,Surface,3,Image 1,1,2162,
2.31942,,Surface,3,Image 1,1,2163,
0.18025,,Surface,3,Image 1,1,2165,
5.6233,,Surface,3,Image 1,1,2168,
2.34431,,Surface,3,Image 1,1,2169,
7.25429,,Surface,3,Image 1,1,2170,
0.500411,,Surface,3,Image 1,1,2171,
0.0188118,,Surface,3,Image 1,1,2172,
0.123827,,Surface,3,Image 1,1,2174,
1.87833,,Surface,3,Image 1,1,2175,
2.52834,,Surface,3,Image 1,1,2176,
11.6312,,Surface,3,Image 1,1,2177,
8.26415,,Surface,3,Image 1,1,2180,
1.02534,,Surface,3,Image 1,1,2182,
2.21152,,Surface,3,Image 1,1,2184,
0.843038,,Surface,3,Image 1,1,2185,
3.71718,,Surface,3,Image 1,1,2188,
0.721513,,Surface,3,Image 1,1,2190,
0.144027,,Surface,3,Image 1,1,2191,
0.989095,,Surface,3,Image 1,1,2192,
0.929481,,Surface,3,Image 1,1,2194,
2.69381,,Surface,3,Image 1,1,2196,
3.33217,,Surface,3,Image 1,1,2197,
2.81308,,Surface,3,Image 1,1,2198,
2.83856,,Surface,3,Image 1,1,2199,
1.42182,,Surface,3,Image 1,1,2200,
1.89075,,Surface,3,Image 1,1,2201,
4.04238,,Surface,3,Image 1,1,2204,
2.15014,,Surface,3,Image 1,1,2205,
0.837027,,Surface,3,Image 1,1,2206,
0.386606,,Surface,3,Image 1,1,2207,
4.96441,,Surface,3,Image 1,1,2208,
0.0802827,,Surface,3,Image 1,1,2209,
0.930666,,Surface,3,Image 1,1,2210,
0.501738,,Surface,3,Image 1,1,2212,
2.83182,,Surface,3,Image 1,1,2214,
0.691016,,Surface,3,Image 1,1,2217,
4.56667,,Surface,3,Image 1,1,2218,
0.428513,,Surface,3,Image 1,1,2220,
0.00440688,,Surface,3,Image 1,1,2221,
0.18773,,Surface,3,Image 1,1,2222,
0.363205,,Surface,3,Image 1,1,2223,
1.47626,,Surface,3,Image 1,1,2224,
0.39683,,Surface,3,Image 1,1,2226,
2.06557,,Surface,3,Image 1,1,2227,
7.51514,,Surface,3,Image 1,1,2228,
0.494943,,Surface,3,Image 1,1,2229,
0.133648,,Surface,3,Image 1,1,2230,
0.0525803,,Surface,3,Image 1,1,2231,
0.152947,,Surface,3,Image 1,1,2232,
0.173427,,Surface,3,Image 1,1,2233,
6.37375,,Surface,3,Image 1,1,2234,
1.97928,,Surface,3,Image 1,1,2235,
0.595106,,Surface,3,Image 1,1,2237,
1.46602,,Surface,3,Image 1,1,2238,
0.637039,,Surface,3,Image 1,1,2239,
2.13385,,Surface,3,Image 1,1,2240,
1.31172,,Surface,3,Image 1,1,2241,
7.8871,,Surface,3,Image 1,1,2243,
3.06795,,Surface,3,Image 1,1,2244,
0.103701,,Surface,3,Image 1,1,2245,
0.334763,,Surface,3,Image 1,1,2246,
0.577196,,Surface,3,Image 1,1,2247,
0.0934174,,Surface,3,Image 1,1,2248,
4.21873,,Surface,3,Image 1,1,2249,
5.11253,,Surface,3,Image 1,1,2250,
1.12784,,Surface,3,Image 1,1,2251,
6.15603,,Surface,3,Image 1,1,2252,
0.328983,,Surface,3,Image 1,1,2253,
0.791675,,Surface,3,Image 1,1,2254,
11.5986,,Surface,3,Image 1,1,2256,
13.3896,,Surface,3,Image 1,1,2258,
1.45276,,Surface,3,Image 1,1,2260,
0.784707,,Surface,3,Image 1,1,2261,
3.46417,,Surface,3,Image 1,1,2263,
0.330336,,Surface,3,Image 1,1,2265,
9.25745,,Surface,3,Image 1,1,2268,
1.25739,,Surface,3,Image 1,1,2269,
2.5528,,Surface,3,Image 1,1,2270,
0.321803,,Surface,3,Image 1,1,2271,
2.75944,,Surface,3,Image 1,1,2272,
11.2096,,Surface,3,Image 1,1,2273,
6.02026,,Surface,3,Image 1,1,2275,
0.531511,,Surface,3,Image 1,1,2276,
0.121353,,Surface,3,Image 1,1,2277,
14.0499,,Surface,3,Image 1,1,2278,
1.559,,Surface,3,Image 1,1,2279,
0.126778,,Surface,3,Image 1,1,2281,
3.57179,,Surface,3,Image 1,1,2283,
9.81043,,Surface,3,Image 1,1,2284,
1.40685,,Surface,3,Image 1,1,2285,
12.0768,,Surface,3,Image 1,1,2287,
1.76271,,Surface,3,Image 1,1,2288,
0.129042,,Surface,3,Image 1,1,2289,
3.0008,,Surface,3,Image 1,1,2293,
1.77052,,Surface,3,Image 1,1,2294,
2.01691,,Surface,3,Image 1,1,2295,
3.45705,,Surface,3,Image 1,1,2296,
0.194961,,Surface,3,Image 1,1,2297,
0.519358,,Surface,3,Image 1,1,2298,
1.31869,,Surface,3,Image 1,1,2299,
7.33238,,Surface,3,Image 1,1,2300,
0.577535,,Surface,3,Image 1,1,2302,
3.99557,,Surface,3,Image 1,1,2303,
1.3947,,Surface,3,Image 1,1,2304,
2.72159,,Surface,3,Image 1,1,2306,
0.275045,,Surface,3,Image 1,1,2307,
1.76279,,Surface,3,Image 1,1,2308,
9.513,,Surface,3,Image 1,1,2311,
0.884768,,Surface,3,Image 1,1,2312,
0.242552,,Surface,3,Image 1,1,2313,
2.93958,,Surface,3,Image 1,1,2315,
3.64523,,Surface,3,Image 1,1,2316,
4.20961,,Surface,3,Image 1,1,2317,
0.0230777,,Surface,3,Image 1,1,2320,
3.5364,,Surface,3,Image 1,1,2321,
0.0559466,,Surface,3,Image 1,1,2322,
2.85298,,Surface,3,Image 1,1,2323,
0.0438594,,Surface,3,Image 1,1,2324,
0.318851,,Surface,3,Image 1,1,2325,
0.399412,,Surface,3,Image 1,1,2326,
2.72537,,Surface,3,Image 1,1,2330,
1.46123,,Surface,3,Image 1,1,2331,
1.61405,,Surface,3,Image 1,1,2333,
1.66228,,Surface,3,Image 1,1,2334,
0.204378,,Surface,3,Image 1,1,2335,
0.0847284,,Surface,3,Image 1,1,2336,
0.235337,,Surface,3,Image 1,1,2337,
1.50631,,Surface,3,Image 1,1,2340,
0.959339,,Surface,3,Image 1,1,2341,
0.86056,,Surface,3,Image 1,1,2342,
3.1233,,Surface,3,Image 1,1,2343,
0.260052,,Surface,3,Image 1,1,2344,
0.828251,,Surface,3,Image 1,1,2347,
4.25621,,Surface,3,Image 1,1,2348,
0.310268,,Surface,3,Image 1,1,2349,
1.46048,,Surface,3,Image 1,1,2351,
0.0731758,,Surface,3,Image 1,1,2352,
0.0764282,,Surface,3,Image 1,1,2354,
0.0386696,,Surface,3,Image 1,1,2357,
0.502348,,Surface,3,Image 1,1,2358,
1.19487,,Surface,3,Image 1,1,2359,
1.65356,,Surface,3,Image 1,1,2360,
6.84272,,Surface,3,Image 1,1,2361,
1.57633,,Surface,3,Image 1,1,2362,
0.281039,,Surface,3,Image 1,1,2363,
0.754762,,Surface,3,Image 1,1,2364,
1.14127,,Surface,3,Image 1,1,2365,
2.92612,,Surface,3,Image 1,1,2366,
1.95759,,Surface,3,Image 1,1,2367,
0.359449,,Surface,3,Image 1,1,2368,
0.244864,,Surface,3,Image 1,1,2369,
0.485629,,Surface,3,Image 1,1,2370,
0.343067,,Surface,3,Image 1,1,2371,
0.0254186,,Surface,3,Image 1,1,2375,
1.56963,,Surface,3,Image 1,1,2376,
0.449906,,Surface,3,Image 1,1,2377,
0.102583,,Surface,3,Image 1,1,2378,
2.79413,,Surface,3,Image 1,1,2379,
0.465085,,Surface,3,Image 1,1,2380,
0.867685,,Surface,3,Image 1,1,2381,
0.0963645,,Surface,3,Image 1,1,2383,
0.043137,,Surface,3,Image 1,1,2385,
0.322028,,Surface,3,Image 1,1,2386,
0.135165,,Surface,3,Image 1,1,2387,
0.622792,,Surface,3,Image 1,1,2388,
0.885815,,Surface,3,Image 1,1,2389,
3.7593,,Surface,3,Image 1,1,2390,
0.575477,,Surface,3,Image 1,1,2392,
0.109914,,Surface,3,Image 1,1,2393,
0.128837,,Surface,3,Image 1,1,2394,
14.4085,,Surface,3,Image 1,1,2395,
0.191794,,Surface,3,Image 1,1,2398,
0.795859,,Surface,3,Image 1,1,2399,
0.269791,,Surface,3,Image 1,1,2400,
0.731969,,Surface,3,Image 1,1,2401,
2.41035,,Surface,3,Image 1,1,2402,
0.149534,,Surface,3,Image 1,1,2403,
2.83539,,Surface,3,Image 1,1,2406,
0.470021,,Surface,3,Image 1,1,2407,
0.205275,,Surface,3,Image 1,1,2408,
0.620041,,Surface,3,Image 1,1,2409,
0.0678652,,Surface,3,Image 1,1,2411,
0.593743,,Surface,3,Image 1,1,2413,
0.704205,,Surface,3,Image 1,1,2415,
1.45851,,Surface,3,Image 1,1,2416,
0.834274,,Surface,3,Image 1,1,2417,
1.10107,,Surface,3,Image 1,1,2418,
0.776467,,Surface,3,Image 1,1,2419,
3.86252,,Surface,3,Image 1,1,2420,
0.060769,,Surface,3,Image 1,1,2421,
0.0514702,,Surface,3,Image 1,1,2422,
0.0641668,,Surface,3,Image 1,1,2424,
0.0131835,,Surface,3,Image 1,1,2427,
2.03338,,Surface,3,Image 1,1,2428,
2.75361,,Surface,3,Image 1,1,2429,
0.211757,,Surface,3,Image 1,1,2431,
1.31445,,Surface,3,Image 1,1,2432,
1.97262,,Surface,3,Image 1,1,2433,
0.161195,,Surface,3,Image 1,1,2434,
2.97229,,Surface,3,Image 1,1,2435,
0.685975,,Surface,3,Image 1,1,2437,
0.180496,,Surface,3,Image 1,1,2439,
0.134553,,Surface,3,Image 1,1,2440,
0.0283264,,Surface,3,Image 1,1,2442,
0.141193,,Surface,3,Image 1,1,2446,
1.07005,,Surface,3,Image 1,1,2449,
0.640211,,Surface,3,Image 1,1,2451,
3.5434,,Surface,3,Image 1,1,2454,
2.46294,,Surface,3,Image 1,1,2457,
2.53278,,Surface,3,Image 1,1,2458,
0.711526,,Surface,3,Image 1,1,2460,
5.39606,,Surface,3,Image 1,1,2461,
0.695142,,Surface,3,Image 1,1,2462,
8.13928,,Surface,3,Image 1,1,2463,
0.980496,,Surface,3,Image 1,1,2464,
3.1518,,Surface,3,Image 1,1,2465,
0.782738,,Surface,3,Image 1,1,2466,
0.125863,,Surface,3,Image 1,1,2467,
1.03942,,Surface,3,Image 1,1,2469,
6.45312,,Surface,3,Image 1,1,2470,
0.341807,,Surface,3,Image 1,1,2471,
1.92456,,Surface,3,Image 1,1,2472,
0.996685,,Surface,3,Image 1,1,2474,
0.232164,,Surface,3,Image 1,1,2475,
8.81479,,Surface,3,Image 1,1,2476,
1.42557,,Surface,3,Image 1,1,2477,
0.129925,,Surface,3,Image 1,1,2478,
8.48643,,Surface,3,Image 1,1,2484,
1.14197,,Surface,3,Image 1,1,2486,
5.03507,,Surface,3,Image 1,1,2487,
0.443835,,Surface,3,Image 1,1,2488,
0.022733,,Surface,3,Image 1,1,2490,
31.2006,,Surface,3,Image 1,1,2491,
6.82568,,Surface,3,Image 1,1,2492,
0.438483,,Surface,3,Image 1,1,2493,
2.01741,,Surface,3,Image 1,1,2495,
6.39329,,Surface,3,Image 1,1,2496,
0.233125,,Surface,3,Image 1,1,2497,
3.46738,,Surface,3,Image 1,1,2499,
0.25922,,Surface,3,Image 1,1,2500,
0.0546397,,Surface,3,Image 1,1,2501,
2.85338,,Surface,3,Image 1,1,2502,
0.131285,,Surface,3,Image 1,1,2503,
15.2925,,Surface,3,Image 1,1,2505,
0.0135548,,Surface,3,Image 1,1,2506,
2.81152,,Surface,3,Image 1,1,2510,
0.880534,,Surface,3,Image 1,1,2511,
5.99179,,Surface,3,Image 1,1,2512,
3.06271,,Surface,3,Image 1,1,2516,
0.224396,,Surface,3,Image 1,1,2517,
4.57797,,Surface,3,Image 1,1,2519,
5.22783,,Surface,3,Image 1,1,2520,
0.130118,,Surface,3,Image 1,1,2521,
0.0973042,,Surface,3,Image 1,1,2522,
1.10831,,Surface,3,Image 1,1,2523,
3.14727,,Surface,3,Image 1,1,2524,
0.197964,,Surface,3,Image 1,1,2525,
0.33816,,Surface,3,Image 1,1,2526,
3.24305,,Surface,3,Image 1,1,2527,
2.78231,,Surface,3,Image 1,1,2528,
4.59317,,Surface,3,Image 1,1,2529,
1.77091,,Surface,3,Image 1,1,2530,
0.102754,,Surface,3,Image 1,1,2531,
3.12177,,Surface,3,Image 1,1,2534,
1.82051,,Surface,3,Image 1,1,2535,
1.69305,,Surface,3,Image 1,1,2536,
4.89182,,Surface,3,Image 1,1,2538,
0.285178,,Surface,3,Image 1,1,2540,
1.75762,,Surface,3,Image 1,1,2541,
0.901222,,Surface,3,Image 1,1,2542,
5.07236,,Surface,3,Image 1,1,2543,
0.0865265,,Surface,3,Image 1,1,2546,
0.0434394,,Surface,3,Image 1,1,2548,
6.99454,,Surface,3,Image 1,1,2549,
1.6549,,Surface,3,Image 1,1,2550,
0.136391,,Surface,3,Image 1,1,2552,
1.80967,,Surface,3,Image 1,1,2553,
0.0205897,,Surface,3,Image 1,1,2555,
1.32366,,Surface,3,Image 1,1,2556,
0.0505334,,Surface,3,Image 1,1,2557,
0.627402,,Surface,3,Image 1,1,2558,
0.323177,,Surface,3,Image 1,1,2561,
0.260291,,Surface,3,Image 1,1,2562,
1.72839,,Surface,3,Image 1,1,2563,
55.6747,,Surface,3,Image 1,1,2564,
2.52614,,Surface,3,Image 1,1,2565,
0.156914,,Surface,3,Image 1,1,2566,
3.42362,,Surface,3,Image 1,1,2568,
0.867386,,Surface,3,Image 1,1,2569,
0.158021,,Surface,3,Image 1,1,2570,
5.92541,,Surface,3,Image 1,1,2571,
0.223187,,Surface,3,Image 1,1,2575,
0.192988,,Surface,3,Image 1,1,2576,
2.99713,,Surface,3,Image 1,1,2578,
0.0567759,,Surface,3,Image 1,1,2579,
0.0415294,,Surface,3,Image 1,1,2581,
0.784895,,Surface,3,Image 1,1,2582,
0.203823,,Surface,3,Image 1,1,2586,
0.473189,,Surface,3,Image 1,1,2587,
0.000863468,,Surface,3,Image 1,1,2588,
0.538967,,Surface,3,Image 1,1,2590,
0.374477,,Surface,3,Image 1,1,2591,
2.55303,,Surface,3,Image 1,1,2592,
1.36363,,Surface,3,Image 1,1,2593,
0.714847,,Surface,3,Image 1,1,2594,
0.177454,,Surface,3,Image 1,1,2595,
0.301075,,Surface,3,Image 1,1,2596,
0.178226,,Surface,3,Image 1,1,2597,
0.547738,,Surface,3,Image 1,1,2598,
1.66392,,Surface,3,Image 1,1,2599,
0.256411,,Surface,3,Image 1,1,2601,
0.207417,,Surface,3,Image 1,1,2602,
1.37257,,Surface,3,Image 1,1,2603,
0.262896,,Surface,3,Image 1,1,2604,
0.677067,,Surface,3,Image 1,1,2606,
4.95043,,Surface,3,Image 1,1,2607,
8.04859,,Surface,3,Image 1,1,2609,
0.688479,,Surface,3,Image 1,1,2610,
0.822355,,Surface,3,Image 1,1,2611,
0.194921,,Surface,3,Image 1,1,2612,
0.274855,,Surface,3,Image 1,1,2613,
0.157274,,Surface,3,Image 1,1,2614,
0.404189,,Surface,3,Image 1,1,2615,
0.309889,,Surface,3,Image 1,1,2616,
0.341663,,Surface,3,Image 1,1,2620,
0.00251106,,Surface,3,Image 1,1,2621,
0.309226,,Surface,3,Image 1,1,2623,
0.501865,,Surface,3,Image 1,1,2624,
2.48023,,Surface,3,Image 1,1,2625,
0.42347,,Surface,3,Image 1,1,2627,
0.162366,,Surface,3,Image 1,1,2628,
0.0295754,,Surface,3,Image 1,1,2629,
1.09582,,Surface,3,Image 1,1,2630,
8.56886,,Surface,3,Image 1,1,2631,
0.0921936,,Surface,3,Image 1,1,2632,
0.388192,,Surface,3,Image 1,1,2633,
0.683784,,Surface,3,Image 1,1,2634,
0.302092,,Surface,3,Image 1,1,2635,
0.394075,,Surface,3,Image 1,1,2636,
0.000128438,,Surface,3,Image 1,1,2637,
0.0310201,,Surface,3,Image 1,1,2638,
1.26413,,Surface,3,Image 1,1,2639,
0.214234,,Surface,3,Image 1,1,2641,
0.837886,,Surface,3,Image 1,1,2642,
0.284338,,Surface,3,Image 1,1,2643,
1.21247,,Surface,3,Image 1,1,2644,
5.95787,,Surface,3,Image 1,1,2645,
0.305072,,Surface,3,Image 1,1,2647,
1.94737,,Surface,3,Image 1,1,2649,
9.63847,,Surface,3,Image 1,1,2650,
0.921368,,Surface,3,Image 1,1,2651,
0.771729,,Surface,3,Image 1,1,2652,
0.542361,,Surface,3,Image 1,1,2653,
0.588783,,Surface,3,Image 1,1,2656,
4.42175,,Surface,3,Image 1,1,2658,
0.0563388,,Surface,3,Image 1,1,2659,
0.417653,,Surface,3,Image 1,1,2660,
0.122787,,Surface,3,Image 1,1,2662,
0.128457,,Surface,3,Image 1,1,2664,
4.91719,,Surface,3,Image 1,1,2665,
4.35548,,Surface,3,Image 1,1,2666,
0.0392805,,Surface,3,Image 1,1,2667,
0.116477,,Surface,3,Image 1,1,2669,
0.0714661,,Surface,3,Image 1,1,2671,
2.41674,,Surface,3,Image 1,1,2676,
0.241288,,Surface,3,Image 1,1,2679,
0.116758,,Surface,3,Image 1,1,2684,
0.146656,,Surface,3,Image 1,1,2685,
0.223828,,Surface,3,Image 1,1,2687,
0.00495063,,Surface,3,Image 1,1,2688,
0.26453,,Surface,3,Image 1,1,2689,
0.0920888,,Surface,3,Image 1,1,2691,
0.0183447,,Surface,3,Image 1,1,2694,
0.876468,,Surface,3,Image 1,1,2699,
0.945704,,Surface,3,Image 1,1,2700,
0.129705,,Surface,3,Image 1,1,2703,
0.0342721,,Surface,3,Image 1,1,2704,
0.00398789,,Surface,3,Image 1,1,2705,
1.64683,,Surface,3,Image 1,1,2707,
1.84453,,Surface,3,Image 1,1,2708,
0.359351,,Surface,3,Image 1,1,2709,
0.049304,,Surface,3,Image 1,1,2710,
0.352666,,Surface,3,Image 1,1,2714,
1.00739,,Surface,3,Image 1,1,2715,
0.0817152,,Surface,3,Image 1,1,2716,
1.47379,,Surface,3,Image 1,1,2717,
0.495929,,Surface,3,Image 1,1,2719,
0.356638,,Surface,3,Image 1,1,2732,
1.24235,,Surface,3,Image 1,1,2734,
0.468682,,Surface,3,Image 1,1,2736,
0.420127,,Surface,3,Image 1,1,2740,
0.585565,,Surface,3,Image 1,1,2741,
0.238109,,Surface,3,Image 1,1,2742,
0.0148819,,Surface,3,Image 1,1,2745,
0.071877,,Surface,3,Image 1,1,2747,
0.564291,,Surface,3,Image 1,1,2748,
1.47083,,Surface,3,Image 1,1,2750,
0.000979567,,Surface,3,Image 1,1,2752,
0.148726,,Surface,3,Image 1,1,2753,
0.429599,,Surface,3,Image 1,1,2758,
5.53968,,Surface,3,Image 1,1,2760,
0.168737,,Surface,3,Image 1,1,2767,
0.132909,,Surface,3,Image 1,1,2803,
