
Intensity Sum of Square Ch=6 Img=1
 ==================== 
Intensity Sum of Square,Unit,Category,Channel,Image,Time,ID,
6.75462e-09,,Surface,6,Image 1,1,724,
0.0169664,,Surface,6,Image 1,1,727,
0.000207301,,Surface,6,Image 1,1,728,
1.04696e-09,,Surface,6,Image 1,1,729,
2.09393e-09,,Surface,6,Image 1,1,730,
0.0283608,,Surface,6,Image 1,1,732,
2.09393e-09,,Surface,6,Image 1,1,733,
0.000272434,,Surface,6,Image 1,1,734,
0.0858172,,Surface,6,Image 1,1,737,
1.04696e-09,,Surface,6,Image 1,1,740,
2.61741e-09,,Surface,6,Image 1,1,741,
1.07642e-05,,Surface,6,Image 1,1,742,
0.000522704,,Surface,6,Image 1,1,745,
1.22146e-09,,Surface,6,Image 1,1,746,
0.0484671,,Surface,6,Image 1,1,747,
4.70206e-09,,Surface,6,Image 1,1,748,
1.22146e-09,,Surface,6,Image 1,1,749,
1.04696e-09,,Surface,6,Image 1,1,752,
1.22146e-09,,Surface,6,Image 1,1,764,
8.72469e-10,,Surface,6,Image 1,1,765,
0.0042328,,Surface,6,Image 1,1,768,
5.20759e-05,,Surface,6,Image 1,1,770,
1.04696e-09,,Surface,6,Image 1,1,772,
6.10729e-09,,Surface,6,Image 1,1,773,
8.58966e-05,,Surface,6,Image 1,1,774,
1.04696e-09,,Surface,6,Image 1,1,775,
0.0602883,,Surface,6,Image 1,1,776,
0.0276642,,Surface,6,Image 1,1,777,
1.57045e-09,,Surface,6,Image 1,1,778,
6.51045e-06,,Surface,6,Image 1,1,780,
0.109739,,Surface,6,Image 1,1,781,
0.0155687,,Surface,6,Image 1,1,782,
6.41076e-05,,Surface,6,Image 1,1,783,
6.00114e-07,,Surface,6,Image 1,1,784,
1.74494e-09,,Surface,6,Image 1,1,785,
2.7919e-09,,Surface,6,Image 1,1,787,
9.94226e-06,,Surface,6,Image 1,1,788,
8.72469e-10,,Surface,6,Image 1,1,789,
0.000495127,,Surface,6,Image 1,1,792,
0.000829505,,Surface,6,Image 1,1,793,
8.95013e-07,,Surface,6,Image 1,1,794,
1.8215e-06,,Surface,6,Image 1,1,795,
2.73278e-06,,Surface,6,Image 1,1,800,
0.0014516,,Surface,6,Image 1,1,801,
2.09393e-09,,Surface,6,Image 1,1,803,
2.44291e-09,,Surface,6,Image 1,1,805,
7.47043e-07,,Surface,6,Image 1,1,806,
5.80814e-09,,Surface,6,Image 1,1,807,
8.72469e-10,,Surface,6,Image 1,1,808,
2.61741e-09,,Surface,6,Image 1,1,810,
3.48988e-09,,Surface,6,Image 1,1,811,
2.26842e-09,,Surface,6,Image 1,1,812,
71.9284,,Surface,6,Image 1,1,813,
0.566328,,Surface,6,Image 1,1,814,
4.36235e-09,,Surface,6,Image 1,1,816,
0.0550185,,Surface,6,Image 1,1,818,
2.01785e-07,,Surface,6,Image 1,1,819,
3.60791e-05,,Surface,6,Image 1,1,820,
5.53442,,Surface,6,Image 1,1,823,
3.14089e-09,,Surface,6,Image 1,1,828,
0.477752,,Surface,6,Image 1,1,829,
2.09393e-09,,Surface,6,Image 1,1,830,
8.72469e-10,,Surface,6,Image 1,1,831,
3.07185e-07,,Surface,6,Image 1,1,833,
0.15515,,Surface,6,Image 1,1,836,
0.0149156,,Surface,6,Image 1,1,839,
0.440903,,Surface,6,Image 1,1,840,
3.83887e-09,,Surface,6,Image 1,1,841,
2.26783,,Surface,6,Image 1,1,842,
9.54154e-09,,Surface,6,Image 1,1,843,
4.21959,,Surface,6,Image 1,1,844,
0.0102802,,Surface,6,Image 1,1,846,
7.78325,,Surface,6,Image 1,1,847,
2.15693e-06,,Surface,6,Image 1,1,848,
1.55817e-09,,Surface,6,Image 1,1,849,
1.04696e-09,,Surface,6,Image 1,1,850,
3.48988e-09,,Surface,6,Image 1,1,851,
2.44367e-09,,Surface,6,Image 1,1,852,
8.72469e-10,,Surface,6,Image 1,1,853,
0.00218468,,Surface,6,Image 1,1,856,
2.26842e-09,,Surface,6,Image 1,1,857,
9.39927e-09,,Surface,6,Image 1,1,858,
0.234107,,Surface,6,Image 1,1,859,
0.173668,,Surface,6,Image 1,1,862,
294.824,,Surface,6,Image 1,1,863,
0.000897028,,Surface,6,Image 1,1,865,
646.547,,Surface,6,Image 1,1,866,
5.93279e-09,,Surface,6,Image 1,1,867,
1.91943e-09,,Surface,6,Image 1,1,868,
1.04696e-09,,Surface,6,Image 1,1,869,
3.14089e-09,,Surface,6,Image 1,1,871,
2.09393e-09,,Surface,6,Image 1,1,872,
2.09393e-09,,Surface,6,Image 1,1,873,
0.0865437,,Surface,6,Image 1,1,875,
7.55451e-09,,Surface,6,Image 1,1,876,
0.0534554,,Surface,6,Image 1,1,877,
2.42378,,Surface,6,Image 1,1,878,
1.24503e-08,,Surface,6,Image 1,1,880,
3.66437e-09,,Surface,6,Image 1,1,882,
149.646,,Surface,6,Image 1,1,883,
580.552,,Surface,6,Image 1,1,884,
1808,,Surface,6,Image 1,1,885,
2.64198,,Surface,6,Image 1,1,886,
71.5845,,Surface,6,Image 1,1,888,
922.22,,Surface,6,Image 1,1,889,
7.07928,,Surface,6,Image 1,1,892,
423.149,,Surface,6,Image 1,1,893,
473.628,,Surface,6,Image 1,1,896,
0.001981,,Surface,6,Image 1,1,897,
0.0210686,,Surface,6,Image 1,1,898,
2670.7,,Surface,6,Image 1,1,899,
3.28539e-08,,Surface,6,Image 1,1,901,
0.00911218,,Surface,6,Image 1,1,903,
145.546,,Surface,6,Image 1,1,905,
9.11838e-06,,Surface,6,Image 1,1,906,
1.40238,,Surface,6,Image 1,1,907,
13.5314,,Surface,6,Image 1,1,908,
18.3195,,Surface,6,Image 1,1,909,
288.128,,Surface,6,Image 1,1,910,
725.695,,Surface,6,Image 1,1,911,
5.50756,,Surface,6,Image 1,1,912,
2.61741e-09,,Surface,6,Image 1,1,913,
410.014,,Surface,6,Image 1,1,914,
2.30042e-09,,Surface,6,Image 1,1,915,
15.3908,,Surface,6,Image 1,1,916,
320.527,,Surface,6,Image 1,1,917,
1.60208,,Surface,6,Image 1,1,918,
2.89927e-06,,Surface,6,Image 1,1,919,
1707.76,,Surface,6,Image 1,1,920,
7.98823e-08,,Surface,6,Image 1,1,921,
2778.6,,Surface,6,Image 1,1,922,
1.65612e-08,,Surface,6,Image 1,1,924,
9.99994e-09,,Surface,6,Image 1,1,926,
1.74494e-09,,Surface,6,Image 1,1,927,
7.60377e-05,,Surface,6,Image 1,1,928,
425.072,,Surface,6,Image 1,1,929,
484.366,,Surface,6,Image 1,1,930,
632.851,,Surface,6,Image 1,1,931,
301.996,,Surface,6,Image 1,1,932,
146.017,,Surface,6,Image 1,1,933,
302.466,,Surface,6,Image 1,1,935,
98.3844,,Surface,6,Image 1,1,936,
113.559,,Surface,6,Image 1,1,938,
87.4128,,Surface,6,Image 1,1,941,
406.046,,Surface,6,Image 1,1,942,
7.0764,,Surface,6,Image 1,1,944,
136.905,,Surface,6,Image 1,1,946,
1099.94,,Surface,6,Image 1,1,947,
1803.14,,Surface,6,Image 1,1,948,
1.92509e-08,,Surface,6,Image 1,1,950,
15170.4,,Surface,6,Image 1,1,951,
3191.12,,Surface,6,Image 1,1,952,
169.389,,Surface,6,Image 1,1,953,
7797.99,,Surface,6,Image 1,1,955,
409.928,,Surface,6,Image 1,1,956,
623.058,,Surface,6,Image 1,1,957,
84.9777,,Surface,6,Image 1,1,958,
349.655,,Surface,6,Image 1,1,959,
3584.78,,Surface,6,Image 1,1,960,
127.536,,Surface,6,Image 1,1,961,
0.513118,,Surface,6,Image 1,1,963,
87.9003,,Surface,6,Image 1,1,964,
21460.2,,Surface,6,Image 1,1,965,
4267.16,,Surface,6,Image 1,1,966,
0.111002,,Surface,6,Image 1,1,968,
33.6161,,Surface,6,Image 1,1,971,
2.1653e-06,,Surface,6,Image 1,1,972,
8823.5,,Surface,6,Image 1,1,973,
2.09393e-09,,Surface,6,Image 1,1,974,
64.9368,,Surface,6,Image 1,1,975,
0.0087353,,Surface,6,Image 1,1,976,
1733.67,,Surface,6,Image 1,1,978,
41.5045,,Surface,6,Image 1,1,979,
0.0022324,,Surface,6,Image 1,1,983,
418.78,,Surface,6,Image 1,1,984,
3613.43,,Surface,6,Image 1,1,985,
1195.15,,Surface,6,Image 1,1,986,
484.751,,Surface,6,Image 1,1,987,
2505.06,,Surface,6,Image 1,1,990,
447.881,,Surface,6,Image 1,1,991,
43.0918,,Surface,6,Image 1,1,992,
35.7732,,Surface,6,Image 1,1,993,
2886.93,,Surface,6,Image 1,1,996,
2605.28,,Surface,6,Image 1,1,997,
371.019,,Surface,6,Image 1,1,998,
298.706,,Surface,6,Image 1,1,999,
261.555,,Surface,6,Image 1,1,1001,
2738.96,,Surface,6,Image 1,1,1002,
1882.2,,Surface,6,Image 1,1,1006,
18.383,,Surface,6,Image 1,1,1007,
6797.95,,Surface,6,Image 1,1,1008,
23.2443,,Surface,6,Image 1,1,1009,
1741.11,,Surface,6,Image 1,1,1010,
3.71905e-05,,Surface,6,Image 1,1,1011,
174.238,,Surface,6,Image 1,1,1012,
0.0865834,,Surface,6,Image 1,1,1013,
446.949,,Surface,6,Image 1,1,1014,
10836.2,,Surface,6,Image 1,1,1015,
1216.14,,Surface,6,Image 1,1,1016,
3.641,,Surface,6,Image 1,1,1017,
1347.34,,Surface,6,Image 1,1,1018,
2697.28,,Surface,6,Image 1,1,1019,
1133.67,,Surface,6,Image 1,1,1020,
1.71279e-08,,Surface,6,Image 1,1,1021,
3.67199e-06,,Surface,6,Image 1,1,1022,
269.245,,Surface,6,Image 1,1,1023,
1813.84,,Surface,6,Image 1,1,1024,
665.448,,Surface,6,Image 1,1,1025,
892.771,,Surface,6,Image 1,1,1026,
1.29439e-08,,Surface,6,Image 1,1,1027,
1288.24,,Surface,6,Image 1,1,1029,
2723.9,,Surface,6,Image 1,1,1030,
2114.26,,Surface,6,Image 1,1,1031,
3856.4,,Surface,6,Image 1,1,1032,
4326.31,,Surface,6,Image 1,1,1033,
4.10779,,Surface,6,Image 1,1,1034,
1580.26,,Surface,6,Image 1,1,1035,
579.926,,Surface,6,Image 1,1,1036,
44.4885,,Surface,6,Image 1,1,1037,
0.141067,,Surface,6,Image 1,1,1038,
334.632,,Surface,6,Image 1,1,1039,
45849.8,,Surface,6,Image 1,1,1040,
1314.53,,Surface,6,Image 1,1,1041,
949.079,,Surface,6,Image 1,1,1042,
586.923,,Surface,6,Image 1,1,1043,
66.1913,,Surface,6,Image 1,1,1044,
1418.82,,Surface,6,Image 1,1,1045,
436.637,,Surface,6,Image 1,1,1046,
9025.88,,Surface,6,Image 1,1,1047,
134.235,,Surface,6,Image 1,1,1048,
190.837,,Surface,6,Image 1,1,1049,
1862.05,,Surface,6,Image 1,1,1050,
777.628,,Surface,6,Image 1,1,1051,
10409.4,,Surface,6,Image 1,1,1054,
2.9664e-09,,Surface,6,Image 1,1,1055,
102.878,,Surface,6,Image 1,1,1056,
80.7915,,Surface,6,Image 1,1,1057,
793.431,,Surface,6,Image 1,1,1059,
1119.75,,Surface,6,Image 1,1,1060,
9191.79,,Surface,6,Image 1,1,1061,
471.095,,Surface,6,Image 1,1,1062,
347.551,,Surface,6,Image 1,1,1063,
127.518,,Surface,6,Image 1,1,1064,
361,,Surface,6,Image 1,1,1065,
1973.83,,Surface,6,Image 1,1,1066,
56.3285,,Surface,6,Image 1,1,1067,
134.301,,Surface,6,Image 1,1,1069,
2533.32,,Surface,6,Image 1,1,1070,
1398.83,,Surface,6,Image 1,1,1071,
12275.9,,Surface,6,Image 1,1,1072,
1434.37,,Surface,6,Image 1,1,1073,
1452.89,,Surface,6,Image 1,1,1076,
3098.2,,Surface,6,Image 1,1,1077,
558.5,,Surface,6,Image 1,1,1078,
305.081,,Surface,6,Image 1,1,1079,
758.995,,Surface,6,Image 1,1,1081,
4.18785e-09,,Surface,6,Image 1,1,1083,
1072.03,,Surface,6,Image 1,1,1084,
39098.5,,Surface,6,Image 1,1,1087,
1173.43,,Surface,6,Image 1,1,1088,
138.489,,Surface,6,Image 1,1,1089,
100.826,,Surface,6,Image 1,1,1090,
9783.52,,Surface,6,Image 1,1,1091,
81.2316,,Surface,6,Image 1,1,1092,
24995.1,,Surface,6,Image 1,1,1094,
313.732,,Surface,6,Image 1,1,1095,
10947.3,,Surface,6,Image 1,1,1096,
80534.6,,Surface,6,Image 1,1,1097,
0.525474,,Surface,6,Image 1,1,1098,
1.74494e-09,,Surface,6,Image 1,1,1099,
3037.79,,Surface,6,Image 1,1,1100,
6434.05,,Surface,6,Image 1,1,1103,
40.9346,,Surface,6,Image 1,1,1104,
1031,,Surface,6,Image 1,1,1105,
22356.5,,Surface,6,Image 1,1,1107,
445.331,,Surface,6,Image 1,1,1108,
10092.9,,Surface,6,Image 1,1,1110,
5106.27,,Surface,6,Image 1,1,1111,
136544,,Surface,6,Image 1,1,1114,
11.1567,,Surface,6,Image 1,1,1116,
74537,,Surface,6,Image 1,1,1117,
39.1297,,Surface,6,Image 1,1,1118,
4364.04,,Surface,6,Image 1,1,1119,
8.72469e-10,,Surface,6,Image 1,1,1120,
1827.85,,Surface,6,Image 1,1,1122,
1942.53,,Surface,6,Image 1,1,1124,
571.9,,Surface,6,Image 1,1,1125,
191.917,,Surface,6,Image 1,1,1128,
969.193,,Surface,6,Image 1,1,1130,
1099.74,,Surface,6,Image 1,1,1132,
9085.86,,Surface,6,Image 1,1,1135,
147.583,,Surface,6,Image 1,1,1137,
4354.49,,Surface,6,Image 1,1,1138,
1368.07,,Surface,6,Image 1,1,1139,
77.138,,Surface,6,Image 1,1,1140,
33396.4,,Surface,6,Image 1,1,1141,
315994,,Surface,6,Image 1,1,1142,
1014.43,,Surface,6,Image 1,1,1144,
197.125,,Surface,6,Image 1,1,1145,
66016.9,,Surface,6,Image 1,1,1146,
2284.77,,Surface,6,Image 1,1,1147,
1226.02,,Surface,6,Image 1,1,1148,
7472.15,,Surface,6,Image 1,1,1149,
1149.11,,Surface,6,Image 1,1,1150,
1760.18,,Surface,6,Image 1,1,1152,
156.971,,Surface,6,Image 1,1,1153,
86280.6,,Surface,6,Image 1,1,1154,
51.0897,,Surface,6,Image 1,1,1156,
2462.39,,Surface,6,Image 1,1,1157,
5451.87,,Surface,6,Image 1,1,1158,
2451,,Surface,6,Image 1,1,1159,
170.71,,Surface,6,Image 1,1,1163,
1337.58,,Surface,6,Image 1,1,1164,
2111.37,,Surface,6,Image 1,1,1165,
28.7956,,Surface,6,Image 1,1,1166,
2409.75,,Surface,6,Image 1,1,1167,
1882.46,,Surface,6,Image 1,1,1168,
44.4424,,Surface,6,Image 1,1,1172,
2590.41,,Surface,6,Image 1,1,1173,
1644.31,,Surface,6,Image 1,1,1175,
681.292,,Surface,6,Image 1,1,1176,
2171.54,,Surface,6,Image 1,1,1177,
289.055,,Surface,6,Image 1,1,1180,
416.35,,Surface,6,Image 1,1,1181,
50351.3,,Surface,6,Image 1,1,1182,
19197,,Surface,6,Image 1,1,1183,
15199.7,,Surface,6,Image 1,1,1184,
3695.12,,Surface,6,Image 1,1,1185,
211464,,Surface,6,Image 1,1,1186,
209.844,,Surface,6,Image 1,1,1187,
298.2,,Surface,6,Image 1,1,1188,
2686.21,,Surface,6,Image 1,1,1189,
5989.29,,Surface,6,Image 1,1,1190,
4973.02,,Surface,6,Image 1,1,1191,
5617.87,,Surface,6,Image 1,1,1192,
25774.7,,Surface,6,Image 1,1,1193,
2944.72,,Surface,6,Image 1,1,1197,
1101.88,,Surface,6,Image 1,1,1200,
560.557,,Surface,6,Image 1,1,1202,
0.00500006,,Surface,6,Image 1,1,1203,
633.255,,Surface,6,Image 1,1,1205,
8361.36,,Surface,6,Image 1,1,1206,
129081,,Surface,6,Image 1,1,1208,
246.902,,Surface,6,Image 1,1,1209,
1879.98,,Surface,6,Image 1,1,1210,
578.155,,Surface,6,Image 1,1,1211,
382916,,Surface,6,Image 1,1,1212,
487595,,Surface,6,Image 1,1,1213,
49.2956,,Surface,6,Image 1,1,1215,
1030.45,,Surface,6,Image 1,1,1218,
1191.71,,Surface,6,Image 1,1,1219,
1221.29,,Surface,6,Image 1,1,1220,
2261.65,,Surface,6,Image 1,1,1221,
715.738,,Surface,6,Image 1,1,1224,
8449.37,,Surface,6,Image 1,1,1226,
3455.47,,Surface,6,Image 1,1,1228,
84630.7,,Surface,6,Image 1,1,1230,
8875.71,,Surface,6,Image 1,1,1231,
2186.26,,Surface,6,Image 1,1,1232,
462.546,,Surface,6,Image 1,1,1233,
89497.2,,Surface,6,Image 1,1,1235,
1145.19,,Surface,6,Image 1,1,1237,
20791.3,,Surface,6,Image 1,1,1238,
430.324,,Surface,6,Image 1,1,1239,
50.1275,,Surface,6,Image 1,1,1241,
870.984,,Surface,6,Image 1,1,1243,
73.0712,,Surface,6,Image 1,1,1244,
5920.22,,Surface,6,Image 1,1,1245,
3730.66,,Surface,6,Image 1,1,1246,
104.811,,Surface,6,Image 1,1,1247,
3087.85,,Surface,6,Image 1,1,1248,
338.158,,Surface,6,Image 1,1,1249,
4851.33,,Surface,6,Image 1,1,1250,
602443,,Surface,6,Image 1,1,1251,
477.618,,Surface,6,Image 1,1,1252,
30553.5,,Surface,6,Image 1,1,1253,
1625.54,,Surface,6,Image 1,1,1255,
162290,,Surface,6,Image 1,1,1256,
4525.96,,Surface,6,Image 1,1,1258,
5892.58,,Surface,6,Image 1,1,1260,
34425.8,,Surface,6,Image 1,1,1263,
349.516,,Surface,6,Image 1,1,1264,
6111.6,,Surface,6,Image 1,1,1266,
8681.65,,Surface,6,Image 1,1,1267,
1699.51,,Surface,6,Image 1,1,1268,
30567.3,,Surface,6,Image 1,1,1270,
4751.51,,Surface,6,Image 1,1,1271,
25261.8,,Surface,6,Image 1,1,1273,
18970.1,,Surface,6,Image 1,1,1274,
282.816,,Surface,6,Image 1,1,1277,
29.4934,,Surface,6,Image 1,1,1278,
9574.47,,Surface,6,Image 1,1,1279,
51.8507,,Surface,6,Image 1,1,1280,
19335.8,,Surface,6,Image 1,1,1281,
1.39595e-09,,Surface,6,Image 1,1,1283,
1120.87,,Surface,6,Image 1,1,1284,
362.984,,Surface,6,Image 1,1,1285,
107.071,,Surface,6,Image 1,1,1286,
0.0552369,,Surface,6,Image 1,1,1287,
30574.5,,Surface,6,Image 1,1,1288,
157275,,Surface,6,Image 1,1,1291,
126.292,,Surface,6,Image 1,1,1292,
431.52,,Surface,6,Image 1,1,1294,
14167.6,,Surface,6,Image 1,1,1295,
35.3295,,Surface,6,Image 1,1,1296,
82844.9,,Surface,6,Image 1,1,1299,
140.233,,Surface,6,Image 1,1,1302,
494.288,,Surface,6,Image 1,1,1304,
2311.42,,Surface,6,Image 1,1,1308,
1982.91,,Surface,6,Image 1,1,1309,
368.799,,Surface,6,Image 1,1,1310,
18449.4,,Surface,6,Image 1,1,1311,
248.059,,Surface,6,Image 1,1,1312,
377.344,,Surface,6,Image 1,1,1313,
450.455,,Surface,6,Image 1,1,1314,
176.247,,Surface,6,Image 1,1,1316,
404.411,,Surface,6,Image 1,1,1318,
614.424,,Surface,6,Image 1,1,1319,
23380.6,,Surface,6,Image 1,1,1321,
6964.72,,Surface,6,Image 1,1,1326,
107.897,,Surface,6,Image 1,1,1327,
1.91943e-09,,Surface,6,Image 1,1,1328,
49423.5,,Surface,6,Image 1,1,1329,
9162.96,,Surface,6,Image 1,1,1330,
431.788,,Surface,6,Image 1,1,1331,
895.552,,Surface,6,Image 1,1,1332,
5478.96,,Surface,6,Image 1,1,1333,
3503.6,,Surface,6,Image 1,1,1334,
320990,,Surface,6,Image 1,1,1335,
23096.7,,Surface,6,Image 1,1,1339,
2585.72,,Surface,6,Image 1,1,1341,
3172.01,,Surface,6,Image 1,1,1344,
173.205,,Surface,6,Image 1,1,1346,
40951.8,,Surface,6,Image 1,1,1347,
1148.37,,Surface,6,Image 1,1,1348,
3915.18,,Surface,6,Image 1,1,1350,
106345,,Surface,6,Image 1,1,1351,
302.503,,Surface,6,Image 1,1,1354,
25102,,Surface,6,Image 1,1,1356,
2250.58,,Surface,6,Image 1,1,1357,
601.963,,Surface,6,Image 1,1,1358,
1190.44,,Surface,6,Image 1,1,1359,
968.989,,Surface,6,Image 1,1,1362,
998.522,,Surface,6,Image 1,1,1364,
1003.18,,Surface,6,Image 1,1,1365,
278364,,Surface,6,Image 1,1,1367,
0.305378,,Surface,6,Image 1,1,1368,
196966,,Surface,6,Image 1,1,1369,
13434.3,,Surface,6,Image 1,1,1370,
164.594,,Surface,6,Image 1,1,1372,
400.82,,Surface,6,Image 1,1,1373,
1028.05,,Surface,6,Image 1,1,1374,
291.57,,Surface,6,Image 1,1,1375,
516.128,,Surface,6,Image 1,1,1376,
5468.81,,Surface,6,Image 1,1,1379,
951.375,,Surface,6,Image 1,1,1382,
3111.64,,Surface,6,Image 1,1,1383,
15752.3,,Surface,6,Image 1,1,1384,
72.1117,,Surface,6,Image 1,1,1385,
2037.76,,Surface,6,Image 1,1,1386,
3691.42,,Surface,6,Image 1,1,1387,
2668.94,,Surface,6,Image 1,1,1388,
860.126,,Surface,6,Image 1,1,1389,
2988.3,,Surface,6,Image 1,1,1390,
1424.04,,Surface,6,Image 1,1,1393,
344799,,Surface,6,Image 1,1,1396,
1191.86,,Surface,6,Image 1,1,1397,
3.14089e-09,,Surface,6,Image 1,1,1398,
58.7398,,Surface,6,Image 1,1,1399,
39766.3,,Surface,6,Image 1,1,1401,
6005.55,,Surface,6,Image 1,1,1403,
33164.2,,Surface,6,Image 1,1,1405,
7506.06,,Surface,6,Image 1,1,1406,
587.204,,Surface,6,Image 1,1,1411,
69925,,Surface,6,Image 1,1,1412,
1824.18,,Surface,6,Image 1,1,1413,
8542.55,,Surface,6,Image 1,1,1414,
401.013,,Surface,6,Image 1,1,1415,
139.498,,Surface,6,Image 1,1,1420,
1.39479e-07,,Surface,6,Image 1,1,1421,
96.4496,,Surface,6,Image 1,1,1422,
16196,,Surface,6,Image 1,1,1426,
1495.21,,Surface,6,Image 1,1,1428,
1427.35,,Surface,6,Image 1,1,1430,
474.651,,Surface,6,Image 1,1,1431,
1722.43,,Surface,6,Image 1,1,1433,
5242.62,,Surface,6,Image 1,1,1434,
774.652,,Surface,6,Image 1,1,1435,
3045.06,,Surface,6,Image 1,1,1436,
1.04696e-09,,Surface,6,Image 1,1,1437,
352.098,,Surface,6,Image 1,1,1438,
70.2235,,Surface,6,Image 1,1,1439,
1129.56,,Surface,6,Image 1,1,1440,
489.38,,Surface,6,Image 1,1,1448,
422.557,,Surface,6,Image 1,1,1449,
5766.68,,Surface,6,Image 1,1,1451,
2679.53,,Surface,6,Image 1,1,1452,
3.75568,,Surface,6,Image 1,1,1455,
19.2004,,Surface,6,Image 1,1,1457,
11641.9,,Surface,6,Image 1,1,1458,
2859.09,,Surface,6,Image 1,1,1459,
15266.1,,Surface,6,Image 1,1,1460,
469.051,,Surface,6,Image 1,1,1461,
26085.1,,Surface,6,Image 1,1,1462,
164868,,Surface,6,Image 1,1,1463,
598.923,,Surface,6,Image 1,1,1466,
380.019,,Surface,6,Image 1,1,1467,
274.822,,Surface,6,Image 1,1,1469,
1009.46,,Surface,6,Image 1,1,1470,
229.398,,Surface,6,Image 1,1,1472,
3593.58,,Surface,6,Image 1,1,1473,
48365.8,,Surface,6,Image 1,1,1474,
1179.47,,Surface,6,Image 1,1,1475,
1157.84,,Surface,6,Image 1,1,1477,
907.688,,Surface,6,Image 1,1,1481,
2333.52,,Surface,6,Image 1,1,1482,
120.795,,Surface,6,Image 1,1,1484,
88.7706,,Surface,6,Image 1,1,1485,
1000.76,,Surface,6,Image 1,1,1486,
387922,,Surface,6,Image 1,1,1491,
2529.01,,Surface,6,Image 1,1,1493,
694.253,,Surface,6,Image 1,1,1495,
2032.95,,Surface,6,Image 1,1,1503,
24207.3,,Surface,6,Image 1,1,1505,
129.707,,Surface,6,Image 1,1,1506,
181.513,,Surface,6,Image 1,1,1511,
350165,,Surface,6,Image 1,1,1512,
8380.17,,Surface,6,Image 1,1,1514,
41.1408,,Surface,6,Image 1,1,1517,
4354.52,,Surface,6,Image 1,1,1518,
1583.28,,Surface,6,Image 1,1,1521,
1262.34,,Surface,6,Image 1,1,1523,
578.93,,Surface,6,Image 1,1,1524,
22228.2,,Surface,6,Image 1,1,1526,
1416.04,,Surface,6,Image 1,1,1527,
507.824,,Surface,6,Image 1,1,1528,
5251.33,,Surface,6,Image 1,1,1529,
715388,,Surface,6,Image 1,1,1531,
2345.07,,Surface,6,Image 1,1,1533,
1807.55,,Surface,6,Image 1,1,1535,
477.621,,Surface,6,Image 1,1,1537,
26857.8,,Surface,6,Image 1,1,1538,
56573.3,,Surface,6,Image 1,1,1539,
4652.15,,Surface,6,Image 1,1,1540,
1308.81,,Surface,6,Image 1,1,1541,
39.2387,,Surface,6,Image 1,1,1544,
2000.12,,Surface,6,Image 1,1,1546,
14444.9,,Surface,6,Image 1,1,1547,
72.4697,,Surface,6,Image 1,1,1551,
1940.97,,Surface,6,Image 1,1,1552,
1102.23,,Surface,6,Image 1,1,1553,
27.4408,,Surface,6,Image 1,1,1556,
8424.12,,Surface,6,Image 1,1,1562,
1974.94,,Surface,6,Image 1,1,1563,
58.9364,,Surface,6,Image 1,1,1567,
3738.3,,Surface,6,Image 1,1,1571,
3.83887e-09,,Surface,6,Image 1,1,1574,
6728.59,,Surface,6,Image 1,1,1575,
6666.92,,Surface,6,Image 1,1,1576,
45998.1,,Surface,6,Image 1,1,1583,
47.5266,,Surface,6,Image 1,1,1584,
1283.95,,Surface,6,Image 1,1,1586,
3359.16,,Surface,6,Image 1,1,1587,
831.362,,Surface,6,Image 1,1,1588,
793.192,,Surface,6,Image 1,1,1591,
528.846,,Surface,6,Image 1,1,1592,
997.873,,Surface,6,Image 1,1,1594,
6702.89,,Surface,6,Image 1,1,1596,
945.109,,Surface,6,Image 1,1,1597,
1750.51,,Surface,6,Image 1,1,1601,
128.769,,Surface,6,Image 1,1,1605,
11836.9,,Surface,6,Image 1,1,1606,
7525.23,,Surface,6,Image 1,1,1607,
1107.38,,Surface,6,Image 1,1,1608,
35877,,Surface,6,Image 1,1,1609,
13516.5,,Surface,6,Image 1,1,1610,
194.817,,Surface,6,Image 1,1,1611,
736.193,,Surface,6,Image 1,1,1613,
17636.7,,Surface,6,Image 1,1,1615,
87.8227,,Surface,6,Image 1,1,1616,
25818.5,,Surface,6,Image 1,1,1620,
458.429,,Surface,6,Image 1,1,1625,
4705.9,,Surface,6,Image 1,1,1629,
1637.2,,Surface,6,Image 1,1,1632,
316.528,,Surface,6,Image 1,1,1637,
249.643,,Surface,6,Image 1,1,1638,
295.685,,Surface,6,Image 1,1,1640,
1689.86,,Surface,6,Image 1,1,1641,
2577.54,,Surface,6,Image 1,1,1646,
350.922,,Surface,6,Image 1,1,1647,
3285.19,,Surface,6,Image 1,1,1650,
1474.07,,Surface,6,Image 1,1,1653,
182.741,,Surface,6,Image 1,1,1654,
1240.22,,Surface,6,Image 1,1,1656,
911.22,,Surface,6,Image 1,1,1657,
1352.81,,Surface,6,Image 1,1,1660,
6579.72,,Surface,6,Image 1,1,1661,
1134.68,,Surface,6,Image 1,1,1663,
76516,,Surface,6,Image 1,1,1665,
3040.75,,Surface,6,Image 1,1,1667,
14677.4,,Surface,6,Image 1,1,1668,
365.026,,Surface,6,Image 1,1,1669,
26345.3,,Surface,6,Image 1,1,1674,
2755.54,,Surface,6,Image 1,1,1678,
969.79,,Surface,6,Image 1,1,1682,
1516.84,,Surface,6,Image 1,1,1683,
45342.3,,Surface,6,Image 1,1,1687,
308.94,,Surface,6,Image 1,1,1688,
242.824,,Surface,6,Image 1,1,1689,
1595.98,,Surface,6,Image 1,1,1690,
981.99,,Surface,6,Image 1,1,1700,
1651.8,,Surface,6,Image 1,1,1701,
785.8,,Surface,6,Image 1,1,1702,
2176.24,,Surface,6,Image 1,1,1703,
725.211,,Surface,6,Image 1,1,1707,
11.6407,,Surface,6,Image 1,1,1709,
3143.48,,Surface,6,Image 1,1,1713,
364.768,,Surface,6,Image 1,1,1716,
98156,,Surface,6,Image 1,1,1717,
191406,,Surface,6,Image 1,1,1720,
1608.4,,Surface,6,Image 1,1,1722,
2.7919e-09,,Surface,6,Image 1,1,1725,
956.43,,Surface,6,Image 1,1,1726,
15906.2,,Surface,6,Image 1,1,1727,
53354.3,,Surface,6,Image 1,1,1728,
9.6623,,Surface,6,Image 1,1,1730,
5522.4,,Surface,6,Image 1,1,1731,
4361.67,,Surface,6,Image 1,1,1732,
400.037,,Surface,6,Image 1,1,1733,
74.1735,,Surface,6,Image 1,1,1736,
83739.2,,Surface,6,Image 1,1,1737,
1812.69,,Surface,6,Image 1,1,1740,
35323.9,,Surface,6,Image 1,1,1741,
3.48988e-09,,Surface,6,Image 1,1,1743,
119.236,,Surface,6,Image 1,1,1746,
454.55,,Surface,6,Image 1,1,1749,
1086.55,,Surface,6,Image 1,1,1750,
98.2103,,Surface,6,Image 1,1,1751,
9565.25,,Surface,6,Image 1,1,1753,
76.4293,,Surface,6,Image 1,1,1755,
4008.25,,Surface,6,Image 1,1,1757,
6.50318,,Surface,6,Image 1,1,1758,
5460.52,,Surface,6,Image 1,1,1759,
2920.38,,Surface,6,Image 1,1,1760,
1.57045e-09,,Surface,6,Image 1,1,1761,
4354.67,,Surface,6,Image 1,1,1763,
971.091,,Surface,6,Image 1,1,1767,
2619.79,,Surface,6,Image 1,1,1768,
258.729,,Surface,6,Image 1,1,1769,
32.6752,,Surface,6,Image 1,1,1770,
82078.2,,Surface,6,Image 1,1,1773,
79.3024,,Surface,6,Image 1,1,1775,
557.673,,Surface,6,Image 1,1,1776,
122.287,,Surface,6,Image 1,1,1777,
2007.01,,Surface,6,Image 1,1,1780,
124.572,,Surface,6,Image 1,1,1784,
992.939,,Surface,6,Image 1,1,1785,
254.978,,Surface,6,Image 1,1,1786,
1.04696e-09,,Surface,6,Image 1,1,1789,
479.946,,Surface,6,Image 1,1,1790,
3640.37,,Surface,6,Image 1,1,1794,
972.161,,Surface,6,Image 1,1,1795,
0.212277,,Surface,6,Image 1,1,1796,
31178.1,,Surface,6,Image 1,1,1799,
1802.12,,Surface,6,Image 1,1,1800,
996.575,,Surface,6,Image 1,1,1803,
595.757,,Surface,6,Image 1,1,1804,
1104.85,,Surface,6,Image 1,1,1806,
18257.1,,Surface,6,Image 1,1,1808,
1041.72,,Surface,6,Image 1,1,1810,
64.6984,,Surface,6,Image 1,1,1812,
24.3149,,Surface,6,Image 1,1,1815,
298.458,,Surface,6,Image 1,1,1816,
800.752,,Surface,6,Image 1,1,1819,
930.727,,Surface,6,Image 1,1,1822,
329.189,,Surface,6,Image 1,1,1825,
1319.25,,Surface,6,Image 1,1,1826,
407.2,,Surface,6,Image 1,1,1828,
187.215,,Surface,6,Image 1,1,1830,
2333.46,,Surface,6,Image 1,1,1831,
37.975,,Surface,6,Image 1,1,1832,
1350.52,,Surface,6,Image 1,1,1836,
336.711,,Surface,6,Image 1,1,1839,
47.2473,,Surface,6,Image 1,1,1840,
4307.8,,Surface,6,Image 1,1,1841,
19648,,Surface,6,Image 1,1,1844,
745.18,,Surface,6,Image 1,1,1845,
3195,,Surface,6,Image 1,1,1846,
4615.3,,Surface,6,Image 1,1,1850,
1236.15,,Surface,6,Image 1,1,1852,
925.918,,Surface,6,Image 1,1,1853,
201.554,,Surface,6,Image 1,1,1859,
3367.75,,Surface,6,Image 1,1,1860,
4323.98,,Surface,6,Image 1,1,1861,
112105,,Surface,6,Image 1,1,1862,
0.130239,,Surface,6,Image 1,1,1863,
3044.33,,Surface,6,Image 1,1,1867,
1101.13,,Surface,6,Image 1,1,1868,
0.435322,,Surface,6,Image 1,1,1869,
818.016,,Surface,6,Image 1,1,1871,
1171.37,,Surface,6,Image 1,1,1874,
24588.2,,Surface,6,Image 1,1,1875,
5198.17,,Surface,6,Image 1,1,1876,
13232.2,,Surface,6,Image 1,1,1877,
962.514,,Surface,6,Image 1,1,1878,
99.587,,Surface,6,Image 1,1,1880,
173.442,,Surface,6,Image 1,1,1882,
4324.55,,Surface,6,Image 1,1,1894,
748.313,,Surface,6,Image 1,1,1896,
115.825,,Surface,6,Image 1,1,1898,
54.381,,Surface,6,Image 1,1,1899,
2102.53,,Surface,6,Image 1,1,1901,
260.947,,Surface,6,Image 1,1,1902,
179.293,,Surface,6,Image 1,1,1903,
20128.7,,Surface,6,Image 1,1,1908,
0.493231,,Surface,6,Image 1,1,1909,
1.23565,,Surface,6,Image 1,1,1916,
3774.38,,Surface,6,Image 1,1,1917,
81.873,,Surface,6,Image 1,1,1920,
0.000287228,,Surface,6,Image 1,1,1923,
54699.6,,Surface,6,Image 1,1,1925,
582.601,,Surface,6,Image 1,1,1932,
2728.13,,Surface,6,Image 1,1,1933,
1106.2,,Surface,6,Image 1,1,1934,
0.000161011,,Surface,6,Image 1,1,1936,
1.39595e-09,,Surface,6,Image 1,1,1939,
2972.43,,Surface,6,Image 1,1,1942,
3981.13,,Surface,6,Image 1,1,1944,
1851.88,,Surface,6,Image 1,1,1945,
628.023,,Surface,6,Image 1,1,1948,
13179.3,,Surface,6,Image 1,1,1949,
5827.72,,Surface,6,Image 1,1,1953,
0.45609,,Surface,6,Image 1,1,1956,
6393,,Surface,6,Image 1,1,1957,
68.6466,,Surface,6,Image 1,1,1965,
1128.39,,Surface,6,Image 1,1,1968,
41277.7,,Surface,6,Image 1,1,1971,
6268.09,,Surface,6,Image 1,1,1973,
1.12169e-05,,Surface,6,Image 1,1,1974,
147088,,Surface,6,Image 1,1,1978,
6684.13,,Surface,6,Image 1,1,1980,
228.583,,Surface,6,Image 1,1,1981,
386.937,,Surface,6,Image 1,1,1986,
2.61741e-09,,Surface,6,Image 1,1,1988,
64580.7,,Surface,6,Image 1,1,1989,
144.593,,Surface,6,Image 1,1,1992,
83.4056,,Surface,6,Image 1,1,1999,
107.154,,Surface,6,Image 1,1,2005,
452.77,,Surface,6,Image 1,1,2006,
435.992,,Surface,6,Image 1,1,2007,
10001.1,,Surface,6,Image 1,1,2009,
15685.9,,Surface,6,Image 1,1,2015,
3155.79,,Surface,6,Image 1,1,2016,
80.7207,,Surface,6,Image 1,1,2018,
7799.16,,Surface,6,Image 1,1,2019,
536.076,,Surface,6,Image 1,1,2021,
1491.71,,Surface,6,Image 1,1,2024,
0.967472,,Surface,6,Image 1,1,2026,
8183.9,,Surface,6,Image 1,1,2037,
13680.3,,Surface,6,Image 1,1,2041,
2915.31,,Surface,6,Image 1,1,2042,
132.829,,Surface,6,Image 1,1,2045,
3097.33,,Surface,6,Image 1,1,2055,
15101,,Surface,6,Image 1,1,2061,
13155.1,,Surface,6,Image 1,1,2064,
145.206,,Surface,6,Image 1,1,2066,
230.414,,Surface,6,Image 1,1,2069,
0.140142,,Surface,6,Image 1,1,2071,
997.836,,Surface,6,Image 1,1,2074,
42.9661,,Surface,6,Image 1,1,2078,
340.618,,Surface,6,Image 1,1,2093,
0.740042,,Surface,6,Image 1,1,2098,
3.84969,,Surface,6,Image 1,1,2106,
0.702194,,Surface,6,Image 1,1,2107,
50.3288,,Surface,6,Image 1,1,2109,
0.897014,,Surface,6,Image 1,1,2110,
145964,,Surface,6,Image 1,1,2112,
268.057,,Surface,6,Image 1,1,2113,
397.09,,Surface,6,Image 1,1,2121,
0.00290764,,Surface,6,Image 1,1,2124,
8.94354e-07,,Surface,6,Image 1,1,2128,
0.000594193,,Surface,6,Image 1,1,2130,
1.34426e-09,,Surface,6,Image 1,1,2134,
132.374,,Surface,6,Image 1,1,2137,
7.01354e-09,,Surface,6,Image 1,1,2138,
26.2349,,Surface,6,Image 1,1,2140,
0.0668351,,Surface,6,Image 1,1,2144,
1.91943e-09,,Surface,6,Image 1,1,2146,
1226.28,,Surface,6,Image 1,1,2147,
0.00155118,,Surface,6,Image 1,1,2151,
1.04696e-09,,Surface,6,Image 1,1,2157,
8.64736,,Surface,6,Image 1,1,2162,
0.0101107,,Surface,6,Image 1,1,2164,
635.094,,Surface,6,Image 1,1,2166,
74.5607,,Surface,6,Image 1,1,2170,
392.706,,Surface,6,Image 1,1,2178,
0.00836059,,Surface,6,Image 1,1,2180,
17.3537,,Surface,6,Image 1,1,2190,
1.08973e-05,,Surface,6,Image 1,1,2195,
4.76209e-06,,Surface,6,Image 1,1,2204,
1045.19,,Surface,6,Image 1,1,2205,
1.06792e-05,,Surface,6,Image 1,1,2207,
3.14089e-09,,Surface,6,Image 1,1,2208,
5.36104,,Surface,6,Image 1,1,2219,
80.1225,,Surface,6,Image 1,1,2228,
0.0492933,,Surface,6,Image 1,1,2241,
75.0246,,Surface,6,Image 1,1,2256,
6.29519e-05,,Surface,6,Image 1,1,2259,
2.45073e-05,,Surface,6,Image 1,1,2263,
28.8751,,Surface,6,Image 1,1,2264,
0.326733,,Surface,6,Image 1,1,2265,
0.000745991,,Surface,6,Image 1,1,2276,
1.25418e-09,,Surface,6,Image 1,1,2280,
3.56321e-07,,Surface,6,Image 1,1,2307,
0.614531,,Surface,6,Image 1,1,2310,
0.0941249,,Surface,6,Image 1,1,2336,
1.03475e-07,,Surface,6,Image 1,1,2342,
1.39595e-09,,Surface,6,Image 1,1,2345,
0.0487007,,Surface,6,Image 1,1,2349,
1.03966,,Surface,6,Image 1,1,2357,
1.46544e-05,,Surface,6,Image 1,1,2364,
0.00580345,,Surface,6,Image 1,1,2370,
1.57045e-09,,Surface,6,Image 1,1,2380,
7.73265e-08,,Surface,6,Image 1,1,2392,
0.000465277,,Surface,6,Image 1,1,2394,
0.0148852,,Surface,6,Image 1,1,2395,
3.00462,,Surface,6,Image 1,1,2403,
2.75437,,Surface,6,Image 1,1,2427,
0.203403,,Surface,6,Image 1,1,2437,
1.0862,,Surface,6,Image 1,1,2457,
0.000121997,,Surface,6,Image 1,1,2458,
7.75992e-06,,Surface,6,Image 1,1,2459,
1.54247,,Surface,6,Image 1,1,2478,
181.539,,Surface,6,Image 1,1,2480,
43.2197,,Surface,6,Image 1,1,2483,
0.122158,,Surface,6,Image 1,1,2495,
0.0194661,,Surface,6,Image 1,1,2496,
0.000101367,,Surface,6,Image 1,1,2506,
1.57045e-09,,Surface,6,Image 1,1,2515,
7.11294e-07,,Surface,6,Image 1,1,2520,
0.00235536,,Surface,6,Image 1,1,2524,
2.09393e-09,,Surface,6,Image 1,1,2529,
9.38192e-07,,Surface,6,Image 1,1,2541,
131.437,,Surface,6,Image 1,1,2562,
21.8598,,Surface,6,Image 1,1,2566,
216.972,,Surface,6,Image 1,1,2567,
76.8085,,Surface,6,Image 1,1,2574,
320.831,,Surface,6,Image 1,1,2587,
17.1198,,Surface,6,Image 1,1,2605,
2.10526,,Surface,6,Image 1,1,2611,
0.000744369,,Surface,6,Image 1,1,2612,
23.4199,,Surface,6,Image 1,1,2618,
18.1797,,Surface,6,Image 1,1,2619,
1.71978,,Surface,6,Image 1,1,2627,
6.04849e-05,,Surface,6,Image 1,1,2630,
0.770901,,Surface,6,Image 1,1,2632,
3.14089e-09,,Surface,6,Image 1,1,2637,
0.0156897,,Surface,6,Image 1,1,2640,
3972.05,,Surface,6,Image 1,1,2642,
1.39595e-09,,Surface,6,Image 1,1,2643,
0.00455564,,Surface,6,Image 1,1,2645,
4.69131,,Surface,6,Image 1,1,2651,
2.4242,,Surface,6,Image 1,1,2659,
2156.67,,Surface,6,Image 1,1,2687,
9673.35,,Surface,6,Image 1,1,2689,
9.21724,,Surface,6,Image 1,1,2695,
476.914,,Surface,6,Image 1,1,2705,
20.7399,,Surface,6,Image 1,1,2719,
19.9142,,Surface,6,Image 1,1,2722,
1384.68,,Surface,6,Image 1,1,2726,
0.349476,,Surface,6,Image 1,1,2729,
2507.75,,Surface,6,Image 1,1,2730,
3043.86,,Surface,6,Image 1,1,2734,
8202.26,,Surface,6,Image 1,1,2744,
38678.1,,Surface,6,Image 1,1,2750,
0.0369361,,Surface,6,Image 1,1,2753,
5.01354,,Surface,6,Image 1,1,2762,
33.4522,,Surface,6,Image 1,1,2763,
109.41,,Surface,6,Image 1,1,2764,
7.93617e-08,,Surface,6,Image 1,1,2766,
4732.33,,Surface,6,Image 1,1,2776,
71.9387,,Surface,6,Image 1,1,2777,
7806.66,,Surface,6,Image 1,1,2779,
1.72051,,Surface,6,Image 1,1,2781,
21.3084,,Surface,6,Image 1,1,2782,
6988.94,,Surface,6,Image 1,1,2783,
4374.39,,Surface,6,Image 1,1,2789,
4.18785e-09,,Surface,6,Image 1,1,2796,
276.452,,Surface,6,Image 1,1,2800,
18.0221,,Surface,6,Image 1,1,2804,
3012.19,,Surface,6,Image 1,1,2807,
812.289,,Surface,6,Image 1,1,2812,
287.415,,Surface,6,Image 1,1,2838,
3775.93,,Surface,6,Image 1,1,2841,
35603.3,,Surface,6,Image 1,1,2851,
5760.44,,Surface,6,Image 1,1,2852,
678.371,,Surface,6,Image 1,1,2865,
24236.3,,Surface,6,Image 1,1,2872,
143.186,,Surface,6,Image 1,1,2874,
6.91584,,Surface,6,Image 1,1,2875,
24.44,,Surface,6,Image 1,1,2876,
43.1845,,Surface,6,Image 1,1,2879,
13713.3,,Surface,6,Image 1,1,2889,
6469.42,,Surface,6,Image 1,1,2893,
30334.7,,Surface,6,Image 1,1,2894,
14926.9,,Surface,6,Image 1,1,2897,
7581.63,,Surface,6,Image 1,1,2899,
9861.48,,Surface,6,Image 1,1,2901,
8906.8,,Surface,6,Image 1,1,2902,
1466.91,,Surface,6,Image 1,1,2907,
87.7218,,Surface,6,Image 1,1,2918,
192.912,,Surface,6,Image 1,1,2932,
92.6974,,Surface,6,Image 1,1,2933,
86237.1,,Surface,6,Image 1,1,2935,
13.3882,,Surface,6,Image 1,1,2939,
84775.9,,Surface,6,Image 1,1,2940,
23.9513,,Surface,6,Image 1,1,2941,
35237.5,,Surface,6,Image 1,1,2945,
24182.7,,Surface,6,Image 1,1,2946,
18848.3,,Surface,6,Image 1,1,2951,
6.80526e-09,,Surface,6,Image 1,1,2953,
44.5363,,Surface,6,Image 1,1,2959,
172.039,,Surface,6,Image 1,1,2967,
191.902,,Surface,6,Image 1,1,2969,
17900.2,,Surface,6,Image 1,1,2970,
556.629,,Surface,6,Image 1,1,2971,
30.5262,,Surface,6,Image 1,1,2972,
180.838,,Surface,6,Image 1,1,2973,
6.02254,,Surface,6,Image 1,1,2975,
69109.2,,Surface,6,Image 1,1,2977,
685.905,,Surface,6,Image 1,1,2985,
17.2103,,Surface,6,Image 1,1,2990,
8.72469e-10,,Surface,6,Image 1,1,2993,
4524.3,,Surface,6,Image 1,1,2995,
10316.1,,Surface,6,Image 1,1,2996,
252.179,,Surface,6,Image 1,1,2997,
1368.02,,Surface,6,Image 1,1,3010,
4.18785e-09,,Surface,6,Image 1,1,3011,
283899,,Surface,6,Image 1,1,3014,
411.735,,Surface,6,Image 1,1,3030,
1984.44,,Surface,6,Image 1,1,3035,
6209.65,,Surface,6,Image 1,1,3037,
6095.96,,Surface,6,Image 1,1,3038,
171.131,,Surface,6,Image 1,1,3041,
2176.65,,Surface,6,Image 1,1,3051,
3268.33,,Surface,6,Image 1,1,3052,
0.102494,,Surface,6,Image 1,1,3058,
21.0961,,Surface,6,Image 1,1,3065,
199.089,,Surface,6,Image 1,1,3077,
4.71134e-09,,Surface,6,Image 1,1,3078,
114.756,,Surface,6,Image 1,1,3086,
43.3823,,Surface,6,Image 1,1,3090,
1992.27,,Surface,6,Image 1,1,3105,
15259.2,,Surface,6,Image 1,1,3107,
76.1779,,Surface,6,Image 1,1,3117,
84.7631,,Surface,6,Image 1,1,3123,
13394.8,,Surface,6,Image 1,1,3131,
9358.91,,Surface,6,Image 1,1,3135,
2013.82,,Surface,6,Image 1,1,3137,
2.52991e-08,,Surface,6,Image 1,1,3141,
1.30836,,Surface,6,Image 1,1,3143,
764.096,,Surface,6,Image 1,1,3159,
532.403,,Surface,6,Image 1,1,3162,
2649.15,,Surface,6,Image 1,1,3163,
37.4104,,Surface,6,Image 1,1,3171,
40.424,,Surface,6,Image 1,1,3173,
4839.73,,Surface,6,Image 1,1,3194,
250.915,,Surface,6,Image 1,1,3203,
9509.1,,Surface,6,Image 1,1,3210,
17241.9,,Surface,6,Image 1,1,3226,
5320.12,,Surface,6,Image 1,1,3239,
2507.49,,Surface,6,Image 1,1,3249,
20136.2,,Surface,6,Image 1,1,3250,
387.463,,Surface,6,Image 1,1,3253,
624.094,,Surface,6,Image 1,1,3264,
36603.2,,Surface,6,Image 1,1,3272,
63.2437,,Surface,6,Image 1,1,3275,
59947.9,,Surface,6,Image 1,1,3283,
343.772,,Surface,6,Image 1,1,3284,
14041.6,,Surface,6,Image 1,1,3288,
8849.26,,Surface,6,Image 1,1,3293,
1.85857e-05,,Surface,6,Image 1,1,3305,
404.529,,Surface,6,Image 1,1,3306,
216.327,,Surface,6,Image 1,1,3318,
1007.48,,Surface,6,Image 1,1,3329,
14646,,Surface,6,Image 1,1,3339,
105.356,,Surface,6,Image 1,1,3341,
193.567,,Surface,6,Image 1,1,3343,
10009.1,,Surface,6,Image 1,1,3347,
1.12203e-07,,Surface,6,Image 1,1,3352,
6271.05,,Surface,6,Image 1,1,3356,
537.496,,Surface,6,Image 1,1,3358,
150.786,,Surface,6,Image 1,1,3365,
3134.71,,Surface,6,Image 1,1,3367,
1.13125e-05,,Surface,6,Image 1,1,3369,
16447.3,,Surface,6,Image 1,1,3373,
13135.7,,Surface,6,Image 1,1,3387,
2344.56,,Surface,6,Image 1,1,3397,
706.595,,Surface,6,Image 1,1,3401,
3528.59,,Surface,6,Image 1,1,3406,
6003.66,,Surface,6,Image 1,1,3416,
7369.11,,Surface,6,Image 1,1,3417,
0.00241566,,Surface,6,Image 1,1,3420,
190.989,,Surface,6,Image 1,1,3421,
84.3428,,Surface,6,Image 1,1,3424,
119.413,,Surface,6,Image 1,1,3426,
2862.77,,Surface,6,Image 1,1,3432,
3.3866e-07,,Surface,6,Image 1,1,3443,
13.7315,,Surface,6,Image 1,1,3447,
246.107,,Surface,6,Image 1,1,3449,
29039.4,,Surface,6,Image 1,1,3453,
4453.51,,Surface,6,Image 1,1,3456,
184.721,,Surface,6,Image 1,1,3470,
2534.6,,Surface,6,Image 1,1,3473,
8013.42,,Surface,6,Image 1,1,3474,
231.706,,Surface,6,Image 1,1,3477,
319.303,,Surface,6,Image 1,1,3481,
200.492,,Surface,6,Image 1,1,3502,
1170.54,,Surface,6,Image 1,1,3506,
1586.83,,Surface,6,Image 1,1,3512,
2014.78,,Surface,6,Image 1,1,3518,
4265.92,,Surface,6,Image 1,1,3521,
0.420955,,Surface,6,Image 1,1,3526,
2657.38,,Surface,6,Image 1,1,3528,
4800.22,,Surface,6,Image 1,1,3536,
46.0824,,Surface,6,Image 1,1,3553,
73388.3,,Surface,6,Image 1,1,3556,
625.131,,Surface,6,Image 1,1,3557,
159.475,,Surface,6,Image 1,1,3563,
202.275,,Surface,6,Image 1,1,3569,
1827.79,,Surface,6,Image 1,1,3571,
128447,,Surface,6,Image 1,1,3572,
1.47521,,Surface,6,Image 1,1,3574,
1610.59,,Surface,6,Image 1,1,3583,
1015.38,,Surface,6,Image 1,1,3591,
3.83887e-09,,Surface,6,Image 1,1,3593,
1.29344e-08,,Surface,6,Image 1,1,3600,
0.653641,,Surface,6,Image 1,1,3604,
114.198,,Surface,6,Image 1,1,3638,
706.079,,Surface,6,Image 1,1,3640,
125.159,,Surface,6,Image 1,1,3641,
610.641,,Surface,6,Image 1,1,3643,
1849.95,,Surface,6,Image 1,1,3651,
498.451,,Surface,6,Image 1,1,3659,
1.22146e-09,,Surface,6,Image 1,1,3661,
594.359,,Surface,6,Image 1,1,3668,
1.4115,,Surface,6,Image 1,1,3671,
0.00826436,,Surface,6,Image 1,1,3676,
1102.48,,Surface,6,Image 1,1,3680,
1777.07,,Surface,6,Image 1,1,3683,
746.924,,Surface,6,Image 1,1,3685,
370.815,,Surface,6,Image 1,1,3690,
730.392,,Surface,6,Image 1,1,3697,
551.31,,Surface,6,Image 1,1,3700,
475.594,,Surface,6,Image 1,1,3704,
3492.92,,Surface,6,Image 1,1,3712,
244.548,,Surface,6,Image 1,1,3715,
3816.17,,Surface,6,Image 1,1,3720,
721.782,,Surface,6,Image 1,1,3727,
0.377181,,Surface,6,Image 1,1,3728,
53.0035,,Surface,6,Image 1,1,3743,
2.9664e-09,,Surface,6,Image 1,1,3748,
0.038413,,Surface,6,Image 1,1,3768,
0.079354,,Surface,6,Image 1,1,3773,
116.287,,Surface,6,Image 1,1,3792,
312.637,,Surface,6,Image 1,1,3809,
218.76,,Surface,6,Image 1,1,3810,
260.64,,Surface,6,Image 1,1,3812,
481.256,,Surface,6,Image 1,1,3813,
118.64,,Surface,6,Image 1,1,3826,
60.5755,,Surface,6,Image 1,1,3849,
39.0146,,Surface,6,Image 1,1,3870,
427.664,,Surface,6,Image 1,1,3879,
3950.22,,Surface,6,Image 1,1,3885,
6.45627e-09,,Surface,6,Image 1,1,3896,
440.884,,Surface,6,Image 1,1,3899,
0.0040615,,Surface,6,Image 1,1,3924,
54.0113,,Surface,6,Image 1,1,4007,
1506.47,,Surface,6,Image 1,1,4043,
48.1333,,Surface,6,Image 1,1,4051,
11.3874,,Surface,6,Image 1,1,4052,
1.75347,,Surface,6,Image 1,1,4058,
9.56647e-05,,Surface,6,Image 1,1,4076,
201.361,,Surface,6,Image 1,1,4092,
59.9104,,Surface,6,Image 1,1,4096,
5.08229,,Surface,6,Image 1,1,4136,
659.63,,Surface,6,Image 1,1,4163,
299.514,,Surface,6,Image 1,1,4177,
1054.56,,Surface,6,Image 1,1,4186,
0.880465,,Surface,6,Image 1,1,4194,
1.85072e-08,,Surface,6,Image 1,1,4201,
232.672,,Surface,6,Image 1,1,4221,
0.00166168,,Surface,6,Image 1,1,4230,
0.947092,,Surface,6,Image 1,1,4232,
1329.86,,Surface,6,Image 1,1,4246,
410.819,,Surface,6,Image 1,1,4252,
553.954,,Surface,6,Image 1,1,4261,
1.74494e-09,,Surface,6,Image 1,1,4276,
432.357,,Surface,6,Image 1,1,4280,
7.34784,,Surface,6,Image 1,1,4287,
0.0661666,,Surface,6,Image 1,1,4295,
4.84201e-09,,Surface,6,Image 1,1,4302,
0.000115882,,Surface,6,Image 1,1,4306,
790.922,,Surface,6,Image 1,1,4317,
1085.56,,Surface,6,Image 1,1,4398,
3.14089e-09,,Surface,6,Image 1,1,4403,
0.00994537,,Surface,6,Image 1,1,4408,
303.94,,Surface,6,Image 1,1,4424,
206.127,,Surface,6,Image 1,1,4431,
1.74494e-09,,Surface,6,Image 1,1,4436,
1.91943e-09,,Surface,6,Image 1,1,4439,
204.283,,Surface,6,Image 1,1,4442,
8.72469e-10,,Surface,6,Image 1,1,4445,
203.565,,Surface,6,Image 1,1,4451,
0.000600428,,Surface,6,Image 1,1,4452,
424.953,,Surface,6,Image 1,1,4467,
1.39595e-09,,Surface,6,Image 1,1,4473,
0.107109,,Surface,6,Image 1,1,4474,
2.61741e-09,,Surface,6,Image 1,1,4494,
168.665,,Surface,6,Image 1,1,4501,
557.941,,Surface,6,Image 1,1,4515,
1.87034,,Surface,6,Image 1,1,4516,
3.64728e-08,,Surface,6,Image 1,1,4521,
14.2828,,Surface,6,Image 1,1,4536,
974.268,,Surface,6,Image 1,1,4540,
0.192075,,Surface,6,Image 1,1,4547,
11.4307,,Surface,6,Image 1,1,4551,
1099.57,,Surface,6,Image 1,1,4557,
0.273899,,Surface,6,Image 1,1,4569,
0.968086,,Surface,6,Image 1,1,4575,
2.26842e-09,,Surface,6,Image 1,1,4583,
5.7583e-09,,Surface,6,Image 1,1,4586,
244.095,,Surface,6,Image 1,1,4591,
3.69444,,Surface,6,Image 1,1,4595,
931.248,,Surface,6,Image 1,1,4597,
253.773,,Surface,6,Image 1,1,4606,
195.809,,Surface,6,Image 1,1,4614,
342.05,,Surface,6,Image 1,1,4615,
5.17135,,Surface,6,Image 1,1,4626,
707.358,,Surface,6,Image 1,1,4630,
0.00258616,,Surface,6,Image 1,1,4635,
0.0837901,,Surface,6,Image 1,1,4642,
0.00415156,,Surface,6,Image 1,1,4643,
39.9829,,Surface,6,Image 1,1,4648,
286.424,,Surface,6,Image 1,1,4650,
1.04696e-09,,Surface,6,Image 1,1,4653,
22.1569,,Surface,6,Image 1,1,4660,
177.174,,Surface,6,Image 1,1,4683,
0.00242969,,Surface,6,Image 1,1,4695,
350.49,,Surface,6,Image 1,1,4703,
1.14855e-05,,Surface,6,Image 1,1,4721,
22.7045,,Surface,6,Image 1,1,4724,
3.48701e-09,,Surface,6,Image 1,1,4729,
44.6396,,Surface,6,Image 1,1,4745,
0.0230579,,Surface,6,Image 1,1,4750,
452.071,,Surface,6,Image 1,1,4776,
704.039,,Surface,6,Image 1,1,4785,
1.91943e-09,,Surface,6,Image 1,1,4790,
287.033,,Surface,6,Image 1,1,4800,
0.00043479,,Surface,6,Image 1,1,4808,
159.174,,Surface,6,Image 1,1,4811,
2.24483e-07,,Surface,6,Image 1,1,4819,
0.00234898,,Surface,6,Image 1,1,4822,
91.8071,,Surface,6,Image 1,1,4826,
0.00286055,,Surface,6,Image 1,1,4847,
277.351,,Surface,6,Image 1,1,4852,
1145.31,,Surface,6,Image 1,1,4937,
9.63836e-09,,Surface,6,Image 1,1,4940,
355.153,,Surface,6,Image 1,1,4987,
5.77954,,Surface,6,Image 1,1,5004,
1963.77,,Surface,6,Image 1,1,5023,
1.14727,,Surface,6,Image 1,1,5040,
5.95152,,Surface,6,Image 1,1,5044,
36.8747,,Surface,6,Image 1,1,5068,
0.000598753,,Surface,6,Image 1,1,5076,
12.1242,,Surface,6,Image 1,1,5084,
1.57045e-09,,Surface,6,Image 1,1,5086,
4.70865,,Surface,6,Image 1,1,5126,
1.11455,,Surface,6,Image 1,1,5148,
3.1353,,Surface,6,Image 1,1,5152,
1.04696e-09,,Surface,6,Image 1,1,5165,
2.76936,,Surface,6,Image 1,1,5167,
0.0825781,,Surface,6,Image 1,1,5179,
19.8937,,Surface,6,Image 1,1,5181,
507.845,,Surface,6,Image 1,1,5184,
42.8412,,Surface,6,Image 1,1,5187,
11.374,,Surface,6,Image 1,1,5212,
6.52922,,Surface,6,Image 1,1,5217,
6.38844e-08,,Surface,6,Image 1,1,5247,
4.97598,,Surface,6,Image 1,1,5249,
86.4813,,Surface,6,Image 1,1,5252,
2268.6,,Surface,6,Image 1,1,5258,
1884.46,,Surface,6,Image 1,1,5273,
0.0250862,,Surface,6,Image 1,1,5276,
136.106,,Surface,6,Image 1,1,5286,
466.948,,Surface,6,Image 1,1,5297,
1.26279e-07,,Surface,6,Image 1,1,5307,
115.74,,Surface,6,Image 1,1,5325,
1.04696e-09,,Surface,6,Image 1,1,5340,
1.04696e-09,,Surface,6,Image 1,1,5342,
0.231239,,Surface,6,Image 1,1,5351,
1.52731e-07,,Surface,6,Image 1,1,5363,
0.0592334,,Surface,6,Image 1,1,5380,
4.51826,,Surface,6,Image 1,1,5384,
4.31412e-09,,Surface,6,Image 1,1,5389,
284.695,,Surface,6,Image 1,1,5392,
1.49369,,Surface,6,Image 1,1,5402,
282.728,,Surface,6,Image 1,1,5409,
1.22146e-09,,Surface,6,Image 1,1,5437,
4.88583e-09,,Surface,6,Image 1,1,5458,
683.572,,Surface,6,Image 1,1,5460,
1.39595e-09,,Surface,6,Image 1,1,5471,
361.237,,Surface,6,Image 1,1,5495,
51.788,,Surface,6,Image 1,1,5501,
0.00748806,,Surface,6,Image 1,1,5528,
4.71789,,Surface,6,Image 1,1,5535,
15.3788,,Surface,6,Image 1,1,5542,
13.7414,,Surface,6,Image 1,1,5547,
1.3087e-08,,Surface,6,Image 1,1,5581,
2362.14,,Surface,6,Image 1,1,5625,
1.91943e-09,,Surface,6,Image 1,1,5655,
108.235,,Surface,6,Image 1,1,5656,
4.20335,,Surface,6,Image 1,1,5679,
2242.19,,Surface,6,Image 1,1,5691,
1.04696e-09,,Surface,6,Image 1,1,5692,
7.1078e-08,,Surface,6,Image 1,1,5696,
636.034,,Surface,6,Image 1,1,5698,
0.098865,,Surface,6,Image 1,1,5704,
1230.79,,Surface,6,Image 1,1,5712,
536.388,,Surface,6,Image 1,1,5766,
5.23482e-09,,Surface,6,Image 1,1,5796,
2.26842e-09,,Surface,6,Image 1,1,5802,
1468.65,,Surface,6,Image 1,1,5822,
2099.84,,Surface,6,Image 1,1,5827,
0.291158,,Surface,6,Image 1,1,5853,
763.809,,Surface,6,Image 1,1,5854,
1513.96,,Surface,6,Image 1,1,5900,
4.19217e-05,,Surface,6,Image 1,1,5907,
200.265,,Surface,6,Image 1,1,5911,
2521.11,,Surface,6,Image 1,1,5924,
1.37894e-08,,Surface,6,Image 1,1,5938,
0.0219714,,Surface,6,Image 1,1,5957,
1.73496e-09,,Surface,6,Image 1,1,5964,
242.071,,Surface,6,Image 1,1,5965,
0.00176483,,Surface,6,Image 1,1,5972,
372.486,,Surface,6,Image 1,1,5983,
70.4216,,Surface,6,Image 1,1,5991,
153.053,,Surface,6,Image 1,1,5998,
706.302,,Surface,6,Image 1,1,6019,
148.892,,Surface,6,Image 1,1,6022,
454.468,,Surface,6,Image 1,1,6045,
337.742,,Surface,6,Image 1,1,6046,
1.38076,,Surface,6,Image 1,1,6058,
1035.44,,Surface,6,Image 1,1,6065,
392.386,,Surface,6,Image 1,1,6070,
629.382,,Surface,6,Image 1,1,6073,
234.24,,Surface,6,Image 1,1,6081,
95.254,,Surface,6,Image 1,1,6082,
6.45126,,Surface,6,Image 1,1,6115,
70.3279,,Surface,6,Image 1,1,6132,
219.517,,Surface,6,Image 1,1,6133,
3555.48,,Surface,6,Image 1,1,6138,
419.802,,Surface,6,Image 1,1,6142,
1.38079,,Surface,6,Image 1,1,6146,
86.9443,,Surface,6,Image 1,1,6160,
656.13,,Surface,6,Image 1,1,6184,
1186.2,,Surface,6,Image 1,1,6196,
1.74494e-09,,Surface,6,Image 1,1,6207,
0.0304401,,Surface,6,Image 1,1,6211,
612.479,,Surface,6,Image 1,1,6238,
2017.88,,Surface,6,Image 1,1,6244,
9.88736,,Surface,6,Image 1,1,6248,
2.44291e-09,,Surface,6,Image 1,1,6249,
129.349,,Surface,6,Image 1,1,6251,
709.682,,Surface,6,Image 1,1,6256,
1087.24,,Surface,6,Image 1,1,6257,
0.00667701,,Surface,6,Image 1,1,6270,
413.472,,Surface,6,Image 1,1,6286,
2.7919e-09,,Surface,6,Image 1,1,6298,
1.22146e-09,,Surface,6,Image 1,1,6299,
200.675,,Surface,6,Image 1,1,6300,
2.2597e-05,,Surface,6,Image 1,1,6313,
0.00949086,,Surface,6,Image 1,1,6319,
8.94578,,Surface,6,Image 1,1,6324,
1.91943e-09,,Surface,6,Image 1,1,6338,
3.8369e-05,,Surface,6,Image 1,1,6341,
475.766,,Surface,6,Image 1,1,6352,
420.321,,Surface,6,Image 1,1,6355,
226.88,,Surface,6,Image 1,1,6361,
175.616,,Surface,6,Image 1,1,6362,
1585.48,,Surface,6,Image 1,1,6370,
1421.74,,Surface,6,Image 1,1,6398,
896.229,,Surface,6,Image 1,1,6412,
9.50973e-09,,Surface,6,Image 1,1,6436,
0.0154123,,Surface,6,Image 1,1,6447,
128.367,,Surface,6,Image 1,1,6462,
112.236,,Surface,6,Image 1,1,6483,
3.31538e-09,,Surface,6,Image 1,1,6511,
7.4119e-05,,Surface,6,Image 1,1,6529,
0.0873063,,Surface,6,Image 1,1,6535,
3.20022e-05,,Surface,6,Image 1,1,6627,
2.7919e-09,,Surface,6,Image 1,1,6639,
1.57045e-09,,Surface,6,Image 1,1,6728,
