
Overlapped Volume to Surfaces Surfaces=N2
 ==================== 
Overlapped Volume to Surfaces,Unit,Category,Surfaces,Time,ID,
0,µm^3,Surface,N2,1,0,
0,µm^3,Surface,N2,1,1,
0,µm^3,Surface,N2,1,2,
0,µm^3,Surface,N2,1,5,
0,µm^3,Surface,N2,1,6,
0,µm^3,Surface,N2,1,7,
0,µm^3,Surface,N2,1,8,
0,µm^3,Surface,N2,1,9,
0,µm^3,Surface,N2,1,10,
0,µm^3,Surface,N2,1,11,
0,µm^3,Surface,N2,1,12,
0,µm^3,Surface,N2,1,13,
0,µm^3,Surface,N2,1,14,
0,µm^3,Surface,N2,1,15,
0,µm^3,Surface,N2,1,16,
0,µm^3,Surface,N2,1,17,
0,µm^3,Surface,N2,1,18,
0,µm^3,Surface,N2,1,19,
0,µm^3,Surface,N2,1,20,
0,µm^3,Surface,N2,1,21,
0,µm^3,Surface,N2,1,22,
0,µm^3,Surface,N2,1,44,
0,µm^3,Surface,N2,1,47,
0,µm^3,Surface,N2,1,50,
0,µm^3,Surface,N2,1,53,
0,µm^3,Surface,N2,1,68,
0,µm^3,Surface,N2,1,71,
0,µm^3,Surface,N2,1,76,
0,µm^3,Surface,N2,1,77,
0,µm^3,Surface,N2,1,82,
0,µm^3,Surface,N2,1,83,
0,µm^3,Surface,N2,1,86,
0,µm^3,Surface,N2,1,88,
0,µm^3,Surface,N2,1,90,
0,µm^3,Surface,N2,1,94,
0,µm^3,Surface,N2,1,96,
0,µm^3,Surface,N2,1,100,
0,µm^3,Surface,N2,1,107,
0,µm^3,Surface,N2,1,108,
0,µm^3,Surface,N2,1,110,
0,µm^3,Surface,N2,1,112,
0,µm^3,Surface,N2,1,114,
0,µm^3,Surface,N2,1,119,
0,µm^3,Surface,N2,1,123,
0,µm^3,Surface,N2,1,124,
0,µm^3,Surface,N2,1,126,
0,µm^3,Surface,N2,1,127,
0,µm^3,Surface,N2,1,138,
0,µm^3,Surface,N2,1,139,
0,µm^3,Surface,N2,1,140,
0,µm^3,Surface,N2,1,142,
0,µm^3,Surface,N2,1,144,
0,µm^3,Surface,N2,1,148,
0,µm^3,Surface,N2,1,149,
0,µm^3,Surface,N2,1,151,
0,µm^3,Surface,N2,1,154,
0,µm^3,Surface,N2,1,160,
0,µm^3,Surface,N2,1,163,
0,µm^3,Surface,N2,1,164,
0,µm^3,Surface,N2,1,168,
0,µm^3,Surface,N2,1,169,
0,µm^3,Surface,N2,1,171,
0,µm^3,Surface,N2,1,172,
0,µm^3,Surface,N2,1,175,
0,µm^3,Surface,N2,1,178,
0,µm^3,Surface,N2,1,180,
0,µm^3,Surface,N2,1,184,
0,µm^3,Surface,N2,1,187,
0,µm^3,Surface,N2,1,188,
0,µm^3,Surface,N2,1,193,
0,µm^3,Surface,N2,1,202,
0,µm^3,Surface,N2,1,204,
0,µm^3,Surface,N2,1,210,
0,µm^3,Surface,N2,1,212,
0,µm^3,Surface,N2,1,220,
0,µm^3,Surface,N2,1,230,
0,µm^3,Surface,N2,1,232,
0,µm^3,Surface,N2,1,238,
0,µm^3,Surface,N2,1,240,
0,µm^3,Surface,N2,1,254,
0,µm^3,Surface,N2,1,264,
0,µm^3,Surface,N2,1,269,
0,µm^3,Surface,N2,1,283,
0,µm^3,Surface,N2,1,297,
0,µm^3,Surface,N2,1,299,
0,µm^3,Surface,N2,1,301,
0,µm^3,Surface,N2,1,303,
0,µm^3,Surface,N2,1,335,
0,µm^3,Surface,N2,1,337,
0,µm^3,Surface,N2,1,358,
0,µm^3,Surface,N2,1,397,
0,µm^3,Surface,N2,1,401,
0,µm^3,Surface,N2,1,406,
0,µm^3,Surface,N2,1,411,
0,µm^3,Surface,N2,1,415,
0,µm^3,Surface,N2,1,417,
0,µm^3,Surface,N2,1,442,
0,µm^3,Surface,N2,1,445,
0,µm^3,Surface,N2,1,455,
0,µm^3,Surface,N2,1,463,
0,µm^3,Surface,N2,1,470,
0,µm^3,Surface,N2,1,488,
0,µm^3,Surface,N2,1,492,
0,µm^3,Surface,N2,1,528,
0,µm^3,Surface,N2,1,551,
0,µm^3,Surface,N2,1,567,
0,µm^3,Surface,N2,1,574,
0,µm^3,Surface,N2,1,580,
0,µm^3,Surface,N2,1,610,
0,µm^3,Surface,N2,1,613,
0,µm^3,Surface,N2,1,629,
0,µm^3,Surface,N2,1,631,
0,µm^3,Surface,N2,1,648,
0,µm^3,Surface,N2,1,653,
0,µm^3,Surface,N2,1,656,
0,µm^3,Surface,N2,1,671,
0,µm^3,Surface,N2,1,695,
0,µm^3,Surface,N2,1,697,
0,µm^3,Surface,N2,1,700,
0,µm^3,Surface,N2,1,701,
0,µm^3,Surface,N2,1,711,
0,µm^3,Surface,N2,1,718,
0,µm^3,Surface,N2,1,726,
0,µm^3,Surface,N2,1,727,
0.000277889,µm^3,Surface,N2,1,747,
0.0068291,µm^3,Surface,N2,1,749,
0,µm^3,Surface,N2,1,755,
0,µm^3,Surface,N2,1,757,
0,µm^3,Surface,N2,1,762,
0,µm^3,Surface,N2,1,764,
0,µm^3,Surface,N2,1,788,
0,µm^3,Surface,N2,1,790,
0.00127829,µm^3,Surface,N2,1,796,
0.0263301,µm^3,Surface,N2,1,797,
0,µm^3,Surface,N2,1,798,
0.00658595,µm^3,Surface,N2,1,813,
0,µm^3,Surface,N2,1,818,
0.00828105,µm^3,Surface,N2,1,821,
0.0586631,µm^3,Surface,N2,1,824,
0.0856046,µm^3,Surface,N2,1,825,
0.00213279,µm^3,Surface,N2,1,834,
0.0402453,µm^3,Surface,N2,1,836,
0.0578155,µm^3,Surface,N2,1,837,
0,µm^3,Surface,N2,1,839,
0.0016326,µm^3,Surface,N2,1,847,
0,µm^3,Surface,N2,1,858,
0,µm^3,Surface,N2,1,875,
0,µm^3,Surface,N2,1,876,
0.0024732,µm^3,Surface,N2,1,886,
0.0344653,µm^3,Surface,N2,1,889,
0.044643,µm^3,Surface,N2,1,891,
0,µm^3,Surface,N2,1,894,
0,µm^3,Surface,N2,1,897,
0,µm^3,Surface,N2,1,904,
0,µm^3,Surface,N2,1,905,
0.0691258,µm^3,Surface,N2,1,906,
0,µm^3,Surface,N2,1,912,
0.044838,µm^3,Surface,N2,1,924,
0,µm^3,Surface,N2,1,925,
0,µm^3,Surface,N2,1,926,
0.0025149,µm^3,Surface,N2,1,930,
0.0348332,µm^3,Surface,N2,1,933,
0.0734119,µm^3,Surface,N2,1,939,
0,µm^3,Surface,N2,1,940,
0.0513131,µm^3,Surface,N2,1,943,
0,µm^3,Surface,N2,1,944,
0,µm^3,Surface,N2,1,946,
0,µm^3,Surface,N2,1,950,
0.00722509,µm^3,Surface,N2,1,953,
0,µm^3,Surface,N2,1,956,
0,µm^3,Surface,N2,1,960,
0.00127828,µm^3,Surface,N2,1,968,
0.0651445,µm^3,Surface,N2,1,980,
0,µm^3,Surface,N2,1,984,
0,µm^3,Surface,N2,1,986,
0,µm^3,Surface,N2,1,990,
0,µm^3,Surface,N2,1,992,
0,µm^3,Surface,N2,1,993,
0.00617616,µm^3,Surface,N2,1,995,
0,µm^3,Surface,N2,1,996,
0.0408011,µm^3,Surface,N2,1,998,
0,µm^3,Surface,N2,1,1004,
0,µm^3,Surface,N2,1,1005,
0.0522642,µm^3,Surface,N2,1,1008,
0,µm^3,Surface,N2,1,1014,
0,µm^3,Surface,N2,1,1017,
0.00797542,µm^3,Surface,N2,1,1019,
0,µm^3,Surface,N2,1,1024,
0,µm^3,Surface,N2,1,1025,
0,µm^3,Surface,N2,1,1031,
0.00157007,µm^3,Surface,N2,1,1041,
0,µm^3,Surface,N2,1,1047,
0,µm^3,Surface,N2,1,1057,
0,µm^3,Surface,N2,1,1061,
0,µm^3,Surface,N2,1,1062,
0.0699171,µm^3,Surface,N2,1,1063,
0,µm^3,Surface,N2,1,1070,
0,µm^3,Surface,N2,1,1072,
0,µm^3,Surface,N2,1,1074,
0,µm^3,Surface,N2,1,1078,
0,µm^3,Surface,N2,1,1079,
0,µm^3,Surface,N2,1,1080,
0,µm^3,Surface,N2,1,1083,
0,µm^3,Surface,N2,1,1087,
0.110365,µm^3,Surface,N2,1,1088,
0,µm^3,Surface,N2,1,1090,
0.0887526,µm^3,Surface,N2,1,1091,
0,µm^3,Surface,N2,1,1093,
0,µm^3,Surface,N2,1,1094,
0,µm^3,Surface,N2,1,1095,
0,µm^3,Surface,N2,1,1096,
0,µm^3,Surface,N2,1,1099,
0,µm^3,Surface,N2,1,1109,
0,µm^3,Surface,N2,1,1113,
0,µm^3,Surface,N2,1,1116,
0,µm^3,Surface,N2,1,1122,
0,µm^3,Surface,N2,1,1124,
0,µm^3,Surface,N2,1,1127,
0,µm^3,Surface,N2,1,1128,
0,µm^3,Surface,N2,1,1130,
0,µm^3,Surface,N2,1,1133,
0,µm^3,Surface,N2,1,1136,
0,µm^3,Surface,N2,1,1137,
0,µm^3,Surface,N2,1,1138,
0,µm^3,Surface,N2,1,1141,
0,µm^3,Surface,N2,1,1143,
0,µm^3,Surface,N2,1,1145,
0,µm^3,Surface,N2,1,1147,
0,µm^3,Surface,N2,1,1154,
0,µm^3,Surface,N2,1,1157,
0,µm^3,Surface,N2,1,1159,
0,µm^3,Surface,N2,1,1161,
0,µm^3,Surface,N2,1,1164,
0,µm^3,Surface,N2,1,1165,
0,µm^3,Surface,N2,1,1174,
0,µm^3,Surface,N2,1,1181,
0,µm^3,Surface,N2,1,1182,
0,µm^3,Surface,N2,1,1183,
0,µm^3,Surface,N2,1,1184,
0,µm^3,Surface,N2,1,1186,
0,µm^3,Surface,N2,1,1187,
0,µm^3,Surface,N2,1,1188,
0,µm^3,Surface,N2,1,1189,
0,µm^3,Surface,N2,1,1193,
0,µm^3,Surface,N2,1,1194,
0.146413,µm^3,Surface,N2,1,1195,
0.0127134,µm^3,Surface,N2,1,1196,
0,µm^3,Surface,N2,1,1197,
0,µm^3,Surface,N2,1,1199,
0.0406898,µm^3,Surface,N2,1,1200,
0.0159161,µm^3,Surface,N2,1,1201,
0,µm^3,Surface,N2,1,1202,
0,µm^3,Surface,N2,1,1203,
0.013547,µm^3,Surface,N2,1,1204,
0,µm^3,Surface,N2,1,1205,
0,µm^3,Surface,N2,1,1207,
0,µm^3,Surface,N2,1,1208,
1.38944e-05,µm^3,Surface,N2,1,1209,
0,µm^3,Surface,N2,1,1210,
0,µm^3,Surface,N2,1,1211,
0.00220227,µm^3,Surface,N2,1,1212,
0,µm^3,Surface,N2,1,1214,
0,µm^3,Surface,N2,1,1215,
0,µm^3,Surface,N2,1,1216,
0.110908,µm^3,Surface,N2,1,1217,
0.000257046,µm^3,Surface,N2,1,1218,
0,µm^3,Surface,N2,1,1219,
0,µm^3,Surface,N2,1,1220,
0,µm^3,Surface,N2,1,1221,
0,µm^3,Surface,N2,1,1222,
0,µm^3,Surface,N2,1,1223,
0,µm^3,Surface,N2,1,1224,
0,µm^3,Surface,N2,1,1226,
0,µm^3,Surface,N2,1,1230,
0,µm^3,Surface,N2,1,1231,
0,µm^3,Surface,N2,1,1233,
0,µm^3,Surface,N2,1,1234,
0,µm^3,Surface,N2,1,1236,
0,µm^3,Surface,N2,1,1237,
0,µm^3,Surface,N2,1,1239,
0,µm^3,Surface,N2,1,1240,
0,µm^3,Surface,N2,1,1241,
0,µm^3,Surface,N2,1,1242,
0,µm^3,Surface,N2,1,1244,
0,µm^3,Surface,N2,1,1247,
0,µm^3,Surface,N2,1,1248,
0.00462683,µm^3,Surface,N2,1,1249,
0,µm^3,Surface,N2,1,1250,
0,µm^3,Surface,N2,1,1251,
0,µm^3,Surface,N2,1,1255,
0,µm^3,Surface,N2,1,1257,
0,µm^3,Surface,N2,1,1260,
0,µm^3,Surface,N2,1,1261,
0,µm^3,Surface,N2,1,1262,
0.00557861,µm^3,Surface,N2,1,1265,
0,µm^3,Surface,N2,1,1266,
0,µm^3,Surface,N2,1,1267,
0,µm^3,Surface,N2,1,1268,
0,µm^3,Surface,N2,1,1269,
0,µm^3,Surface,N2,1,1270,
0,µm^3,Surface,N2,1,1271,
0,µm^3,Surface,N2,1,1272,
0,µm^3,Surface,N2,1,1273,
0,µm^3,Surface,N2,1,1275,
0,µm^3,Surface,N2,1,1276,
0,µm^3,Surface,N2,1,1277,
0,µm^3,Surface,N2,1,1278,
0,µm^3,Surface,N2,1,1279,
0,µm^3,Surface,N2,1,1280,
0.00571063,µm^3,Surface,N2,1,1281,
0.0288588,µm^3,Surface,N2,1,1282,
0.0463242,µm^3,Surface,N2,1,1283,
0,µm^3,Surface,N2,1,1284,
0,µm^3,Surface,N2,1,1285,
0.0167288,µm^3,Surface,N2,1,1286,
0.0387451,µm^3,Surface,N2,1,1287,
0.00521039,µm^3,Surface,N2,1,1288,
0.0337149,µm^3,Surface,N2,1,1289,
0.193626,µm^3,Surface,N2,1,1290,
0.00127829,µm^3,Surface,N2,1,1291,
0,µm^3,Surface,N2,1,1292,
0.315125,µm^3,Surface,N2,1,1293,
0,µm^3,Surface,N2,1,1294,
0.152922,µm^3,Surface,N2,1,1295,
0,µm^3,Surface,N2,1,1296,
0.234483,µm^3,Surface,N2,1,1297,
0.0750227,µm^3,Surface,N2,1,1298,
0.0816855,µm^3,Surface,N2,1,1299,
0,µm^3,Surface,N2,1,1300,
0.102638,µm^3,Surface,N2,1,1301,
0.0605589,µm^3,Surface,N2,1,1303,
0,µm^3,Surface,N2,1,1304,
0.0252323,µm^3,Surface,N2,1,1305,
2.08416e-05,µm^3,Surface,N2,1,1306,
0,µm^3,Surface,N2,1,1307,
0,µm^3,Surface,N2,1,1308,
0.092238,µm^3,Surface,N2,1,1309,
0.0643039,µm^3,Surface,N2,1,1311,
0.00683603,µm^3,Surface,N2,1,1312,
0,µm^3,Surface,N2,1,1313,
0.04201,µm^3,Surface,N2,1,1314,
0,µm^3,Surface,N2,1,1315,
0.163537,µm^3,Surface,N2,1,1317,
0.000583568,µm^3,Surface,N2,1,1318,
0,µm^3,Surface,N2,1,1319,
0,µm^3,Surface,N2,1,1320,
0,µm^3,Surface,N2,1,1321,
0.00801011,µm^3,Surface,N2,1,1322,
0,µm^3,Surface,N2,1,1323,
0,µm^3,Surface,N2,1,1324,
2.08416e-05,µm^3,Surface,N2,1,1325,
0,µm^3,Surface,N2,1,1326,
0,µm^3,Surface,N2,1,1327,
0.121112,µm^3,Surface,N2,1,1328,
0.00396687,µm^3,Surface,N2,1,1329,
0.0457683,µm^3,Surface,N2,1,1331,
0,µm^3,Surface,N2,1,1332,
0,µm^3,Surface,N2,1,1333,
0,µm^3,Surface,N2,1,1334,
0.00102819,µm^3,Surface,N2,1,1335,
0.127676,µm^3,Surface,N2,1,1336,
0,µm^3,Surface,N2,1,1337,
0.0179447,µm^3,Surface,N2,1,1338,
0,µm^3,Surface,N2,1,1340,
0.000951765,µm^3,Surface,N2,1,1342,
0,µm^3,Surface,N2,1,1343,
0,µm^3,Surface,N2,1,1344,
0,µm^3,Surface,N2,1,1345,
0,µm^3,Surface,N2,1,1346,
0.0367926,µm^3,Surface,N2,1,1347,
0.0250309,µm^3,Surface,N2,1,1350,
0,µm^3,Surface,N2,1,1351,
0.000541883,µm^3,Surface,N2,1,1352,
0,µm^3,Surface,N2,1,1353,
0,µm^3,Surface,N2,1,1355,
0,µm^3,Surface,N2,1,1356,
0,µm^3,Surface,N2,1,1358,
0,µm^3,Surface,N2,1,1359,
0,µm^3,Surface,N2,1,1361,
0.020807,µm^3,Surface,N2,1,1362,
0,µm^3,Surface,N2,1,1363,
0,µm^3,Surface,N2,1,1364,
0.000291783,µm^3,Surface,N2,1,1365,
0.0111224,µm^3,Surface,N2,1,1366,
0,µm^3,Surface,N2,1,1367,
0,µm^3,Surface,N2,1,1368,
0.0443443,µm^3,Surface,N2,1,1369,
0,µm^3,Surface,N2,1,1370,
0,µm^3,Surface,N2,1,1372,
0,µm^3,Surface,N2,1,1373,
0,µm^3,Surface,N2,1,1374,
0,µm^3,Surface,N2,1,1375,
0.00164648,µm^3,Surface,N2,1,1376,
0.00522431,µm^3,Surface,N2,1,1377,
0,µm^3,Surface,N2,1,1378,
0,µm^3,Surface,N2,1,1379,
0,µm^3,Surface,N2,1,1380,
0,µm^3,Surface,N2,1,1381,
0.00627333,µm^3,Surface,N2,1,1382,
0,µm^3,Surface,N2,1,1383,
0,µm^3,Surface,N2,1,1384,
0,µm^3,Surface,N2,1,1385,
0,µm^3,Surface,N2,1,1386,
0.000722511,µm^3,Surface,N2,1,1387,
0,µm^3,Surface,N2,1,1389,
0,µm^3,Surface,N2,1,1390,
0.0796217,µm^3,Surface,N2,1,1391,
0.0447052,µm^3,Surface,N2,1,1392,
0,µm^3,Surface,N2,1,1394,
0,µm^3,Surface,N2,1,1395,
0,µm^3,Surface,N2,1,1396,
0,µm^3,Surface,N2,1,1397,
0,µm^3,Surface,N2,1,1399,
0,µm^3,Surface,N2,1,1400,
0,µm^3,Surface,N2,1,1401,
0,µm^3,Surface,N2,1,1402,
0.058225,µm^3,Surface,N2,1,1403,
0.025003,µm^3,Surface,N2,1,1405,
0,µm^3,Surface,N2,1,1406,
0,µm^3,Surface,N2,1,1407,
0,µm^3,Surface,N2,1,1408,
0.0151172,µm^3,Surface,N2,1,1409,
0,µm^3,Surface,N2,1,1410,
0,µm^3,Surface,N2,1,1411,
0,µm^3,Surface,N2,1,1412,
0,µm^3,Surface,N2,1,1413,
0.00509232,µm^3,Surface,N2,1,1414,
0,µm^3,Surface,N2,1,1415,
0,µm^3,Surface,N2,1,1416,
0,µm^3,Surface,N2,1,1418,
0.000465464,µm^3,Surface,N2,1,1419,
0,µm^3,Surface,N2,1,1420,
0.0610733,µm^3,Surface,N2,1,1421,
0,µm^3,Surface,N2,1,1422,
0.04704,µm^3,Surface,N2,1,1423,
0,µm^3,Surface,N2,1,1424,
0,µm^3,Surface,N2,1,1425,
0,µm^3,Surface,N2,1,1426,
0,µm^3,Surface,N2,1,1427,
0.0089759,µm^3,Surface,N2,1,1428,
0,µm^3,Surface,N2,1,1429,
0,µm^3,Surface,N2,1,1430,
0,µm^3,Surface,N2,1,1431,
0,µm^3,Surface,N2,1,1433,
0,µm^3,Surface,N2,1,1434,
0.00831583,µm^3,Surface,N2,1,1435,
0.0390156,µm^3,Surface,N2,1,1436,
0.00818379,µm^3,Surface,N2,1,1438,
0,µm^3,Surface,N2,1,1439,
0,µm^3,Surface,N2,1,1441,
0,µm^3,Surface,N2,1,1442,
0,µm^3,Surface,N2,1,1443,
0,µm^3,Surface,N2,1,1444,
0.0520487,µm^3,Surface,N2,1,1445,
0,µm^3,Surface,N2,1,1446,
0,µm^3,Surface,N2,1,1447,
0,µm^3,Surface,N2,1,1449,
0,µm^3,Surface,N2,1,1451,
0,µm^3,Surface,N2,1,1452,
8.33664e-05,µm^3,Surface,N2,1,1453,
0,µm^3,Surface,N2,1,1454,
0.000187575,µm^3,Surface,N2,1,1455,
0.00214669,µm^3,Surface,N2,1,1456,
0.00575926,µm^3,Surface,N2,1,1457,
0.046088,µm^3,Surface,N2,1,1458,
0,µm^3,Surface,N2,1,1459,
0.037647,µm^3,Surface,N2,1,1460,
0.0573424,µm^3,Surface,N2,1,1461,
0,µm^3,Surface,N2,1,1462,
0,µm^3,Surface,N2,1,1463,
0,µm^3,Surface,N2,1,1464,
0,µm^3,Surface,N2,1,1466,
0,µm^3,Surface,N2,1,1467,
0,µm^3,Surface,N2,1,1468,
0.0621079,µm^3,Surface,N2,1,1469,
0.00308456,µm^3,Surface,N2,1,1470,
0.00766974,µm^3,Surface,N2,1,1471,
0.000778089,µm^3,Surface,N2,1,1472,
0.000625249,µm^3,Surface,N2,1,1473,
0,µm^3,Surface,N2,1,1474,
0,µm^3,Surface,N2,1,1475,
0.0265387,µm^3,Surface,N2,1,1476,
0,µm^3,Surface,N2,1,1477,
0,µm^3,Surface,N2,1,1478,
0,µm^3,Surface,N2,1,1479,
0,µm^3,Surface,N2,1,1480,
0,µm^3,Surface,N2,1,1481,
0.0810112,µm^3,Surface,N2,1,1482,
0,µm^3,Surface,N2,1,1483,
0,µm^3,Surface,N2,1,1484,
0,µm^3,Surface,N2,1,1486,
0.00458517,µm^3,Surface,N2,1,1487,
0,µm^3,Surface,N2,1,1488,
0,µm^3,Surface,N2,1,1489,
0,µm^3,Surface,N2,1,1490,
0,µm^3,Surface,N2,1,1491,
0,µm^3,Surface,N2,1,1492,
0,µm^3,Surface,N2,1,1493,
0,µm^3,Surface,N2,1,1495,
0,µm^3,Surface,N2,1,1497,
0,µm^3,Surface,N2,1,1498,
0,µm^3,Surface,N2,1,1499,
0,µm^3,Surface,N2,1,1501,
0,µm^3,Surface,N2,1,1502,
0,µm^3,Surface,N2,1,1503,
0,µm^3,Surface,N2,1,1504,
0,µm^3,Surface,N2,1,1506,
0,µm^3,Surface,N2,1,1507,
0,µm^3,Surface,N2,1,1508,
0,µm^3,Surface,N2,1,1509,
0,µm^3,Surface,N2,1,1510,
0,µm^3,Surface,N2,1,1511,
0.0611077,µm^3,Surface,N2,1,1512,
0,µm^3,Surface,N2,1,1513,
0,µm^3,Surface,N2,1,1514,
0,µm^3,Surface,N2,1,1516,
0.0525625,µm^3,Surface,N2,1,1517,
0,µm^3,Surface,N2,1,1518,
0,µm^3,Surface,N2,1,1519,
0,µm^3,Surface,N2,1,1520,
0,µm^3,Surface,N2,1,1521,
0,µm^3,Surface,N2,1,1522,
2.77888e-05,µm^3,Surface,N2,1,1523,
0,µm^3,Surface,N2,1,1524,
0,µm^3,Surface,N2,1,1525,
0,µm^3,Surface,N2,1,1526,
0,µm^3,Surface,N2,1,1527,
0,µm^3,Surface,N2,1,1528,
0,µm^3,Surface,N2,1,1529,
0,µm^3,Surface,N2,1,1530,
0,µm^3,Surface,N2,1,1531,
0.120062,µm^3,Surface,N2,1,1532,
0.000319571,µm^3,Surface,N2,1,1534,
0.237548,µm^3,Surface,N2,1,1535,
0.00978167,µm^3,Surface,N2,1,1536,
0,µm^3,Surface,N2,1,1537,
0,µm^3,Surface,N2,1,1538,
0,µm^3,Surface,N2,1,1539,
0,µm^3,Surface,N2,1,1540,
0,µm^3,Surface,N2,1,1541,
0,µm^3,Surface,N2,1,1542,
0,µm^3,Surface,N2,1,1543,
0,µm^3,Surface,N2,1,1544,
0.0208347,µm^3,Surface,N2,1,1545,
0,µm^3,Surface,N2,1,1546,
0,µm^3,Surface,N2,1,1547,
0,µm^3,Surface,N2,1,1549,
0.0119492,µm^3,Surface,N2,1,1550,
0.00974692,µm^3,Surface,N2,1,1551,
0,µm^3,Surface,N2,1,1552,
0,µm^3,Surface,N2,1,1554,
0,µm^3,Surface,N2,1,1555,
0,µm^3,Surface,N2,1,1556,
0,µm^3,Surface,N2,1,1557,
0,µm^3,Surface,N2,1,1558,
0,µm^3,Surface,N2,1,1559,
0,µm^3,Surface,N2,1,1560,
0,µm^3,Surface,N2,1,1561,
0,µm^3,Surface,N2,1,1562,
0,µm^3,Surface,N2,1,1563,
0.0183129,µm^3,Surface,N2,1,1565,
0,µm^3,Surface,N2,1,1566,
0,µm^3,Surface,N2,1,1567,
0.00234816,µm^3,Surface,N2,1,1569,
0.0217379,µm^3,Surface,N2,1,1571,
0,µm^3,Surface,N2,1,1572,
0.0434065,µm^3,Surface,N2,1,1573,
0.00730151,µm^3,Surface,N2,1,1575,
0,µm^3,Surface,N2,1,1576,
0.00272331,µm^3,Surface,N2,1,1577,
0,µm^3,Surface,N2,1,1578,
6.9472e-06,µm^3,Surface,N2,1,1579,
0.00723207,µm^3,Surface,N2,1,1580,
0.0139292,µm^3,Surface,N2,1,1582,
0,µm^3,Surface,N2,1,1583,
0,µm^3,Surface,N2,1,1584,
0,µm^3,Surface,N2,1,1585,
0,µm^3,Surface,N2,1,1586,
0,µm^3,Surface,N2,1,1587,
0,µm^3,Surface,N2,1,1588,
0,µm^3,Surface,N2,1,1589,
0.000333466,µm^3,Surface,N2,1,1590,
9.72609e-05,µm^3,Surface,N2,1,1591,
0,µm^3,Surface,N2,1,1593,
0.0323464,µm^3,Surface,N2,1,1594,
0,µm^3,Surface,N2,1,1595,
0,µm^3,Surface,N2,1,1596,
0.0206471,µm^3,Surface,N2,1,1597,
0,µm^3,Surface,N2,1,1598,
0.000312624,µm^3,Surface,N2,1,1599,
0,µm^3,Surface,N2,1,1600,
0.0468173,µm^3,Surface,N2,1,1603,
0,µm^3,Surface,N2,1,1604,
0.0603505,µm^3,Surface,N2,1,1606,
0,µm^3,Surface,N2,1,1607,
0,µm^3,Surface,N2,1,1608,
0,µm^3,Surface,N2,1,1609,
0.0534383,µm^3,Surface,N2,1,1610,
0.00255658,µm^3,Surface,N2,1,1611,
0.00612049,µm^3,Surface,N2,1,1612,
0,µm^3,Surface,N2,1,1613,
0,µm^3,Surface,N2,1,1614,
0,µm^3,Surface,N2,1,1615,
0.0149366,µm^3,Surface,N2,1,1616,
0,µm^3,Surface,N2,1,1617,
0.015534,µm^3,Surface,N2,1,1618,
0.0129983,µm^3,Surface,N2,1,1619,
0,µm^3,Surface,N2,1,1620,
0.0658461,µm^3,Surface,N2,1,1621,
0,µm^3,Surface,N2,1,1622,
0.0301509,µm^3,Surface,N2,1,1624,
0,µm^3,Surface,N2,1,1625,
0,µm^3,Surface,N2,1,1626,
0,µm^3,Surface,N2,1,1627,
0,µm^3,Surface,N2,1,1628,
0,µm^3,Surface,N2,1,1629,
0,µm^3,Surface,N2,1,1630,
0,µm^3,Surface,N2,1,1631,
0.00294562,µm^3,Surface,N2,1,1632,
0.0834154,µm^3,Surface,N2,1,1633,
0,µm^3,Surface,N2,1,1634,
0,µm^3,Surface,N2,1,1635,
0.00421697,µm^3,Surface,N2,1,1636,
0.0480328,µm^3,Surface,N2,1,1637,
0,µm^3,Surface,N2,1,1638,
0,µm^3,Surface,N2,1,1639,
6.94722e-06,µm^3,Surface,N2,1,1640,
0,µm^3,Surface,N2,1,1641,
0,µm^3,Surface,N2,1,1642,
0,µm^3,Surface,N2,1,1643,
0.00166733,µm^3,Surface,N2,1,1644,
0,µm^3,Surface,N2,1,1645,
0,µm^3,Surface,N2,1,1646,
0,µm^3,Surface,N2,1,1647,
0,µm^3,Surface,N2,1,1648,
0,µm^3,Surface,N2,1,1649,
0,µm^3,Surface,N2,1,1650,
0,µm^3,Surface,N2,1,1651,
0.0713061,µm^3,Surface,N2,1,1652,
0,µm^3,Surface,N2,1,1653,
0,µm^3,Surface,N2,1,1654,
0,µm^3,Surface,N2,1,1655,
0,µm^3,Surface,N2,1,1656,
0,µm^3,Surface,N2,1,1657,
0,µm^3,Surface,N2,1,1658,
0.0292686,µm^3,Surface,N2,1,1659,
0,µm^3,Surface,N2,1,1660,
0,µm^3,Surface,N2,1,1661,
0,µm^3,Surface,N2,1,1662,
0.0233844,µm^3,Surface,N2,1,1663,
0.0147976,µm^3,Surface,N2,1,1664,
0.230379,µm^3,Surface,N2,1,1665,
0,µm^3,Surface,N2,1,1666,
0.000104209,µm^3,Surface,N2,1,1667,
0,µm^3,Surface,N2,1,1668,
0,µm^3,Surface,N2,1,1670,
0,µm^3,Surface,N2,1,1671,
0,µm^3,Surface,N2,1,1672,
0,µm^3,Surface,N2,1,1673,
0,µm^3,Surface,N2,1,1674,
0,µm^3,Surface,N2,1,1675,
0.119415,µm^3,Surface,N2,1,1677,
0.078004,µm^3,Surface,N2,1,1678,
0,µm^3,Surface,N2,1,1679,
0,µm^3,Surface,N2,1,1680,
0,µm^3,Surface,N2,1,1681,
0.000131997,µm^3,Surface,N2,1,1682,
0,µm^3,Surface,N2,1,1683,
0,µm^3,Surface,N2,1,1684,
0,µm^3,Surface,N2,1,1685,
0,µm^3,Surface,N2,1,1686,
0,µm^3,Surface,N2,1,1687,
0.122133,µm^3,Surface,N2,1,1688,
0.018584,µm^3,Surface,N2,1,1689,
0,µm^3,Surface,N2,1,1690,
0,µm^3,Surface,N2,1,1691,
0,µm^3,Surface,N2,1,1692,
0,µm^3,Surface,N2,1,1693,
0,µm^3,Surface,N2,1,1694,
0,µm^3,Surface,N2,1,1696,
0,µm^3,Surface,N2,1,1697,
0,µm^3,Surface,N2,1,1698,
0.0669645,µm^3,Surface,N2,1,1699,
0,µm^3,Surface,N2,1,1700,
0,µm^3,Surface,N2,1,1701,
0,µm^3,Surface,N2,1,1702,
0,µm^3,Surface,N2,1,1703,
0,µm^3,Surface,N2,1,1704,
0.021071,µm^3,Surface,N2,1,1705,
0.0474914,µm^3,Surface,N2,1,1707,
0,µm^3,Surface,N2,1,1708,
0,µm^3,Surface,N2,1,1709,
0.00220226,µm^3,Surface,N2,1,1710,
0,µm^3,Surface,N2,1,1712,
0,µm^3,Surface,N2,1,1713,
0,µm^3,Surface,N2,1,1714,
0,µm^3,Surface,N2,1,1715,
0,µm^3,Surface,N2,1,1716,
0,µm^3,Surface,N2,1,1718,
0,µm^3,Surface,N2,1,1719,
0.00484914,µm^3,Surface,N2,1,1720,
0,µm^3,Surface,N2,1,1722,
0,µm^3,Surface,N2,1,1723,
0.064255,µm^3,Surface,N2,1,1724,
0,µm^3,Surface,N2,1,1725,
0.0425031,µm^3,Surface,N2,1,1726,
0,µm^3,Surface,N2,1,1728,
0.00334857,µm^3,Surface,N2,1,1729,
0.050833,µm^3,Surface,N2,1,1730,
0,µm^3,Surface,N2,1,1731,
0,µm^3,Surface,N2,1,1732,
0.00496731,µm^3,Surface,N2,1,1733,
0,µm^3,Surface,N2,1,1734,
0.0269551,µm^3,Surface,N2,1,1735,
0.0351672,µm^3,Surface,N2,1,1736,
0,µm^3,Surface,N2,1,1737,
0,µm^3,Surface,N2,1,1738,
0,µm^3,Surface,N2,1,1739,
0,µm^3,Surface,N2,1,1740,
0,µm^3,Surface,N2,1,1741,
0.00107681,µm^3,Surface,N2,1,1743,
0,µm^3,Surface,N2,1,1744,
0,µm^3,Surface,N2,1,1745,
0.000354308,µm^3,Surface,N2,1,1746,
0,µm^3,Surface,N2,1,1747,
0,µm^3,Surface,N2,1,1748,
0.0057801,µm^3,Surface,N2,1,1749,
0,µm^3,Surface,N2,1,1750,
0,µm^3,Surface,N2,1,1751,
0,µm^3,Surface,N2,1,1752,
0,µm^3,Surface,N2,1,1753,
0.00597459,µm^3,Surface,N2,1,1754,
0,µm^3,Surface,N2,1,1755,
0,µm^3,Surface,N2,1,1756,
0,µm^3,Surface,N2,1,1757,
0,µm^3,Surface,N2,1,1758,
0,µm^3,Surface,N2,1,1759,
0,µm^3,Surface,N2,1,1760,
0,µm^3,Surface,N2,1,1761,
0,µm^3,Surface,N2,1,1763,
0,µm^3,Surface,N2,1,1764,
0.0107267,µm^3,Surface,N2,1,1765,
0,µm^3,Surface,N2,1,1767,
0.0322905,µm^3,Surface,N2,1,1769,
0,µm^3,Surface,N2,1,1770,
0,µm^3,Surface,N2,1,1771,
0.0629141,µm^3,Surface,N2,1,1772,
0,µm^3,Surface,N2,1,1773,
0,µm^3,Surface,N2,1,1774,
0.0716746,µm^3,Surface,N2,1,1775,
0,µm^3,Surface,N2,1,1777,
0.00104209,µm^3,Surface,N2,1,1778,
0,µm^3,Surface,N2,1,1779,
0.00102819,µm^3,Surface,N2,1,1781,
0.0122272,µm^3,Surface,N2,1,1782,
0.139641,µm^3,Surface,N2,1,1783,
0,µm^3,Surface,N2,1,1785,
0,µm^3,Surface,N2,1,1786,
0.00235512,µm^3,Surface,N2,1,1787,
0,µm^3,Surface,N2,1,1789,
0,µm^3,Surface,N2,1,1790,
0,µm^3,Surface,N2,1,1791,
0,µm^3,Surface,N2,1,1793,
0,µm^3,Surface,N2,1,1794,
0,µm^3,Surface,N2,1,1795,
0,µm^3,Surface,N2,1,1796,
0,µm^3,Surface,N2,1,1797,
0,µm^3,Surface,N2,1,1798,
0,µm^3,Surface,N2,1,1799,
0,µm^3,Surface,N2,1,1801,
0,µm^3,Surface,N2,1,1802,
0,µm^3,Surface,N2,1,1803,
0,µm^3,Surface,N2,1,1804,
0,µm^3,Surface,N2,1,1805,
0,µm^3,Surface,N2,1,1806,
0,µm^3,Surface,N2,1,1807,
0,µm^3,Surface,N2,1,1808,
0,µm^3,Surface,N2,1,1809,
0,µm^3,Surface,N2,1,1810,
0,µm^3,Surface,N2,1,1811,
0,µm^3,Surface,N2,1,1812,
0,µm^3,Surface,N2,1,1813,
0,µm^3,Surface,N2,1,1814,
0.00416139,µm^3,Surface,N2,1,1815,
0,µm^3,Surface,N2,1,1816,
0.0107404,µm^3,Surface,N2,1,1817,
0,µm^3,Surface,N2,1,1818,
0,µm^3,Surface,N2,1,1819,
0,µm^3,Surface,N2,1,1821,
0,µm^3,Surface,N2,1,1822,
0,µm^3,Surface,N2,1,1823,
0,µm^3,Surface,N2,1,1824,
0.00106292,µm^3,Surface,N2,1,1825,
0,µm^3,Surface,N2,1,1826,
0,µm^3,Surface,N2,1,1827,
0,µm^3,Surface,N2,1,1828,
0,µm^3,Surface,N2,1,1829,
0,µm^3,Surface,N2,1,1830,
0,µm^3,Surface,N2,1,1831,
0,µm^3,Surface,N2,1,1832,
0,µm^3,Surface,N2,1,1833,
0,µm^3,Surface,N2,1,1834,
0,µm^3,Surface,N2,1,1835,
0,µm^3,Surface,N2,1,1836,
0,µm^3,Surface,N2,1,1837,
0,µm^3,Surface,N2,1,1838,
0,µm^3,Surface,N2,1,1839,
0,µm^3,Surface,N2,1,1840,
0,µm^3,Surface,N2,1,1841,
0,µm^3,Surface,N2,1,1842,
0,µm^3,Surface,N2,1,1843,
0,µm^3,Surface,N2,1,1844,
0,µm^3,Surface,N2,1,1845,
0,µm^3,Surface,N2,1,1846,
0,µm^3,Surface,N2,1,1847,
0,µm^3,Surface,N2,1,1848,
0,µm^3,Surface,N2,1,1849,
0,µm^3,Surface,N2,1,1850,
0,µm^3,Surface,N2,1,1851,
0,µm^3,Surface,N2,1,1852,
0,µm^3,Surface,N2,1,1853,
0,µm^3,Surface,N2,1,1854,
0,µm^3,Surface,N2,1,1855,
0.0125258,µm^3,Surface,N2,1,1856,
0,µm^3,Surface,N2,1,1857,
0.000389043,µm^3,Surface,N2,1,1858,
0.000166733,µm^3,Surface,N2,1,1859,
0,µm^3,Surface,N2,1,1860,
0,µm^3,Surface,N2,1,1861,
0.000736405,µm^3,Surface,N2,1,1862,
0.0370078,µm^3,Surface,N2,1,1863,
0,µm^3,Surface,N2,1,1864,
0,µm^3,Surface,N2,1,1865,
0,µm^3,Surface,N2,1,1866,
0,µm^3,Surface,N2,1,1867,
0,µm^3,Surface,N2,1,1868,
0.03475,µm^3,Surface,N2,1,1869,
0.000159786,µm^3,Surface,N2,1,1870,
0.0149365,µm^3,Surface,N2,1,1872,
0,µm^3,Surface,N2,1,1873,
0,µm^3,Surface,N2,1,1874,
0,µm^3,Surface,N2,1,1875,
0,µm^3,Surface,N2,1,1876,
0,µm^3,Surface,N2,1,1878,
0,µm^3,Surface,N2,1,1879,
0,µm^3,Surface,N2,1,1880,
0,µm^3,Surface,N2,1,1881,
0,µm^3,Surface,N2,1,1882,
0,µm^3,Surface,N2,1,1883,
0,µm^3,Surface,N2,1,1884,
0,µm^3,Surface,N2,1,1887,
0,µm^3,Surface,N2,1,1888,
0,µm^3,Surface,N2,1,1889,
0,µm^3,Surface,N2,1,1890,
0,µm^3,Surface,N2,1,1891,
0.0389327,µm^3,Surface,N2,1,1892,
0,µm^3,Surface,N2,1,1893,
0,µm^3,Surface,N2,1,1894,
0,µm^3,Surface,N2,1,1895,
0,µm^3,Surface,N2,1,1896,
0.00177848,µm^3,Surface,N2,1,1897,
0,µm^3,Surface,N2,1,1898,
0,µm^3,Surface,N2,1,1899,
0,µm^3,Surface,N2,1,1900,
0,µm^3,Surface,N2,1,1901,
0,µm^3,Surface,N2,1,1902,
0,µm^3,Surface,N2,1,1903,
0,µm^3,Surface,N2,1,1904,
0,µm^3,Surface,N2,1,1905,
0,µm^3,Surface,N2,1,1906,
0,µm^3,Surface,N2,1,1907,
0,µm^3,Surface,N2,1,1908,
0,µm^3,Surface,N2,1,1909,
0,µm^3,Surface,N2,1,1910,
0,µm^3,Surface,N2,1,1911,
0,µm^3,Surface,N2,1,1913,
0,µm^3,Surface,N2,1,1914,
0,µm^3,Surface,N2,1,1915,
0,µm^3,Surface,N2,1,1916,
0,µm^3,Surface,N2,1,1917,
0,µm^3,Surface,N2,1,1918,
0.00140333,µm^3,Surface,N2,1,1919,
0,µm^3,Surface,N2,1,1920,
0,µm^3,Surface,N2,1,1921,
0,µm^3,Surface,N2,1,1922,
0,µm^3,Surface,N2,1,1923,
0,µm^3,Surface,N2,1,1924,
0,µm^3,Surface,N2,1,1925,
0,µm^3,Surface,N2,1,1926,
0,µm^3,Surface,N2,1,1927,
0,µm^3,Surface,N2,1,1928,
0,µm^3,Surface,N2,1,1929,
0,µm^3,Surface,N2,1,1931,
0,µm^3,Surface,N2,1,1932,
0,µm^3,Surface,N2,1,1933,
0,µm^3,Surface,N2,1,1934,
0,µm^3,Surface,N2,1,1935,
0,µm^3,Surface,N2,1,1937,
0,µm^3,Surface,N2,1,1938,
0,µm^3,Surface,N2,1,1939,
0,µm^3,Surface,N2,1,1940,
0,µm^3,Surface,N2,1,1941,
0,µm^3,Surface,N2,1,1942,
0,µm^3,Surface,N2,1,1944,
0,µm^3,Surface,N2,1,1945,
0,µm^3,Surface,N2,1,1946,
0,µm^3,Surface,N2,1,1947,
0,µm^3,Surface,N2,1,1948,
0,µm^3,Surface,N2,1,1949,
0,µm^3,Surface,N2,1,1950,
0,µm^3,Surface,N2,1,1951,
0,µm^3,Surface,N2,1,1952,
0,µm^3,Surface,N2,1,1953,
0,µm^3,Surface,N2,1,1954,
0,µm^3,Surface,N2,1,1956,
0,µm^3,Surface,N2,1,1957,
0,µm^3,Surface,N2,1,1958,
0,µm^3,Surface,N2,1,1960,
0,µm^3,Surface,N2,1,1961,
0,µm^3,Surface,N2,1,1962,
0,µm^3,Surface,N2,1,1963,
0,µm^3,Surface,N2,1,1964,
0,µm^3,Surface,N2,1,1965,
0,µm^3,Surface,N2,1,1966,
0.00485609,µm^3,Surface,N2,1,1967,
0,µm^3,Surface,N2,1,1970,
0,µm^3,Surface,N2,1,1971,
0,µm^3,Surface,N2,1,1972,
0,µm^3,Surface,N2,1,1973,
0.0397588,µm^3,Surface,N2,1,1974,
0,µm^3,Surface,N2,1,1975,
0,µm^3,Surface,N2,1,1976,
0,µm^3,Surface,N2,1,1977,
0.00683607,µm^3,Surface,N2,1,1978,
0,µm^3,Surface,N2,1,1979,
0.00945516,µm^3,Surface,N2,1,1980,
0,µm^3,Surface,N2,1,1981,
0,µm^3,Surface,N2,1,1982,
0,µm^3,Surface,N2,1,1983,
0,µm^3,Surface,N2,1,1984,
0,µm^3,Surface,N2,1,1986,
0,µm^3,Surface,N2,1,1987,
0,µm^3,Surface,N2,1,1989,
0,µm^3,Surface,N2,1,1991,
0,µm^3,Surface,N2,1,1992,
0,µm^3,Surface,N2,1,1993,
0,µm^3,Surface,N2,1,1994,
0,µm^3,Surface,N2,1,1995,
6.25249e-05,µm^3,Surface,N2,1,1996,
0,µm^3,Surface,N2,1,1997,
0,µm^3,Surface,N2,1,1998,
0,µm^3,Surface,N2,1,1999,
0,µm^3,Surface,N2,1,2000,
0,µm^3,Surface,N2,1,2002,
0.0329713,µm^3,Surface,N2,1,2003,
0,µm^3,Surface,N2,1,2004,
0,µm^3,Surface,N2,1,2005,
0,µm^3,Surface,N2,1,2006,
0,µm^3,Surface,N2,1,2007,
0,µm^3,Surface,N2,1,2008,
0,µm^3,Surface,N2,1,2009,
0,µm^3,Surface,N2,1,2010,
0,µm^3,Surface,N2,1,2011,
0,µm^3,Surface,N2,1,2012,
0.00332772,µm^3,Surface,N2,1,2013,
0,µm^3,Surface,N2,1,2014,
0,µm^3,Surface,N2,1,2015,
0,µm^3,Surface,N2,1,2016,
0,µm^3,Surface,N2,1,2017,
0.0750576,µm^3,Surface,N2,1,2018,
0,µm^3,Surface,N2,1,2019,
0,µm^3,Surface,N2,1,2020,
0,µm^3,Surface,N2,1,2021,
0,µm^3,Surface,N2,1,2022,
0,µm^3,Surface,N2,1,2023,
0,µm^3,Surface,N2,1,2024,
0,µm^3,Surface,N2,1,2025,
0,µm^3,Surface,N2,1,2027,
0,µm^3,Surface,N2,1,2028,
0,µm^3,Surface,N2,1,2029,
0,µm^3,Surface,N2,1,2031,
0,µm^3,Surface,N2,1,2032,
0,µm^3,Surface,N2,1,2033,
0,µm^3,Surface,N2,1,2034,
0,µm^3,Surface,N2,1,2035,
0,µm^3,Surface,N2,1,2036,
0,µm^3,Surface,N2,1,2037,
0,µm^3,Surface,N2,1,2038,
0,µm^3,Surface,N2,1,2039,
0,µm^3,Surface,N2,1,2040,
0.0265385,µm^3,Surface,N2,1,2041,
0,µm^3,Surface,N2,1,2042,
0,µm^3,Surface,N2,1,2043,
0,µm^3,Surface,N2,1,2044,
0,µm^3,Surface,N2,1,2045,
0,µm^3,Surface,N2,1,2047,
0,µm^3,Surface,N2,1,2049,
0.0132761,µm^3,Surface,N2,1,2050,
0,µm^3,Surface,N2,1,2051,
0,µm^3,Surface,N2,1,2052,
0.0062525,µm^3,Surface,N2,1,2053,
0,µm^3,Surface,N2,1,2054,
0,µm^3,Surface,N2,1,2055,
0,µm^3,Surface,N2,1,2056,
0,µm^3,Surface,N2,1,2057,
0,µm^3,Surface,N2,1,2058,
0,µm^3,Surface,N2,1,2059,
0,µm^3,Surface,N2,1,2061,
0,µm^3,Surface,N2,1,2062,
0,µm^3,Surface,N2,1,2064,
0,µm^3,Surface,N2,1,2065,
0,µm^3,Surface,N2,1,2066,
0.0531812,µm^3,Surface,N2,1,2067,
0,µm^3,Surface,N2,1,2068,
0,µm^3,Surface,N2,1,2069,
0,µm^3,Surface,N2,1,2070,
0,µm^3,Surface,N2,1,2073,
0,µm^3,Surface,N2,1,2074,
0,µm^3,Surface,N2,1,2076,
0,µm^3,Surface,N2,1,2077,
0,µm^3,Surface,N2,1,2078,
0,µm^3,Surface,N2,1,2079,
0,µm^3,Surface,N2,1,2080,
0,µm^3,Surface,N2,1,2081,
0.0352293,µm^3,Surface,N2,1,2082,
0,µm^3,Surface,N2,1,2083,
0,µm^3,Surface,N2,1,2084,
0,µm^3,Surface,N2,1,2085,
0,µm^3,Surface,N2,1,2086,
0,µm^3,Surface,N2,1,2087,
0,µm^3,Surface,N2,1,2089,
0,µm^3,Surface,N2,1,2090,
0,µm^3,Surface,N2,1,2091,
0,µm^3,Surface,N2,1,2093,
0,µm^3,Surface,N2,1,2094,
0,µm^3,Surface,N2,1,2095,
0,µm^3,Surface,N2,1,2096,
0,µm^3,Surface,N2,1,2097,
0,µm^3,Surface,N2,1,2098,
0,µm^3,Surface,N2,1,2099,
0,µm^3,Surface,N2,1,2100,
0.017632,µm^3,Surface,N2,1,2101,
0,µm^3,Surface,N2,1,2102,
0,µm^3,Surface,N2,1,2103,
0,µm^3,Surface,N2,1,2104,
0,µm^3,Surface,N2,1,2105,
5.55777e-05,µm^3,Surface,N2,1,2107,
0,µm^3,Surface,N2,1,2108,
0,µm^3,Surface,N2,1,2109,
0,µm^3,Surface,N2,1,2110,
0,µm^3,Surface,N2,1,2111,
0,µm^3,Surface,N2,1,2112,
0,µm^3,Surface,N2,1,2113,
0,µm^3,Surface,N2,1,2114,
0,µm^3,Surface,N2,1,2115,
0,µm^3,Surface,N2,1,2116,
0,µm^3,Surface,N2,1,2117,
0,µm^3,Surface,N2,1,2118,
0,µm^3,Surface,N2,1,2119,
0,µm^3,Surface,N2,1,2120,
0,µm^3,Surface,N2,1,2122,
0,µm^3,Surface,N2,1,2123,
0,µm^3,Surface,N2,1,2124,
0,µm^3,Surface,N2,1,2125,
0,µm^3,Surface,N2,1,2126,
0,µm^3,Surface,N2,1,2127,
0,µm^3,Surface,N2,1,2129,
0,µm^3,Surface,N2,1,2130,
0,µm^3,Surface,N2,1,2131,
0,µm^3,Surface,N2,1,2132,
0,µm^3,Surface,N2,1,2133,
0,µm^3,Surface,N2,1,2134,
0,µm^3,Surface,N2,1,2137,
0.000131997,µm^3,Surface,N2,1,2138,
0,µm^3,Surface,N2,1,2139,
0,µm^3,Surface,N2,1,2141,
0,µm^3,Surface,N2,1,2142,
0,µm^3,Surface,N2,1,2143,
0,µm^3,Surface,N2,1,2144,
0,µm^3,Surface,N2,1,2145,
0,µm^3,Surface,N2,1,2146,
0,µm^3,Surface,N2,1,2147,
0,µm^3,Surface,N2,1,2148,
0,µm^3,Surface,N2,1,2149,
0,µm^3,Surface,N2,1,2150,
0,µm^3,Surface,N2,1,2151,
0,µm^3,Surface,N2,1,2152,
0,µm^3,Surface,N2,1,2153,
0,µm^3,Surface,N2,1,2154,
0.00828802,µm^3,Surface,N2,1,2155,
0,µm^3,Surface,N2,1,2156,
0,µm^3,Surface,N2,1,2157,
0,µm^3,Surface,N2,1,2160,
0,µm^3,Surface,N2,1,2161,
0,µm^3,Surface,N2,1,2164,
0,µm^3,Surface,N2,1,2165,
0,µm^3,Surface,N2,1,2166,
0,µm^3,Surface,N2,1,2168,
0,µm^3,Surface,N2,1,2169,
0,µm^3,Surface,N2,1,2170,
0,µm^3,Surface,N2,1,2171,
0,µm^3,Surface,N2,1,2172,
0,µm^3,Surface,N2,1,2174,
0,µm^3,Surface,N2,1,2177,
0,µm^3,Surface,N2,1,2178,
0.0427325,µm^3,Surface,N2,1,2179,
0,µm^3,Surface,N2,1,2180,
0,µm^3,Surface,N2,1,2181,
0,µm^3,Surface,N2,1,2182,
0,µm^3,Surface,N2,1,2183,
0,µm^3,Surface,N2,1,2184,
0,µm^3,Surface,N2,1,2185,
0,µm^3,Surface,N2,1,2186,
0.00948297,µm^3,Surface,N2,1,2187,
0,µm^3,Surface,N2,1,2188,
0,µm^3,Surface,N2,1,2189,
0,µm^3,Surface,N2,1,2191,
0.0608713,µm^3,Surface,N2,1,2192,
0,µm^3,Surface,N2,1,2195,
0,µm^3,Surface,N2,1,2196,
0,µm^3,Surface,N2,1,2197,
0,µm^3,Surface,N2,1,2198,
0,µm^3,Surface,N2,1,2199,
0,µm^3,Surface,N2,1,2200,
0,µm^3,Surface,N2,1,2201,
0,µm^3,Surface,N2,1,2202,
0,µm^3,Surface,N2,1,2205,
0,µm^3,Surface,N2,1,2206,
0,µm^3,Surface,N2,1,2207,
0,µm^3,Surface,N2,1,2208,
0,µm^3,Surface,N2,1,2209,
0,µm^3,Surface,N2,1,2210,
0.0509165,µm^3,Surface,N2,1,2211,
0,µm^3,Surface,N2,1,2212,
0,µm^3,Surface,N2,1,2213,
0,µm^3,Surface,N2,1,2214,
0.0721402,µm^3,Surface,N2,1,2215,
0,µm^3,Surface,N2,1,2216,
0,µm^3,Surface,N2,1,2217,
0,µm^3,Surface,N2,1,2218,
0.080831,µm^3,Surface,N2,1,2219,
0,µm^3,Surface,N2,1,2220,
0,µm^3,Surface,N2,1,2222,
0,µm^3,Surface,N2,1,2223,
0,µm^3,Surface,N2,1,2224,
0,µm^3,Surface,N2,1,2225,
0,µm^3,Surface,N2,1,2227,
0,µm^3,Surface,N2,1,2228,
0,µm^3,Surface,N2,1,2229,
0,µm^3,Surface,N2,1,2230,
0,µm^3,Surface,N2,1,2233,
0,µm^3,Surface,N2,1,2234,
0.0249058,µm^3,Surface,N2,1,2235,
0,µm^3,Surface,N2,1,2238,
0,µm^3,Surface,N2,1,2239,
0,µm^3,Surface,N2,1,2240,
0,µm^3,Surface,N2,1,2241,
0,µm^3,Surface,N2,1,2242,
0,µm^3,Surface,N2,1,2243,
0.00308457,µm^3,Surface,N2,1,2244,
0,µm^3,Surface,N2,1,2245,
0,µm^3,Surface,N2,1,2246,
0,µm^3,Surface,N2,1,2247,
0,µm^3,Surface,N2,1,2248,
0,µm^3,Surface,N2,1,2249,
0,µm^3,Surface,N2,1,2250,
0,µm^3,Surface,N2,1,2251,
0,µm^3,Surface,N2,1,2252,
0,µm^3,Surface,N2,1,2253,
0,µm^3,Surface,N2,1,2254,
0,µm^3,Surface,N2,1,2255,
0,µm^3,Surface,N2,1,2256,
0,µm^3,Surface,N2,1,2257,
0,µm^3,Surface,N2,1,2259,
0.0316864,µm^3,Surface,N2,1,2260,
0,µm^3,Surface,N2,1,2262,
0,µm^3,Surface,N2,1,2263,
0,µm^3,Surface,N2,1,2264,
0,µm^3,Surface,N2,1,2265,
0,µm^3,Surface,N2,1,2266,
0,µm^3,Surface,N2,1,2267,
0,µm^3,Surface,N2,1,2268,
0,µm^3,Surface,N2,1,2269,
0.00351529,µm^3,Surface,N2,1,2270,
0,µm^3,Surface,N2,1,2271,
0,µm^3,Surface,N2,1,2272,
0,µm^3,Surface,N2,1,2273,
0,µm^3,Surface,N2,1,2274,
0,µm^3,Surface,N2,1,2275,
0,µm^3,Surface,N2,1,2276,
0,µm^3,Surface,N2,1,2277,
0,µm^3,Surface,N2,1,2279,
0,µm^3,Surface,N2,1,2280,
0,µm^3,Surface,N2,1,2281,
0,µm^3,Surface,N2,1,2282,
0,µm^3,Surface,N2,1,2283,
0,µm^3,Surface,N2,1,2284,
0,µm^3,Surface,N2,1,2287,
0,µm^3,Surface,N2,1,2288,
0,µm^3,Surface,N2,1,2289,
0,µm^3,Surface,N2,1,2290,
0,µm^3,Surface,N2,1,2292,
0,µm^3,Surface,N2,1,2293,
0,µm^3,Surface,N2,1,2294,
0,µm^3,Surface,N2,1,2295,
0,µm^3,Surface,N2,1,2297,
0,µm^3,Surface,N2,1,2299,
0,µm^3,Surface,N2,1,2304,
0,µm^3,Surface,N2,1,2305,
0.00307067,µm^3,Surface,N2,1,2306,
0,µm^3,Surface,N2,1,2307,
0,µm^3,Surface,N2,1,2308,
0,µm^3,Surface,N2,1,2309,
0,µm^3,Surface,N2,1,2310,
0,µm^3,Surface,N2,1,2312,
0,µm^3,Surface,N2,1,2313,
0,µm^3,Surface,N2,1,2317,
0,µm^3,Surface,N2,1,2318,
0,µm^3,Surface,N2,1,2319,
0,µm^3,Surface,N2,1,2321,
0,µm^3,Surface,N2,1,2322,
0,µm^3,Surface,N2,1,2324,
0,µm^3,Surface,N2,1,2325,
0,µm^3,Surface,N2,1,2326,
0,µm^3,Surface,N2,1,2327,
0,µm^3,Surface,N2,1,2328,
0,µm^3,Surface,N2,1,2330,
0,µm^3,Surface,N2,1,2331,
0,µm^3,Surface,N2,1,2332,
0,µm^3,Surface,N2,1,2334,
0.0399744,µm^3,Surface,N2,1,2335,
0,µm^3,Surface,N2,1,2336,
0,µm^3,Surface,N2,1,2337,
0,µm^3,Surface,N2,1,2339,
0,µm^3,Surface,N2,1,2340,
0,µm^3,Surface,N2,1,2341,
0,µm^3,Surface,N2,1,2342,
0,µm^3,Surface,N2,1,2343,
0,µm^3,Surface,N2,1,2345,
0,µm^3,Surface,N2,1,2346,
0,µm^3,Surface,N2,1,2347,
0,µm^3,Surface,N2,1,2348,
0,µm^3,Surface,N2,1,2349,
0,µm^3,Surface,N2,1,2350,
0.00147279,µm^3,Surface,N2,1,2351,
0,µm^3,Surface,N2,1,2354,
0,µm^3,Surface,N2,1,2356,
0,µm^3,Surface,N2,1,2358,
0,µm^3,Surface,N2,1,2359,
0,µm^3,Surface,N2,1,2360,
0,µm^3,Surface,N2,1,2361,
0,µm^3,Surface,N2,1,2363,
0,µm^3,Surface,N2,1,2364,
0,µm^3,Surface,N2,1,2365,
0,µm^3,Surface,N2,1,2366,
0,µm^3,Surface,N2,1,2367,
0,µm^3,Surface,N2,1,2368,
0,µm^3,Surface,N2,1,2369,
0,µm^3,Surface,N2,1,2370,
0,µm^3,Surface,N2,1,2371,
0,µm^3,Surface,N2,1,2372,
0,µm^3,Surface,N2,1,2373,
0,µm^3,Surface,N2,1,2374,
0,µm^3,Surface,N2,1,2379,
0,µm^3,Surface,N2,1,2381,
0,µm^3,Surface,N2,1,2382,
0,µm^3,Surface,N2,1,2383,
0,µm^3,Surface,N2,1,2385,
0,µm^3,Surface,N2,1,2386,
0,µm^3,Surface,N2,1,2388,
0,µm^3,Surface,N2,1,2390,
0,µm^3,Surface,N2,1,2391,
0,µm^3,Surface,N2,1,2392,
0,µm^3,Surface,N2,1,2393,
0.000284836,µm^3,Surface,N2,1,2395,
0,µm^3,Surface,N2,1,2396,
0,µm^3,Surface,N2,1,2397,
0,µm^3,Surface,N2,1,2398,
0,µm^3,Surface,N2,1,2399,
0,µm^3,Surface,N2,1,2400,
0,µm^3,Surface,N2,1,2401,
0,µm^3,Surface,N2,1,2402,
0,µm^3,Surface,N2,1,2403,
0,µm^3,Surface,N2,1,2404,
0.0004863,µm^3,Surface,N2,1,2405,
0,µm^3,Surface,N2,1,2406,
0,µm^3,Surface,N2,1,2407,
0,µm^3,Surface,N2,1,2408,
0,µm^3,Surface,N2,1,2409,
0,µm^3,Surface,N2,1,2410,
0,µm^3,Surface,N2,1,2411,
0,µm^3,Surface,N2,1,2415,
0.000437673,µm^3,Surface,N2,1,2417,
0,µm^3,Surface,N2,1,2418,
0,µm^3,Surface,N2,1,2420,
0,µm^3,Surface,N2,1,2421,
0,µm^3,Surface,N2,1,2423,
0,µm^3,Surface,N2,1,2424,
0,µm^3,Surface,N2,1,2426,
0,µm^3,Surface,N2,1,2427,
0,µm^3,Surface,N2,1,2429,
0,µm^3,Surface,N2,1,2430,
0,µm^3,Surface,N2,1,2431,
0,µm^3,Surface,N2,1,2432,
0,µm^3,Surface,N2,1,2433,
0,µm^3,Surface,N2,1,2435,
0,µm^3,Surface,N2,1,2436,
0.0655954,µm^3,Surface,N2,1,2437,
0,µm^3,Surface,N2,1,2438,
0,µm^3,Surface,N2,1,2441,
0,µm^3,Surface,N2,1,2442,
0,µm^3,Surface,N2,1,2443,
0,µm^3,Surface,N2,1,2444,
0,µm^3,Surface,N2,1,2445,
0,µm^3,Surface,N2,1,2446,
0,µm^3,Surface,N2,1,2447,
0,µm^3,Surface,N2,1,2448,
0,µm^3,Surface,N2,1,2451,
0.00944819,µm^3,Surface,N2,1,2453,
0,µm^3,Surface,N2,1,2454,
0,µm^3,Surface,N2,1,2455,
0,µm^3,Surface,N2,1,2456,
0,µm^3,Surface,N2,1,2458,
0,µm^3,Surface,N2,1,2459,
0,µm^3,Surface,N2,1,2460,
0,µm^3,Surface,N2,1,2463,
0,µm^3,Surface,N2,1,2465,
0,µm^3,Surface,N2,1,2467,
0,µm^3,Surface,N2,1,2469,
0,µm^3,Surface,N2,1,2470,
0,µm^3,Surface,N2,1,2472,
0,µm^3,Surface,N2,1,2473,
0,µm^3,Surface,N2,1,2475,
0,µm^3,Surface,N2,1,2476,
0,µm^3,Surface,N2,1,2477,
0,µm^3,Surface,N2,1,2479,
0,µm^3,Surface,N2,1,2480,
0,µm^3,Surface,N2,1,2481,
0,µm^3,Surface,N2,1,2483,
0,µm^3,Surface,N2,1,2484,
0,µm^3,Surface,N2,1,2485,
0,µm^3,Surface,N2,1,2486,
0,µm^3,Surface,N2,1,2487,
0,µm^3,Surface,N2,1,2490,
0,µm^3,Surface,N2,1,2491,
0,µm^3,Surface,N2,1,2492,
0,µm^3,Surface,N2,1,2493,
0,µm^3,Surface,N2,1,2494,
0,µm^3,Surface,N2,1,2495,
0.0306096,µm^3,Surface,N2,1,2496,
0,µm^3,Surface,N2,1,2497,
0,µm^3,Surface,N2,1,2498,
0,µm^3,Surface,N2,1,2499,
0,µm^3,Surface,N2,1,2500,
0,µm^3,Surface,N2,1,2501,
0,µm^3,Surface,N2,1,2502,
0,µm^3,Surface,N2,1,2504,
0,µm^3,Surface,N2,1,2505,
0,µm^3,Surface,N2,1,2506,
0,µm^3,Surface,N2,1,2507,
0,µm^3,Surface,N2,1,2508,
0.0011185,µm^3,Surface,N2,1,2509,
0,µm^3,Surface,N2,1,2511,
0,µm^3,Surface,N2,1,2512,
0,µm^3,Surface,N2,1,2513,
0,µm^3,Surface,N2,1,2514,
0,µm^3,Surface,N2,1,2515,
0,µm^3,Surface,N2,1,2520,
0,µm^3,Surface,N2,1,2523,
0,µm^3,Surface,N2,1,2525,
0,µm^3,Surface,N2,1,2526,
0,µm^3,Surface,N2,1,2527,
0,µm^3,Surface,N2,1,2528,
0,µm^3,Surface,N2,1,2532,
0,µm^3,Surface,N2,1,2533,
0,µm^3,Surface,N2,1,2536,
0,µm^3,Surface,N2,1,2537,
0,µm^3,Surface,N2,1,2538,
0,µm^3,Surface,N2,1,2540,
0,µm^3,Surface,N2,1,2541,
0,µm^3,Surface,N2,1,2544,
0,µm^3,Surface,N2,1,2545,
0,µm^3,Surface,N2,1,2546,
0,µm^3,Surface,N2,1,2548,
0,µm^3,Surface,N2,1,2549,
0,µm^3,Surface,N2,1,2550,
0,µm^3,Surface,N2,1,2553,
0,µm^3,Surface,N2,1,2556,
0,µm^3,Surface,N2,1,2557,
0,µm^3,Surface,N2,1,2558,
0,µm^3,Surface,N2,1,2560,
0,µm^3,Surface,N2,1,2562,
0,µm^3,Surface,N2,1,2564,
0,µm^3,Surface,N2,1,2565,
0,µm^3,Surface,N2,1,2566,
0,µm^3,Surface,N2,1,2568,
0,µm^3,Surface,N2,1,2569,
5.55776e-05,µm^3,Surface,N2,1,2570,
0,µm^3,Surface,N2,1,2571,
0,µm^3,Surface,N2,1,2572,
0,µm^3,Surface,N2,1,2573,
9.72609e-05,µm^3,Surface,N2,1,2576,
0,µm^3,Surface,N2,1,2577,
0,µm^3,Surface,N2,1,2578,
0,µm^3,Surface,N2,1,2579,
0,µm^3,Surface,N2,1,2581,
0,µm^3,Surface,N2,1,2583,
0,µm^3,Surface,N2,1,2585,
0,µm^3,Surface,N2,1,2586,
0,µm^3,Surface,N2,1,2587,
0,µm^3,Surface,N2,1,2588,
0,µm^3,Surface,N2,1,2590,
0,µm^3,Surface,N2,1,2591,
0,µm^3,Surface,N2,1,2592,
0,µm^3,Surface,N2,1,2593,
0,µm^3,Surface,N2,1,2594,
0,µm^3,Surface,N2,1,2595,
0,µm^3,Surface,N2,1,2598,
0,µm^3,Surface,N2,1,2602,
0,µm^3,Surface,N2,1,2603,
0,µm^3,Surface,N2,1,2606,
0,µm^3,Surface,N2,1,2607,
0,µm^3,Surface,N2,1,2609,
0,µm^3,Surface,N2,1,2610,
0,µm^3,Surface,N2,1,2611,
0,µm^3,Surface,N2,1,2612,
0,µm^3,Surface,N2,1,2613,
0,µm^3,Surface,N2,1,2615,
0,µm^3,Surface,N2,1,2616,
0,µm^3,Surface,N2,1,2618,
0,µm^3,Surface,N2,1,2619,
0,µm^3,Surface,N2,1,2620,
0,µm^3,Surface,N2,1,2622,
0,µm^3,Surface,N2,1,2623,
0.000159786,µm^3,Surface,N2,1,2624,
0.000194522,µm^3,Surface,N2,1,2625,
0,µm^3,Surface,N2,1,2627,
0,µm^3,Surface,N2,1,2629,
0,µm^3,Surface,N2,1,2632,
0,µm^3,Surface,N2,1,2633,
7.64192e-05,µm^3,Surface,N2,1,2634,
0,µm^3,Surface,N2,1,2635,
0,µm^3,Surface,N2,1,2636,
0,µm^3,Surface,N2,1,2637,
0,µm^3,Surface,N2,1,2641,
0,µm^3,Surface,N2,1,2642,
0.00660681,µm^3,Surface,N2,1,2646,
0,µm^3,Surface,N2,1,2647,
0,µm^3,Surface,N2,1,2654,
7.64194e-05,µm^3,Surface,N2,1,2655,
0,µm^3,Surface,N2,1,2660,
6.25249e-05,µm^3,Surface,N2,1,2661,
0.000361253,µm^3,Surface,N2,1,2662,
0,µm^3,Surface,N2,1,2664,
0,µm^3,Surface,N2,1,2665,
0,µm^3,Surface,N2,1,2666,
0,µm^3,Surface,N2,1,2667,
0,µm^3,Surface,N2,1,2669,
0,µm^3,Surface,N2,1,2671,
0,µm^3,Surface,N2,1,2675,
0,µm^3,Surface,N2,1,2678,
0,µm^3,Surface,N2,1,2679,
0,µm^3,Surface,N2,1,2680,
0.00237594,µm^3,Surface,N2,1,2681,
0.0397659,µm^3,Surface,N2,1,2682,
0,µm^3,Surface,N2,1,2683,
0,µm^3,Surface,N2,1,2684,
0,µm^3,Surface,N2,1,2687,
0,µm^3,Surface,N2,1,2691,
0,µm^3,Surface,N2,1,2699,
0,µm^3,Surface,N2,1,2702,
0,µm^3,Surface,N2,1,2704,
0,µm^3,Surface,N2,1,2708,
0,µm^3,Surface,N2,1,2709,
0.0141654,µm^3,Surface,N2,1,2710,
0,µm^3,Surface,N2,1,2714,
0,µm^3,Surface,N2,1,2717,
0,µm^3,Surface,N2,1,2723,
0,µm^3,Surface,N2,1,2725,
0,µm^3,Surface,N2,1,2729,
0,µm^3,Surface,N2,1,2731,
0,µm^3,Surface,N2,1,2733,
0.0657135,µm^3,Surface,N2,1,2737,
0,µm^3,Surface,N2,1,2738,
0,µm^3,Surface,N2,1,2739,
0,µm^3,Surface,N2,1,2740,
0,µm^3,Surface,N2,1,2741,
0,µm^3,Surface,N2,1,2742,
0,µm^3,Surface,N2,1,2743,
0.0067666,µm^3,Surface,N2,1,2744,
0,µm^3,Surface,N2,1,2746,
0,µm^3,Surface,N2,1,2750,
0,µm^3,Surface,N2,1,2751,
0,µm^3,Surface,N2,1,2755,
0,µm^3,Surface,N2,1,2756,
6.94719e-06,µm^3,Surface,N2,1,2757,
0,µm^3,Surface,N2,1,2758,
0,µm^3,Surface,N2,1,2760,
0,µm^3,Surface,N2,1,2762,
0,µm^3,Surface,N2,1,2764,
0,µm^3,Surface,N2,1,2765,
0,µm^3,Surface,N2,1,2766,
0,µm^3,Surface,N2,1,2770,
0,µm^3,Surface,N2,1,2772,
0,µm^3,Surface,N2,1,2775,
0.000840616,µm^3,Surface,N2,1,2776,
0.000152839,µm^3,Surface,N2,1,2777,
0,µm^3,Surface,N2,1,2778,
0,µm^3,Surface,N2,1,2792,
0,µm^3,Surface,N2,1,2794,
0,µm^3,Surface,N2,1,2796,
0,µm^3,Surface,N2,1,2798,
0,µm^3,Surface,N2,1,2802,
0,µm^3,Surface,N2,1,2806,
0,µm^3,Surface,N2,1,2807,
0,µm^3,Surface,N2,1,2809,
0,µm^3,Surface,N2,1,2810,
0,µm^3,Surface,N2,1,2811,
0,µm^3,Surface,N2,1,2815,
0,µm^3,Surface,N2,1,2816,
0,µm^3,Surface,N2,1,2817,
0,µm^3,Surface,N2,1,2818,
0,µm^3,Surface,N2,1,2820,
0,µm^3,Surface,N2,1,2821,
0,µm^3,Surface,N2,1,2824,
0,µm^3,Surface,N2,1,2825,
0,µm^3,Surface,N2,1,2827,
0,µm^3,Surface,N2,1,2830,
0,µm^3,Surface,N2,1,2831,
0.0116088,µm^3,Surface,N2,1,2833,
0,µm^3,Surface,N2,1,2837,
0.0106015,µm^3,Surface,N2,1,2838,
0,µm^3,Surface,N2,1,2839,
0,µm^3,Surface,N2,1,2840,
0,µm^3,Surface,N2,1,2842,
0,µm^3,Surface,N2,1,2843,
0,µm^3,Surface,N2,1,2845,
0,µm^3,Surface,N2,1,2848,
0,µm^3,Surface,N2,1,2850,
0,µm^3,Surface,N2,1,2852,
0,µm^3,Surface,N2,1,2853,
0,µm^3,Surface,N2,1,2858,
0,µm^3,Surface,N2,1,2862,
0,µm^3,Surface,N2,1,2863,
0,µm^3,Surface,N2,1,2867,
0,µm^3,Surface,N2,1,2868,
0,µm^3,Surface,N2,1,2872,
0,µm^3,Surface,N2,1,2873,
0,µm^3,Surface,N2,1,2876,
0,µm^3,Surface,N2,1,2880,
0,µm^3,Surface,N2,1,2881,
0,µm^3,Surface,N2,1,2883,
0,µm^3,Surface,N2,1,2884,
0,µm^3,Surface,N2,1,2885,
0.000451569,µm^3,Surface,N2,1,2886,
0,µm^3,Surface,N2,1,2888,
0,µm^3,Surface,N2,1,2890,
0,µm^3,Surface,N2,1,2891,
0,µm^3,Surface,N2,1,2894,
0,µm^3,Surface,N2,1,2895,
0,µm^3,Surface,N2,1,2897,
0,µm^3,Surface,N2,1,2903,
0,µm^3,Surface,N2,1,2907,
0,µm^3,Surface,N2,1,2916,
0,µm^3,Surface,N2,1,2918,
0,µm^3,Surface,N2,1,2920,
0,µm^3,Surface,N2,1,2921,
0,µm^3,Surface,N2,1,2923,
0,µm^3,Surface,N2,1,2926,
0,µm^3,Surface,N2,1,2927,
0,µm^3,Surface,N2,1,2931,
0,µm^3,Surface,N2,1,2932,
0,µm^3,Surface,N2,1,2934,
0,µm^3,Surface,N2,1,2937,
0,µm^3,Surface,N2,1,2938,
0,µm^3,Surface,N2,1,2940,
0,µm^3,Surface,N2,1,2941,
0,µm^3,Surface,N2,1,2948,
0,µm^3,Surface,N2,1,2950,
0.0250379,µm^3,Surface,N2,1,2956,
0,µm^3,Surface,N2,1,2959,
0,µm^3,Surface,N2,1,2962,
0,µm^3,Surface,N2,1,2966,
0,µm^3,Surface,N2,1,2969,
0,µm^3,Surface,N2,1,2974,
0,µm^3,Surface,N2,1,2976,
0,µm^3,Surface,N2,1,2977,
0.0201956,µm^3,Surface,N2,1,2984,
0,µm^3,Surface,N2,1,2985,
0,µm^3,Surface,N2,1,2986,
0,µm^3,Surface,N2,1,2990,
0,µm^3,Surface,N2,1,2994,
0,µm^3,Surface,N2,1,2998,
0,µm^3,Surface,N2,1,3000,
0,µm^3,Surface,N2,1,3004,
0,µm^3,Surface,N2,1,3006,
0,µm^3,Surface,N2,1,3007,
0,µm^3,Surface,N2,1,3019,
0,µm^3,Surface,N2,1,3023,
0,µm^3,Surface,N2,1,3024,
0,µm^3,Surface,N2,1,3027,
0,µm^3,Surface,N2,1,3029,
0,µm^3,Surface,N2,1,3035,
0,µm^3,Surface,N2,1,3039,
0,µm^3,Surface,N2,1,3041,
0,µm^3,Surface,N2,1,3044,
0,µm^3,Surface,N2,1,3046,
0,µm^3,Surface,N2,1,3047,
0,µm^3,Surface,N2,1,3056,
0,µm^3,Surface,N2,1,3058,
0,µm^3,Surface,N2,1,3059,
0,µm^3,Surface,N2,1,3061,
0,µm^3,Surface,N2,1,3062,
0,µm^3,Surface,N2,1,3065,
0,µm^3,Surface,N2,1,3074,
0,µm^3,Surface,N2,1,3075,
0,µm^3,Surface,N2,1,3077,
0,µm^3,Surface,N2,1,3083,
0,µm^3,Surface,N2,1,3088,
0,µm^3,Surface,N2,1,3089,
0,µm^3,Surface,N2,1,3090,
0,µm^3,Surface,N2,1,3093,
0,µm^3,Surface,N2,1,3095,
0,µm^3,Surface,N2,1,3099,
0,µm^3,Surface,N2,1,3101,
0,µm^3,Surface,N2,1,3102,
0,µm^3,Surface,N2,1,3104,
0,µm^3,Surface,N2,1,3111,
0,µm^3,Surface,N2,1,3115,
0,µm^3,Surface,N2,1,3116,
0,µm^3,Surface,N2,1,3117,
0,µm^3,Surface,N2,1,3119,
0,µm^3,Surface,N2,1,3124,
0,µm^3,Surface,N2,1,3127,
0,µm^3,Surface,N2,1,3128,
0,µm^3,Surface,N2,1,3130,
0,µm^3,Surface,N2,1,3132,
0,µm^3,Surface,N2,1,3139,
0,µm^3,Surface,N2,1,3140,
0,µm^3,Surface,N2,1,3141,
0,µm^3,Surface,N2,1,3143,
0,µm^3,Surface,N2,1,3148,
0,µm^3,Surface,N2,1,3156,
0,µm^3,Surface,N2,1,3163,
0,µm^3,Surface,N2,1,3166,
0,µm^3,Surface,N2,1,3167,
0,µm^3,Surface,N2,1,3171,
0,µm^3,Surface,N2,1,3173,
0,µm^3,Surface,N2,1,3174,
0,µm^3,Surface,N2,1,3184,
0,µm^3,Surface,N2,1,3189,
0,µm^3,Surface,N2,1,3190,
0,µm^3,Surface,N2,1,3195,
0,µm^3,Surface,N2,1,3198,
0,µm^3,Surface,N2,1,3200,
0,µm^3,Surface,N2,1,3201,
0,µm^3,Surface,N2,1,3204,
0,µm^3,Surface,N2,1,3211,
0,µm^3,Surface,N2,1,3227,
0,µm^3,Surface,N2,1,3228,
0,µm^3,Surface,N2,1,3230,
0,µm^3,Surface,N2,1,3234,
0,µm^3,Surface,N2,1,3249,
0,µm^3,Surface,N2,1,3257,
0,µm^3,Surface,N2,1,3258,
0,µm^3,Surface,N2,1,3261,
0,µm^3,Surface,N2,1,3263,
0,µm^3,Surface,N2,1,3267,
0,µm^3,Surface,N2,1,3268,
0,µm^3,Surface,N2,1,3271,
0,µm^3,Surface,N2,1,3279,
0,µm^3,Surface,N2,1,3286,
0,µm^3,Surface,N2,1,3294,
0,µm^3,Surface,N2,1,3295,
0,µm^3,Surface,N2,1,3298,
0,µm^3,Surface,N2,1,3320,
0,µm^3,Surface,N2,1,3325,
0,µm^3,Surface,N2,1,3327,
0,µm^3,Surface,N2,1,3328,
0,µm^3,Surface,N2,1,3329,
0,µm^3,Surface,N2,1,3331,
0,µm^3,Surface,N2,1,3338,
0,µm^3,Surface,N2,1,3342,
0,µm^3,Surface,N2,1,3345,
0,µm^3,Surface,N2,1,3347,
0,µm^3,Surface,N2,1,3352,
0,µm^3,Surface,N2,1,3357,
0,µm^3,Surface,N2,1,3362,
0,µm^3,Surface,N2,1,3364,
0,µm^3,Surface,N2,1,3373,
0,µm^3,Surface,N2,1,3378,
0,µm^3,Surface,N2,1,3379,
0,µm^3,Surface,N2,1,3382,
0,µm^3,Surface,N2,1,3383,
0,µm^3,Surface,N2,1,3386,
0,µm^3,Surface,N2,1,3393,
0,µm^3,Surface,N2,1,3399,
0,µm^3,Surface,N2,1,3401,
0,µm^3,Surface,N2,1,3406,
0,µm^3,Surface,N2,1,3412,
0,µm^3,Surface,N2,1,3416,
0,µm^3,Surface,N2,1,3418,
0,µm^3,Surface,N2,1,3428,
0,µm^3,Surface,N2,1,3430,
0,µm^3,Surface,N2,1,3436,
0,µm^3,Surface,N2,1,3437,
0,µm^3,Surface,N2,1,3459,
0,µm^3,Surface,N2,1,3460,
0,µm^3,Surface,N2,1,3467,
0,µm^3,Surface,N2,1,3471,
0,µm^3,Surface,N2,1,3472,
0,µm^3,Surface,N2,1,3473,
0,µm^3,Surface,N2,1,3475,
0,µm^3,Surface,N2,1,3477,
0,µm^3,Surface,N2,1,3481,
0,µm^3,Surface,N2,1,3483,
0,µm^3,Surface,N2,1,3484,
0,µm^3,Surface,N2,1,3486,
0,µm^3,Surface,N2,1,3487,
0,µm^3,Surface,N2,1,3488,
0,µm^3,Surface,N2,1,3491,
0,µm^3,Surface,N2,1,3494,
0,µm^3,Surface,N2,1,3503,
0,µm^3,Surface,N2,1,3504,
0,µm^3,Surface,N2,1,3508,
0,µm^3,Surface,N2,1,3509,
0,µm^3,Surface,N2,1,3510,
0,µm^3,Surface,N2,1,3531,
0,µm^3,Surface,N2,1,3532,
0,µm^3,Surface,N2,1,3535,
0,µm^3,Surface,N2,1,3541,
0,µm^3,Surface,N2,1,3543,
0,µm^3,Surface,N2,1,3546,
0,µm^3,Surface,N2,1,3551,
0,µm^3,Surface,N2,1,3564,
0,µm^3,Surface,N2,1,3567,
0,µm^3,Surface,N2,1,3570,
0,µm^3,Surface,N2,1,3571,
0,µm^3,Surface,N2,1,3586,
0,µm^3,Surface,N2,1,3589,
0,µm^3,Surface,N2,1,3593,
0,µm^3,Surface,N2,1,3610,
0,µm^3,Surface,N2,1,3611,
0,µm^3,Surface,N2,1,3612,
0,µm^3,Surface,N2,1,3614,
0,µm^3,Surface,N2,1,3617,
0,µm^3,Surface,N2,1,3621,
0,µm^3,Surface,N2,1,3622,
0,µm^3,Surface,N2,1,3626,
0,µm^3,Surface,N2,1,3628,
0,µm^3,Surface,N2,1,3641,
0,µm^3,Surface,N2,1,3643,
0,µm^3,Surface,N2,1,3646,
0,µm^3,Surface,N2,1,3647,
0,µm^3,Surface,N2,1,3659,
0,µm^3,Surface,N2,1,3662,
0,µm^3,Surface,N2,1,3664,
0,µm^3,Surface,N2,1,3666,
0,µm^3,Surface,N2,1,3672,
0,µm^3,Surface,N2,1,3678,
0,µm^3,Surface,N2,1,3680,
0,µm^3,Surface,N2,1,3687,
0,µm^3,Surface,N2,1,3690,
0,µm^3,Surface,N2,1,3700,
0,µm^3,Surface,N2,1,3706,
0,µm^3,Surface,N2,1,3707,
0,µm^3,Surface,N2,1,3710,
0,µm^3,Surface,N2,1,3718,
0,µm^3,Surface,N2,1,3720,
0,µm^3,Surface,N2,1,3721,
0,µm^3,Surface,N2,1,3722,
0,µm^3,Surface,N2,1,3724,
0,µm^3,Surface,N2,1,3726,
0,µm^3,Surface,N2,1,3731,
0,µm^3,Surface,N2,1,3733,
0,µm^3,Surface,N2,1,3734,
0,µm^3,Surface,N2,1,3737,
0,µm^3,Surface,N2,1,3740,
0,µm^3,Surface,N2,1,3741,
0,µm^3,Surface,N2,1,3742,
0,µm^3,Surface,N2,1,3746,
0,µm^3,Surface,N2,1,3747,
0,µm^3,Surface,N2,1,3748,
0,µm^3,Surface,N2,1,3752,
0,µm^3,Surface,N2,1,3756,
0,µm^3,Surface,N2,1,3760,
0,µm^3,Surface,N2,1,3761,
0,µm^3,Surface,N2,1,3770,
0,µm^3,Surface,N2,1,3772,
0,µm^3,Surface,N2,1,3776,
0,µm^3,Surface,N2,1,3779,
0,µm^3,Surface,N2,1,3781,
0,µm^3,Surface,N2,1,3783,
0,µm^3,Surface,N2,1,3784,
0,µm^3,Surface,N2,1,3786,
0,µm^3,Surface,N2,1,3789,
0,µm^3,Surface,N2,1,3792,
0,µm^3,Surface,N2,1,3796,
0,µm^3,Surface,N2,1,3797,
0,µm^3,Surface,N2,1,3799,
0,µm^3,Surface,N2,1,3800,
0,µm^3,Surface,N2,1,3805,
0,µm^3,Surface,N2,1,3806,
0,µm^3,Surface,N2,1,3807,
0,µm^3,Surface,N2,1,3809,
0,µm^3,Surface,N2,1,3810,
0,µm^3,Surface,N2,1,3811,
0,µm^3,Surface,N2,1,3812,
0,µm^3,Surface,N2,1,3821,
0,µm^3,Surface,N2,1,3824,
0,µm^3,Surface,N2,1,3825,
0,µm^3,Surface,N2,1,3829,
0,µm^3,Surface,N2,1,3830,
0,µm^3,Surface,N2,1,3831,
0,µm^3,Surface,N2,1,3833,
0,µm^3,Surface,N2,1,3835,
0,µm^3,Surface,N2,1,3836,
0,µm^3,Surface,N2,1,3839,
0,µm^3,Surface,N2,1,3840,
0,µm^3,Surface,N2,1,3841,
0,µm^3,Surface,N2,1,3842,
0,µm^3,Surface,N2,1,3843,
0,µm^3,Surface,N2,1,3844,
0,µm^3,Surface,N2,1,3845,
0,µm^3,Surface,N2,1,3848,
0,µm^3,Surface,N2,1,3849,
0,µm^3,Surface,N2,1,3850,
0,µm^3,Surface,N2,1,3851,
0,µm^3,Surface,N2,1,3852,
0,µm^3,Surface,N2,1,3853,
0,µm^3,Surface,N2,1,3855,
0,µm^3,Surface,N2,1,3857,
0,µm^3,Surface,N2,1,3859,
0,µm^3,Surface,N2,1,3862,
0,µm^3,Surface,N2,1,3863,
0,µm^3,Surface,N2,1,3864,
0,µm^3,Surface,N2,1,3866,
0,µm^3,Surface,N2,1,3868,
0,µm^3,Surface,N2,1,3870,
0,µm^3,Surface,N2,1,3871,
0,µm^3,Surface,N2,1,3873,
0,µm^3,Surface,N2,1,3875,
0,µm^3,Surface,N2,1,3878,
0,µm^3,Surface,N2,1,3879,
0,µm^3,Surface,N2,1,3882,
0,µm^3,Surface,N2,1,3886,
0,µm^3,Surface,N2,1,3888,
0,µm^3,Surface,N2,1,3889,
0,µm^3,Surface,N2,1,3890,
0,µm^3,Surface,N2,1,3891,
0,µm^3,Surface,N2,1,3892,
0,µm^3,Surface,N2,1,3893,
0,µm^3,Surface,N2,1,3894,
0,µm^3,Surface,N2,1,3895,
0,µm^3,Surface,N2,1,3896,
0,µm^3,Surface,N2,1,3897,
0,µm^3,Surface,N2,1,3899,
0,µm^3,Surface,N2,1,3900,
0,µm^3,Surface,N2,1,3901,
0,µm^3,Surface,N2,1,3902,
0,µm^3,Surface,N2,1,3903,
0,µm^3,Surface,N2,1,3904,
0,µm^3,Surface,N2,1,3905,
0,µm^3,Surface,N2,1,3907,
0,µm^3,Surface,N2,1,3908,
0,µm^3,Surface,N2,1,3909,
0,µm^3,Surface,N2,1,3910,
0,µm^3,Surface,N2,1,3911,
0,µm^3,Surface,N2,1,3913,
0,µm^3,Surface,N2,1,3914,
0,µm^3,Surface,N2,1,3916,
0,µm^3,Surface,N2,1,3917,
0,µm^3,Surface,N2,1,3918,
0,µm^3,Surface,N2,1,3919,
0,µm^3,Surface,N2,1,3920,
0,µm^3,Surface,N2,1,3921,
0,µm^3,Surface,N2,1,3922,
0,µm^3,Surface,N2,1,3923,
0,µm^3,Surface,N2,1,3925,
0,µm^3,Surface,N2,1,3926,
0,µm^3,Surface,N2,1,3927,
0,µm^3,Surface,N2,1,3931,
0,µm^3,Surface,N2,1,3933,
0,µm^3,Surface,N2,1,3936,
0,µm^3,Surface,N2,1,3937,
0,µm^3,Surface,N2,1,3938,
0,µm^3,Surface,N2,1,3941,
0,µm^3,Surface,N2,1,3942,
0,µm^3,Surface,N2,1,3943,
0,µm^3,Surface,N2,1,3944,
0,µm^3,Surface,N2,1,3945,
0,µm^3,Surface,N2,1,3946,
0,µm^3,Surface,N2,1,3947,
0,µm^3,Surface,N2,1,3948,
0,µm^3,Surface,N2,1,3949,
0,µm^3,Surface,N2,1,3950,
0,µm^3,Surface,N2,1,3951,
0,µm^3,Surface,N2,1,3952,
0,µm^3,Surface,N2,1,3953,
0,µm^3,Surface,N2,1,3954,
0,µm^3,Surface,N2,1,3955,
0,µm^3,Surface,N2,1,3956,
0,µm^3,Surface,N2,1,3957,
0,µm^3,Surface,N2,1,3958,
0,µm^3,Surface,N2,1,3959,
0,µm^3,Surface,N2,1,3960,
0,µm^3,Surface,N2,1,3961,
0,µm^3,Surface,N2,1,3962,
0,µm^3,Surface,N2,1,3963,
0,µm^3,Surface,N2,1,3964,
0,µm^3,Surface,N2,1,3965,
0,µm^3,Surface,N2,1,3966,
0,µm^3,Surface,N2,1,3967,
0,µm^3,Surface,N2,1,3968,
0,µm^3,Surface,N2,1,3969,
0,µm^3,Surface,N2,1,3970,
0,µm^3,Surface,N2,1,3971,
0,µm^3,Surface,N2,1,3972,
0,µm^3,Surface,N2,1,3974,
0,µm^3,Surface,N2,1,3975,
0,µm^3,Surface,N2,1,3976,
0,µm^3,Surface,N2,1,3977,
0,µm^3,Surface,N2,1,3978,
0,µm^3,Surface,N2,1,3979,
0,µm^3,Surface,N2,1,3980,
0,µm^3,Surface,N2,1,3981,
0,µm^3,Surface,N2,1,3982,
0,µm^3,Surface,N2,1,3983,
0,µm^3,Surface,N2,1,3984,
0,µm^3,Surface,N2,1,3985,
0,µm^3,Surface,N2,1,3986,
0,µm^3,Surface,N2,1,3988,
0,µm^3,Surface,N2,1,3989,
0,µm^3,Surface,N2,1,3992,
0,µm^3,Surface,N2,1,3993,
0,µm^3,Surface,N2,1,3994,
0,µm^3,Surface,N2,1,3996,
0,µm^3,Surface,N2,1,3997,
0,µm^3,Surface,N2,1,3998,
0,µm^3,Surface,N2,1,3999,
0,µm^3,Surface,N2,1,4000,
0,µm^3,Surface,N2,1,4001,
0,µm^3,Surface,N2,1,4002,
0,µm^3,Surface,N2,1,4003,
0,µm^3,Surface,N2,1,4004,
0,µm^3,Surface,N2,1,4005,
0,µm^3,Surface,N2,1,4006,
0,µm^3,Surface,N2,1,4007,
0,µm^3,Surface,N2,1,4008,
0,µm^3,Surface,N2,1,4009,
0,µm^3,Surface,N2,1,4010,
0,µm^3,Surface,N2,1,4012,
0,µm^3,Surface,N2,1,4013,
0,µm^3,Surface,N2,1,4014,
0,µm^3,Surface,N2,1,4015,
0,µm^3,Surface,N2,1,4016,
0,µm^3,Surface,N2,1,4017,
0,µm^3,Surface,N2,1,4018,
0,µm^3,Surface,N2,1,4019,
0,µm^3,Surface,N2,1,4020,
0,µm^3,Surface,N2,1,4021,
0,µm^3,Surface,N2,1,4022,
0,µm^3,Surface,N2,1,4024,
0,µm^3,Surface,N2,1,4026,
0,µm^3,Surface,N2,1,4027,
0,µm^3,Surface,N2,1,4028,
0,µm^3,Surface,N2,1,4029,
0,µm^3,Surface,N2,1,4030,
0,µm^3,Surface,N2,1,4031,
0,µm^3,Surface,N2,1,4032,
0,µm^3,Surface,N2,1,4033,
0,µm^3,Surface,N2,1,4034,
0,µm^3,Surface,N2,1,4035,
0,µm^3,Surface,N2,1,4036,
0,µm^3,Surface,N2,1,4037,
0,µm^3,Surface,N2,1,4038,
0,µm^3,Surface,N2,1,4039,
0,µm^3,Surface,N2,1,4040,
0,µm^3,Surface,N2,1,4041,
0,µm^3,Surface,N2,1,4042,
0,µm^3,Surface,N2,1,4043,
0,µm^3,Surface,N2,1,4044,
0,µm^3,Surface,N2,1,4045,
0,µm^3,Surface,N2,1,4046,
0,µm^3,Surface,N2,1,4047,
0,µm^3,Surface,N2,1,4048,
0,µm^3,Surface,N2,1,4049,
0,µm^3,Surface,N2,1,4050,
0,µm^3,Surface,N2,1,4052,
0,µm^3,Surface,N2,1,4053,
0,µm^3,Surface,N2,1,4054,
0,µm^3,Surface,N2,1,4056,
0,µm^3,Surface,N2,1,4057,
0,µm^3,Surface,N2,1,4059,
0,µm^3,Surface,N2,1,4061,
0,µm^3,Surface,N2,1,4062,
0,µm^3,Surface,N2,1,4063,
0,µm^3,Surface,N2,1,4064,
0,µm^3,Surface,N2,1,4065,
0,µm^3,Surface,N2,1,4066,
0,µm^3,Surface,N2,1,4067,
0,µm^3,Surface,N2,1,4068,
0,µm^3,Surface,N2,1,4069,
0,µm^3,Surface,N2,1,4071,
0,µm^3,Surface,N2,1,4072,
0,µm^3,Surface,N2,1,4073,
0,µm^3,Surface,N2,1,4074,
0,µm^3,Surface,N2,1,4075,
0,µm^3,Surface,N2,1,4076,
0,µm^3,Surface,N2,1,4077,
0,µm^3,Surface,N2,1,4078,
0,µm^3,Surface,N2,1,4079,
0,µm^3,Surface,N2,1,4080,
0,µm^3,Surface,N2,1,4083,
0,µm^3,Surface,N2,1,4085,
0,µm^3,Surface,N2,1,4086,
0,µm^3,Surface,N2,1,4087,
0,µm^3,Surface,N2,1,4088,
0,µm^3,Surface,N2,1,4089,
