
Time
 ==================== 
Time,Unit,Category,Time,ID,
0,s,Surface,1,1,
0,s,Surface,1,2,
0,s,Surface,1,3,
0,s,Surface,1,4,
0,s,Surface,1,5,
0,s,Surface,1,6,
0,s,Surface,1,7,
0,s,Surface,1,8,
0,s,Surface,1,9,
0,s,Surface,1,10,
0,s,Surface,1,11,
0,s,Surface,1,12,
0,s,Surface,1,13,
0,s,Surface,1,14,
0,s,Surface,1,15,
0,s,Surface,1,16,
0,s,Surface,1,17,
0,s,Surface,1,18,
0,s,Surface,1,19,
0,s,Surface,1,20,
0,s,Surface,1,21,
0,s,Surface,1,22,
0,s,Surface,1,23,
0,s,Surface,1,24,
0,s,Surface,1,25,
0,s,Surface,1,26,
0,s,Surface,1,27,
0,s,Surface,1,28,
0,s,Surface,1,29,
0,s,Surface,1,30,
0,s,Surface,1,31,
0,s,Surface,1,32,
0,s,Surface,1,33,
0,s,Surface,1,34,
0,s,Surface,1,35,
0,s,Surface,1,36,
0,s,Surface,1,37,
0,s,Surface,1,38,
0,s,Surface,1,39,
0,s,Surface,1,40,
0,s,Surface,1,41,
0,s,Surface,1,42,
0,s,Surface,1,43,
0,s,Surface,1,44,
0,s,Surface,1,45,
0,s,Surface,1,46,
0,s,Surface,1,47,
0,s,Surface,1,48,
0,s,Surface,1,49,
0,s,Surface,1,50,
0,s,Surface,1,51,
0,s,Surface,1,52,
0,s,Surface,1,53,
0,s,Surface,1,54,
0,s,Surface,1,55,
0,s,Surface,1,56,
0,s,Surface,1,58,
0,s,Surface,1,59,
0,s,Surface,1,60,
0,s,Surface,1,62,
0,s,Surface,1,63,
0,s,Surface,1,64,
0,s,Surface,1,65,
0,s,Surface,1,66,
0,s,Surface,1,67,
0,s,Surface,1,68,
0,s,Surface,1,69,
0,s,Surface,1,70,
0,s,Surface,1,71,
0,s,Surface,1,72,
0,s,Surface,1,73,
0,s,Surface,1,74,
0,s,Surface,1,75,
0,s,Surface,1,79,
0,s,Surface,1,80,
0,s,Surface,1,81,
0,s,Surface,1,82,
0,s,Surface,1,83,
0,s,Surface,1,84,
0,s,Surface,1,85,
0,s,Surface,1,86,
0,s,Surface,1,87,
0,s,Surface,1,88,
0,s,Surface,1,89,
0,s,Surface,1,90,
0,s,Surface,1,91,
0,s,Surface,1,92,
0,s,Surface,1,93,
0,s,Surface,1,94,
0,s,Surface,1,95,
0,s,Surface,1,96,
0,s,Surface,1,97,
0,s,Surface,1,98,
0,s,Surface,1,99,
0,s,Surface,1,100,
0,s,Surface,1,101,
0,s,Surface,1,102,
0,s,Surface,1,103,
0,s,Surface,1,104,
0,s,Surface,1,105,
0,s,Surface,1,106,
0,s,Surface,1,108,
0,s,Surface,1,109,
0,s,Surface,1,110,
0,s,Surface,1,111,
0,s,Surface,1,112,
0,s,Surface,1,113,
0,s,Surface,1,115,
0,s,Surface,1,116,
0,s,Surface,1,117,
0,s,Surface,1,118,
0,s,Surface,1,119,
0,s,Surface,1,120,
0,s,Surface,1,121,
0,s,Surface,1,122,
0,s,Surface,1,123,
0,s,Surface,1,124,
0,s,Surface,1,125,
0,s,Surface,1,126,
0,s,Surface,1,127,
0,s,Surface,1,128,
0,s,Surface,1,129,
0,s,Surface,1,131,
0,s,Surface,1,132,
0,s,Surface,1,133,
0,s,Surface,1,134,
0,s,Surface,1,135,
0,s,Surface,1,136,
0,s,Surface,1,137,
0,s,Surface,1,138,
0,s,Surface,1,139,
0,s,Surface,1,140,
0,s,Surface,1,141,
0,s,Surface,1,143,
0,s,Surface,1,144,
0,s,Surface,1,145,
0,s,Surface,1,146,
0,s,Surface,1,147,
0,s,Surface,1,148,
0,s,Surface,1,149,
0,s,Surface,1,150,
0,s,Surface,1,151,
0,s,Surface,1,152,
0,s,Surface,1,153,
0,s,Surface,1,154,
0,s,Surface,1,155,
0,s,Surface,1,156,
0,s,Surface,1,157,
0,s,Surface,1,159,
0,s,Surface,1,160,
0,s,Surface,1,161,
0,s,Surface,1,162,
0,s,Surface,1,163,
0,s,Surface,1,164,
0,s,Surface,1,165,
0,s,Surface,1,166,
0,s,Surface,1,167,
0,s,Surface,1,169,
0,s,Surface,1,170,
0,s,Surface,1,171,
0,s,Surface,1,172,
0,s,Surface,1,173,
0,s,Surface,1,174,
0,s,Surface,1,175,
0,s,Surface,1,176,
0,s,Surface,1,178,
0,s,Surface,1,179,
0,s,Surface,1,181,
0,s,Surface,1,182,
0,s,Surface,1,183,
0,s,Surface,1,184,
0,s,Surface,1,185,
0,s,Surface,1,186,
0,s,Surface,1,187,
0,s,Surface,1,189,
0,s,Surface,1,191,
0,s,Surface,1,192,
0,s,Surface,1,193,
0,s,Surface,1,194,
0,s,Surface,1,195,
0,s,Surface,1,196,
0,s,Surface,1,197,
0,s,Surface,1,198,
0,s,Surface,1,199,
0,s,Surface,1,200,
0,s,Surface,1,201,
0,s,Surface,1,202,
0,s,Surface,1,204,
0,s,Surface,1,205,
0,s,Surface,1,206,
0,s,Surface,1,208,
0,s,Surface,1,209,
0,s,Surface,1,210,
0,s,Surface,1,211,
0,s,Surface,1,212,
0,s,Surface,1,214,
0,s,Surface,1,215,
0,s,Surface,1,219,
0,s,Surface,1,220,
0,s,Surface,1,221,
0,s,Surface,1,222,
0,s,Surface,1,223,
0,s,Surface,1,224,
0,s,Surface,1,225,
0,s,Surface,1,226,
0,s,Surface,1,227,
0,s,Surface,1,229,
0,s,Surface,1,230,
0,s,Surface,1,231,
0,s,Surface,1,232,
0,s,Surface,1,233,
0,s,Surface,1,234,
0,s,Surface,1,235,
0,s,Surface,1,236,
0,s,Surface,1,237,
0,s,Surface,1,238,
0,s,Surface,1,240,
0,s,Surface,1,241,
0,s,Surface,1,242,
0,s,Surface,1,243,
0,s,Surface,1,244,
0,s,Surface,1,245,
0,s,Surface,1,246,
0,s,Surface,1,247,
0,s,Surface,1,248,
0,s,Surface,1,250,
0,s,Surface,1,251,
0,s,Surface,1,252,
0,s,Surface,1,253,
0,s,Surface,1,254,
0,s,Surface,1,256,
0,s,Surface,1,257,
0,s,Surface,1,258,
0,s,Surface,1,259,
0,s,Surface,1,260,
0,s,Surface,1,261,
0,s,Surface,1,262,
0,s,Surface,1,263,
0,s,Surface,1,264,
0,s,Surface,1,265,
0,s,Surface,1,267,
0,s,Surface,1,268,
0,s,Surface,1,270,
0,s,Surface,1,272,
0,s,Surface,1,273,
0,s,Surface,1,274,
0,s,Surface,1,275,
0,s,Surface,1,276,
0,s,Surface,1,277,
0,s,Surface,1,278,
0,s,Surface,1,279,
0,s,Surface,1,280,
0,s,Surface,1,281,
0,s,Surface,1,282,
0,s,Surface,1,283,
0,s,Surface,1,284,
0,s,Surface,1,285,
0,s,Surface,1,286,
0,s,Surface,1,287,
0,s,Surface,1,288,
0,s,Surface,1,289,
0,s,Surface,1,290,
0,s,Surface,1,291,
0,s,Surface,1,292,
0,s,Surface,1,293,
0,s,Surface,1,294,
0,s,Surface,1,295,
0,s,Surface,1,296,
0,s,Surface,1,297,
0,s,Surface,1,298,
0,s,Surface,1,299,
0,s,Surface,1,300,
0,s,Surface,1,301,
0,s,Surface,1,302,
0,s,Surface,1,303,
0,s,Surface,1,305,
0,s,Surface,1,306,
0,s,Surface,1,308,
0,s,Surface,1,309,
0,s,Surface,1,310,
0,s,Surface,1,311,
0,s,Surface,1,312,
0,s,Surface,1,313,
0,s,Surface,1,314,
0,s,Surface,1,315,
0,s,Surface,1,316,
0,s,Surface,1,319,
0,s,Surface,1,320,
0,s,Surface,1,321,
0,s,Surface,1,322,
0,s,Surface,1,323,
0,s,Surface,1,324,
0,s,Surface,1,325,
0,s,Surface,1,326,
0,s,Surface,1,327,
0,s,Surface,1,328,
0,s,Surface,1,329,
0,s,Surface,1,330,
0,s,Surface,1,331,
0,s,Surface,1,334,
0,s,Surface,1,335,
0,s,Surface,1,336,
0,s,Surface,1,337,
0,s,Surface,1,338,
0,s,Surface,1,341,
0,s,Surface,1,342,
0,s,Surface,1,343,
0,s,Surface,1,344,
0,s,Surface,1,346,
0,s,Surface,1,347,
0,s,Surface,1,348,
0,s,Surface,1,349,
0,s,Surface,1,350,
0,s,Surface,1,351,
0,s,Surface,1,352,
0,s,Surface,1,354,
0,s,Surface,1,355,
0,s,Surface,1,356,
0,s,Surface,1,357,
0,s,Surface,1,358,
0,s,Surface,1,361,
0,s,Surface,1,362,
0,s,Surface,1,363,
0,s,Surface,1,364,
0,s,Surface,1,365,
0,s,Surface,1,366,
0,s,Surface,1,368,
0,s,Surface,1,369,
0,s,Surface,1,370,
0,s,Surface,1,371,
0,s,Surface,1,373,
0,s,Surface,1,374,
0,s,Surface,1,375,
0,s,Surface,1,376,
0,s,Surface,1,377,
0,s,Surface,1,379,
0,s,Surface,1,380,
0,s,Surface,1,381,
0,s,Surface,1,382,
0,s,Surface,1,383,
0,s,Surface,1,384,
0,s,Surface,1,385,
0,s,Surface,1,386,
0,s,Surface,1,389,
0,s,Surface,1,391,
0,s,Surface,1,392,
0,s,Surface,1,394,
0,s,Surface,1,395,
0,s,Surface,1,397,
0,s,Surface,1,398,
0,s,Surface,1,399,
0,s,Surface,1,400,
0,s,Surface,1,401,
0,s,Surface,1,402,
0,s,Surface,1,403,
0,s,Surface,1,404,
0,s,Surface,1,405,
0,s,Surface,1,406,
0,s,Surface,1,407,
0,s,Surface,1,408,
0,s,Surface,1,409,
0,s,Surface,1,411,
0,s,Surface,1,412,
0,s,Surface,1,414,
0,s,Surface,1,415,
0,s,Surface,1,416,
0,s,Surface,1,417,
0,s,Surface,1,418,
0,s,Surface,1,419,
0,s,Surface,1,420,
0,s,Surface,1,421,
0,s,Surface,1,422,
0,s,Surface,1,423,
0,s,Surface,1,424,
0,s,Surface,1,425,
0,s,Surface,1,426,
0,s,Surface,1,427,
0,s,Surface,1,428,
0,s,Surface,1,429,
0,s,Surface,1,430,
0,s,Surface,1,431,
0,s,Surface,1,433,
0,s,Surface,1,434,
0,s,Surface,1,436,
0,s,Surface,1,437,
0,s,Surface,1,438,
0,s,Surface,1,440,
0,s,Surface,1,441,
0,s,Surface,1,442,
0,s,Surface,1,443,
0,s,Surface,1,445,
0,s,Surface,1,446,
0,s,Surface,1,448,
0,s,Surface,1,449,
0,s,Surface,1,451,
0,s,Surface,1,453,
0,s,Surface,1,454,
0,s,Surface,1,459,
0,s,Surface,1,460,
0,s,Surface,1,461,
0,s,Surface,1,462,
0,s,Surface,1,464,
0,s,Surface,1,465,
0,s,Surface,1,466,
0,s,Surface,1,467,
0,s,Surface,1,468,
0,s,Surface,1,469,
0,s,Surface,1,471,
0,s,Surface,1,472,
0,s,Surface,1,473,
0,s,Surface,1,474,
0,s,Surface,1,476,
0,s,Surface,1,477,
0,s,Surface,1,478,
0,s,Surface,1,481,
0,s,Surface,1,482,
0,s,Surface,1,483,
0,s,Surface,1,484,
0,s,Surface,1,489,
0,s,Surface,1,490,
0,s,Surface,1,492,
0,s,Surface,1,493,
0,s,Surface,1,494,
0,s,Surface,1,495,
0,s,Surface,1,496,
0,s,Surface,1,498,
0,s,Surface,1,499,
0,s,Surface,1,501,
0,s,Surface,1,505,
0,s,Surface,1,506,
0,s,Surface,1,508,
0,s,Surface,1,509,
0,s,Surface,1,510,
0,s,Surface,1,511,
0,s,Surface,1,513,
0,s,Surface,1,516,
0,s,Surface,1,517,
0,s,Surface,1,518,
0,s,Surface,1,519,
0,s,Surface,1,520,
0,s,Surface,1,522,
0,s,Surface,1,523,
0,s,Surface,1,525,
0,s,Surface,1,526,
0,s,Surface,1,527,
0,s,Surface,1,528,
0,s,Surface,1,529,
0,s,Surface,1,531,
0,s,Surface,1,533,
0,s,Surface,1,534,
0,s,Surface,1,535,
0,s,Surface,1,536,
0,s,Surface,1,538,
0,s,Surface,1,540,
0,s,Surface,1,542,
0,s,Surface,1,544,
0,s,Surface,1,546,
0,s,Surface,1,547,
0,s,Surface,1,548,
0,s,Surface,1,549,
0,s,Surface,1,550,
0,s,Surface,1,551,
0,s,Surface,1,552,
0,s,Surface,1,553,
0,s,Surface,1,554,
0,s,Surface,1,555,
0,s,Surface,1,556,
0,s,Surface,1,558,
0,s,Surface,1,559,
0,s,Surface,1,560,
0,s,Surface,1,562,
0,s,Surface,1,563,
0,s,Surface,1,564,
0,s,Surface,1,565,
0,s,Surface,1,566,
0,s,Surface,1,567,
0,s,Surface,1,568,
0,s,Surface,1,569,
0,s,Surface,1,571,
0,s,Surface,1,573,
0,s,Surface,1,574,
0,s,Surface,1,575,
0,s,Surface,1,576,
0,s,Surface,1,577,
0,s,Surface,1,578,
0,s,Surface,1,579,
0,s,Surface,1,581,
0,s,Surface,1,582,
0,s,Surface,1,583,
0,s,Surface,1,584,
0,s,Surface,1,585,
0,s,Surface,1,586,
0,s,Surface,1,588,
0,s,Surface,1,589,
0,s,Surface,1,590,
0,s,Surface,1,591,
0,s,Surface,1,592,
0,s,Surface,1,593,
0,s,Surface,1,594,
0,s,Surface,1,595,
0,s,Surface,1,596,
0,s,Surface,1,597,
0,s,Surface,1,598,
0,s,Surface,1,599,
0,s,Surface,1,600,
0,s,Surface,1,601,
0,s,Surface,1,602,
0,s,Surface,1,603,
0,s,Surface,1,604,
0,s,Surface,1,605,
0,s,Surface,1,606,
0,s,Surface,1,607,
0,s,Surface,1,608,
0,s,Surface,1,609,
0,s,Surface,1,610,
0,s,Surface,1,611,
0,s,Surface,1,612,
0,s,Surface,1,613,
0,s,Surface,1,615,
0,s,Surface,1,616,
0,s,Surface,1,617,
0,s,Surface,1,619,
0,s,Surface,1,620,
0,s,Surface,1,623,
0,s,Surface,1,624,
0,s,Surface,1,625,
0,s,Surface,1,626,
0,s,Surface,1,627,
0,s,Surface,1,628,
0,s,Surface,1,629,
0,s,Surface,1,630,
0,s,Surface,1,631,
0,s,Surface,1,632,
0,s,Surface,1,633,
0,s,Surface,1,634,
0,s,Surface,1,636,
0,s,Surface,1,637,
0,s,Surface,1,638,
0,s,Surface,1,640,
0,s,Surface,1,641,
0,s,Surface,1,642,
0,s,Surface,1,643,
0,s,Surface,1,644,
0,s,Surface,1,645,
0,s,Surface,1,647,
0,s,Surface,1,648,
0,s,Surface,1,649,
0,s,Surface,1,651,
0,s,Surface,1,652,
0,s,Surface,1,653,
0,s,Surface,1,654,
0,s,Surface,1,655,
0,s,Surface,1,657,
0,s,Surface,1,658,
0,s,Surface,1,660,
0,s,Surface,1,661,
0,s,Surface,1,663,
0,s,Surface,1,664,
0,s,Surface,1,665,
0,s,Surface,1,666,
0,s,Surface,1,668,
0,s,Surface,1,669,
0,s,Surface,1,670,
0,s,Surface,1,671,
0,s,Surface,1,672,
0,s,Surface,1,673,
0,s,Surface,1,675,
0,s,Surface,1,676,
0,s,Surface,1,677,
0,s,Surface,1,678,
0,s,Surface,1,680,
0,s,Surface,1,681,
0,s,Surface,1,682,
0,s,Surface,1,685,
0,s,Surface,1,686,
0,s,Surface,1,687,
0,s,Surface,1,688,
0,s,Surface,1,689,
0,s,Surface,1,690,
0,s,Surface,1,691,
0,s,Surface,1,692,
0,s,Surface,1,693,
0,s,Surface,1,694,
0,s,Surface,1,695,
0,s,Surface,1,697,
0,s,Surface,1,699,
0,s,Surface,1,701,
0,s,Surface,1,702,
0,s,Surface,1,703,
0,s,Surface,1,704,
0,s,Surface,1,705,
0,s,Surface,1,706,
0,s,Surface,1,708,
0,s,Surface,1,709,
0,s,Surface,1,710,
0,s,Surface,1,711,
0,s,Surface,1,712,
0,s,Surface,1,713,
0,s,Surface,1,715,
0,s,Surface,1,716,
0,s,Surface,1,717,
0,s,Surface,1,718,
0,s,Surface,1,719,
0,s,Surface,1,720,
0,s,Surface,1,721,
0,s,Surface,1,722,
0,s,Surface,1,723,
0,s,Surface,1,725,
0,s,Surface,1,726,
0,s,Surface,1,727,
0,s,Surface,1,728,
0,s,Surface,1,730,
0,s,Surface,1,731,
0,s,Surface,1,733,
0,s,Surface,1,734,
0,s,Surface,1,735,
0,s,Surface,1,736,
0,s,Surface,1,738,
0,s,Surface,1,739,
0,s,Surface,1,740,
0,s,Surface,1,741,
0,s,Surface,1,742,
0,s,Surface,1,744,
0,s,Surface,1,745,
0,s,Surface,1,746,
0,s,Surface,1,747,
0,s,Surface,1,748,
0,s,Surface,1,749,
0,s,Surface,1,750,
0,s,Surface,1,752,
0,s,Surface,1,753,
0,s,Surface,1,754,
0,s,Surface,1,755,
0,s,Surface,1,757,
0,s,Surface,1,759,
0,s,Surface,1,761,
0,s,Surface,1,762,
0,s,Surface,1,763,
0,s,Surface,1,764,
0,s,Surface,1,766,
0,s,Surface,1,767,
0,s,Surface,1,768,
0,s,Surface,1,769,
0,s,Surface,1,770,
0,s,Surface,1,771,
0,s,Surface,1,772,
0,s,Surface,1,773,
0,s,Surface,1,774,
0,s,Surface,1,775,
0,s,Surface,1,776,
0,s,Surface,1,777,
0,s,Surface,1,778,
0,s,Surface,1,779,
0,s,Surface,1,780,
0,s,Surface,1,781,
0,s,Surface,1,782,
0,s,Surface,1,783,
0,s,Surface,1,786,
0,s,Surface,1,787,
0,s,Surface,1,788,
0,s,Surface,1,789,
0,s,Surface,1,790,
0,s,Surface,1,791,
0,s,Surface,1,792,
0,s,Surface,1,793,
0,s,Surface,1,794,
0,s,Surface,1,796,
0,s,Surface,1,799,
0,s,Surface,1,800,
0,s,Surface,1,802,
0,s,Surface,1,803,
0,s,Surface,1,804,
0,s,Surface,1,805,
0,s,Surface,1,806,
0,s,Surface,1,807,
0,s,Surface,1,809,
0,s,Surface,1,810,
0,s,Surface,1,811,
0,s,Surface,1,815,
0,s,Surface,1,816,
0,s,Surface,1,817,
0,s,Surface,1,819,
0,s,Surface,1,820,
0,s,Surface,1,821,
0,s,Surface,1,822,
0,s,Surface,1,823,
0,s,Surface,1,824,
0,s,Surface,1,825,
0,s,Surface,1,826,
0,s,Surface,1,827,
0,s,Surface,1,828,
0,s,Surface,1,829,
0,s,Surface,1,830,
0,s,Surface,1,832,
0,s,Surface,1,833,
0,s,Surface,1,834,
0,s,Surface,1,836,
0,s,Surface,1,837,
0,s,Surface,1,838,
0,s,Surface,1,839,
0,s,Surface,1,840,
0,s,Surface,1,841,
0,s,Surface,1,842,
0,s,Surface,1,843,
0,s,Surface,1,844,
0,s,Surface,1,845,
0,s,Surface,1,846,
0,s,Surface,1,847,
0,s,Surface,1,848,
0,s,Surface,1,849,
0,s,Surface,1,850,
0,s,Surface,1,852,
0,s,Surface,1,853,
0,s,Surface,1,854,
0,s,Surface,1,855,
0,s,Surface,1,856,
0,s,Surface,1,858,
0,s,Surface,1,860,
0,s,Surface,1,861,
0,s,Surface,1,862,
0,s,Surface,1,863,
0,s,Surface,1,864,
0,s,Surface,1,867,
0,s,Surface,1,868,
0,s,Surface,1,870,
0,s,Surface,1,871,
0,s,Surface,1,872,
0,s,Surface,1,873,
0,s,Surface,1,874,
0,s,Surface,1,875,
0,s,Surface,1,876,
0,s,Surface,1,879,
0,s,Surface,1,880,
0,s,Surface,1,882,
0,s,Surface,1,883,
0,s,Surface,1,885,
0,s,Surface,1,887,
0,s,Surface,1,888,
0,s,Surface,1,889,
0,s,Surface,1,890,
0,s,Surface,1,891,
0,s,Surface,1,892,
0,s,Surface,1,893,
0,s,Surface,1,894,
0,s,Surface,1,895,
0,s,Surface,1,898,
0,s,Surface,1,900,
0,s,Surface,1,901,
0,s,Surface,1,903,
0,s,Surface,1,904,
0,s,Surface,1,906,
0,s,Surface,1,907,
0,s,Surface,1,909,
0,s,Surface,1,911,
0,s,Surface,1,912,
0,s,Surface,1,913,
0,s,Surface,1,914,
0,s,Surface,1,915,
0,s,Surface,1,916,
0,s,Surface,1,917,
0,s,Surface,1,920,
0,s,Surface,1,921,
0,s,Surface,1,922,
0,s,Surface,1,923,
0,s,Surface,1,924,
0,s,Surface,1,925,
0,s,Surface,1,926,
0,s,Surface,1,927,
0,s,Surface,1,928,
0,s,Surface,1,929,
0,s,Surface,1,931,
0,s,Surface,1,932,
0,s,Surface,1,933,
0,s,Surface,1,934,
0,s,Surface,1,936,
0,s,Surface,1,937,
0,s,Surface,1,940,
0,s,Surface,1,941,
0,s,Surface,1,942,
0,s,Surface,1,943,
0,s,Surface,1,945,
0,s,Surface,1,946,
0,s,Surface,1,947,
0,s,Surface,1,948,
0,s,Surface,1,949,
0,s,Surface,1,950,
0,s,Surface,1,951,
0,s,Surface,1,952,
0,s,Surface,1,953,
0,s,Surface,1,954,
0,s,Surface,1,955,
0,s,Surface,1,956,
0,s,Surface,1,957,
0,s,Surface,1,958,
0,s,Surface,1,959,
0,s,Surface,1,960,
0,s,Surface,1,961,
0,s,Surface,1,962,
0,s,Surface,1,963,
0,s,Surface,1,964,
0,s,Surface,1,965,
0,s,Surface,1,966,
0,s,Surface,1,967,
0,s,Surface,1,969,
0,s,Surface,1,970,
0,s,Surface,1,971,
0,s,Surface,1,972,
0,s,Surface,1,975,
0,s,Surface,1,976,
0,s,Surface,1,977,
0,s,Surface,1,979,
0,s,Surface,1,980,
0,s,Surface,1,981,
0,s,Surface,1,985,
0,s,Surface,1,986,
0,s,Surface,1,988,
0,s,Surface,1,989,
0,s,Surface,1,990,
0,s,Surface,1,991,
0,s,Surface,1,992,
0,s,Surface,1,993,
0,s,Surface,1,994,
0,s,Surface,1,995,
0,s,Surface,1,996,
0,s,Surface,1,997,
0,s,Surface,1,998,
0,s,Surface,1,999,
0,s,Surface,1,1000,
0,s,Surface,1,1003,
0,s,Surface,1,1004,
0,s,Surface,1,1005,
0,s,Surface,1,1006,
0,s,Surface,1,1007,
0,s,Surface,1,1009,
0,s,Surface,1,1010,
0,s,Surface,1,1012,
0,s,Surface,1,1014,
0,s,Surface,1,1015,
0,s,Surface,1,1016,
0,s,Surface,1,1017,
0,s,Surface,1,1018,
0,s,Surface,1,1019,
0,s,Surface,1,1020,
0,s,Surface,1,1021,
0,s,Surface,1,1022,
0,s,Surface,1,1023,
0,s,Surface,1,1024,
0,s,Surface,1,1025,
0,s,Surface,1,1026,
0,s,Surface,1,1027,
0,s,Surface,1,1028,
0,s,Surface,1,1029,
0,s,Surface,1,1030,
0,s,Surface,1,1031,
0,s,Surface,1,1033,
0,s,Surface,1,1035,
0,s,Surface,1,1037,
0,s,Surface,1,1038,
0,s,Surface,1,1039,
0,s,Surface,1,1040,
0,s,Surface,1,1041,
0,s,Surface,1,1042,
0,s,Surface,1,1044,
0,s,Surface,1,1047,
0,s,Surface,1,1048,
0,s,Surface,1,1050,
0,s,Surface,1,1052,
0,s,Surface,1,1053,
0,s,Surface,1,1054,
0,s,Surface,1,1056,
0,s,Surface,1,1057,
0,s,Surface,1,1058,
0,s,Surface,1,1059,
0,s,Surface,1,1060,
0,s,Surface,1,1062,
0,s,Surface,1,1063,
0,s,Surface,1,1064,
0,s,Surface,1,1065,
0,s,Surface,1,1066,
0,s,Surface,1,1067,
0,s,Surface,1,1068,
0,s,Surface,1,1070,
0,s,Surface,1,1073,
0,s,Surface,1,1074,
0,s,Surface,1,1077,
0,s,Surface,1,1078,
0,s,Surface,1,1080,
0,s,Surface,1,1081,
0,s,Surface,1,1082,
0,s,Surface,1,1083,
0,s,Surface,1,1085,
0,s,Surface,1,1086,
0,s,Surface,1,1087,
0,s,Surface,1,1088,
0,s,Surface,1,1090,
0,s,Surface,1,1092,
0,s,Surface,1,1093,
0,s,Surface,1,1095,
0,s,Surface,1,1096,
0,s,Surface,1,1097,
0,s,Surface,1,1098,
0,s,Surface,1,1099,
0,s,Surface,1,1101,
0,s,Surface,1,1102,
0,s,Surface,1,1103,
0,s,Surface,1,1105,
0,s,Surface,1,1106,
0,s,Surface,1,1107,
0,s,Surface,1,1108,
0,s,Surface,1,1110,
0,s,Surface,1,1113,
0,s,Surface,1,1115,
0,s,Surface,1,1117,
0,s,Surface,1,1118,
0,s,Surface,1,1119,
0,s,Surface,1,1120,
0,s,Surface,1,1121,
0,s,Surface,1,1123,
0,s,Surface,1,1124,
0,s,Surface,1,1125,
0,s,Surface,1,1126,
0,s,Surface,1,1127,
0,s,Surface,1,1129,
0,s,Surface,1,1130,
0,s,Surface,1,1131,
0,s,Surface,1,1133,
0,s,Surface,1,1134,
0,s,Surface,1,1135,
0,s,Surface,1,1136,
0,s,Surface,1,1137,
0,s,Surface,1,1139,
0,s,Surface,1,1141,
0,s,Surface,1,1142,
0,s,Surface,1,1143,
0,s,Surface,1,1144,
0,s,Surface,1,1145,
0,s,Surface,1,1146,
0,s,Surface,1,1147,
0,s,Surface,1,1151,
0,s,Surface,1,1152,
0,s,Surface,1,1155,
0,s,Surface,1,1156,
0,s,Surface,1,1157,
0,s,Surface,1,1158,
0,s,Surface,1,1159,
0,s,Surface,1,1161,
0,s,Surface,1,1163,
0,s,Surface,1,1164,
0,s,Surface,1,1165,
0,s,Surface,1,1166,
0,s,Surface,1,1167,
0,s,Surface,1,1169,
0,s,Surface,1,1171,
0,s,Surface,1,1172,
0,s,Surface,1,1173,
0,s,Surface,1,1175,
0,s,Surface,1,1176,
0,s,Surface,1,1177,
0,s,Surface,1,1178,
0,s,Surface,1,1180,
0,s,Surface,1,1182,
0,s,Surface,1,1183,
0,s,Surface,1,1184,
0,s,Surface,1,1186,
0,s,Surface,1,1189,
0,s,Surface,1,1191,
0,s,Surface,1,1192,
0,s,Surface,1,1193,
0,s,Surface,1,1194,
0,s,Surface,1,1197,
0,s,Surface,1,1199,
0,s,Surface,1,1200,
0,s,Surface,1,1201,
0,s,Surface,1,1203,
0,s,Surface,1,1204,
0,s,Surface,1,1205,
0,s,Surface,1,1206,
0,s,Surface,1,1207,
0,s,Surface,1,1208,
0,s,Surface,1,1209,
0,s,Surface,1,1210,
0,s,Surface,1,1211,
0,s,Surface,1,1213,
0,s,Surface,1,1214,
0,s,Surface,1,1215,
0,s,Surface,1,1216,
0,s,Surface,1,1219,
0,s,Surface,1,1221,
0,s,Surface,1,1222,
0,s,Surface,1,1225,
0,s,Surface,1,1226,
0,s,Surface,1,1227,
0,s,Surface,1,1228,
0,s,Surface,1,1230,
0,s,Surface,1,1232,
0,s,Surface,1,1233,
0,s,Surface,1,1235,
0,s,Surface,1,1236,
0,s,Surface,1,1237,
0,s,Surface,1,1238,
0,s,Surface,1,1239,
0,s,Surface,1,1240,
0,s,Surface,1,1241,
0,s,Surface,1,1243,
0,s,Surface,1,1244,
0,s,Surface,1,1246,
0,s,Surface,1,1247,
0,s,Surface,1,1248,
0,s,Surface,1,1249,
0,s,Surface,1,1250,
0,s,Surface,1,1251,
0,s,Surface,1,1252,
0,s,Surface,1,1253,
0,s,Surface,1,1254,
0,s,Surface,1,1256,
0,s,Surface,1,1257,
0,s,Surface,1,1258,
0,s,Surface,1,1260,
0,s,Surface,1,1261,
0,s,Surface,1,1264,
0,s,Surface,1,1265,
0,s,Surface,1,1266,
0,s,Surface,1,1269,
0,s,Surface,1,1270,
0,s,Surface,1,1271,
0,s,Surface,1,1272,
0,s,Surface,1,1273,
0,s,Surface,1,1274,
0,s,Surface,1,1275,
0,s,Surface,1,1276,
0,s,Surface,1,1277,
0,s,Surface,1,1278,
0,s,Surface,1,1279,
0,s,Surface,1,1283,
0,s,Surface,1,1284,
0,s,Surface,1,1285,
0,s,Surface,1,1286,
0,s,Surface,1,1288,
0,s,Surface,1,1291,
0,s,Surface,1,1292,
0,s,Surface,1,1295,
0,s,Surface,1,1296,
0,s,Surface,1,1298,
0,s,Surface,1,1300,
0,s,Surface,1,1301,
0,s,Surface,1,1302,
0,s,Surface,1,1303,
0,s,Surface,1,1304,
0,s,Surface,1,1305,
0,s,Surface,1,1306,
0,s,Surface,1,1308,
0,s,Surface,1,1309,
0,s,Surface,1,1311,
0,s,Surface,1,1312,
0,s,Surface,1,1313,
0,s,Surface,1,1314,
0,s,Surface,1,1315,
0,s,Surface,1,1316,
0,s,Surface,1,1317,
0,s,Surface,1,1319,
0,s,Surface,1,1320,
0,s,Surface,1,1321,
0,s,Surface,1,1324,
0,s,Surface,1,1325,
0,s,Surface,1,1326,
0,s,Surface,1,1327,
0,s,Surface,1,1328,
0,s,Surface,1,1329,
0,s,Surface,1,1330,
0,s,Surface,1,1331,
0,s,Surface,1,1333,
0,s,Surface,1,1335,
0,s,Surface,1,1336,
0,s,Surface,1,1337,
0,s,Surface,1,1339,
0,s,Surface,1,1340,
0,s,Surface,1,1341,
0,s,Surface,1,1343,
0,s,Surface,1,1344,
0,s,Surface,1,1345,
0,s,Surface,1,1347,
0,s,Surface,1,1348,
0,s,Surface,1,1349,
0,s,Surface,1,1350,
0,s,Surface,1,1353,
0,s,Surface,1,1354,
0,s,Surface,1,1355,
0,s,Surface,1,1356,
0,s,Surface,1,1357,
0,s,Surface,1,1359,
0,s,Surface,1,1360,
0,s,Surface,1,1361,
0,s,Surface,1,1362,
0,s,Surface,1,1363,
0,s,Surface,1,1364,
0,s,Surface,1,1366,
0,s,Surface,1,1368,
0,s,Surface,1,1372,
0,s,Surface,1,1373,
0,s,Surface,1,1374,
0,s,Surface,1,1376,
0,s,Surface,1,1377,
0,s,Surface,1,1378,
0,s,Surface,1,1379,
0,s,Surface,1,1380,
0,s,Surface,1,1381,
0,s,Surface,1,1382,
0,s,Surface,1,1383,
0,s,Surface,1,1384,
0,s,Surface,1,1386,
0,s,Surface,1,1387,
0,s,Surface,1,1388,
0,s,Surface,1,1389,
0,s,Surface,1,1392,
0,s,Surface,1,1393,
0,s,Surface,1,1394,
0,s,Surface,1,1395,
0,s,Surface,1,1396,
0,s,Surface,1,1397,
0,s,Surface,1,1398,
0,s,Surface,1,1399,
0,s,Surface,1,1400,
0,s,Surface,1,1403,
0,s,Surface,1,1404,
0,s,Surface,1,1405,
0,s,Surface,1,1406,
0,s,Surface,1,1407,
0,s,Surface,1,1409,
0,s,Surface,1,1412,
0,s,Surface,1,1414,
0,s,Surface,1,1415,
0,s,Surface,1,1416,
0,s,Surface,1,1417,
0,s,Surface,1,1418,
0,s,Surface,1,1420,
0,s,Surface,1,1422,
0,s,Surface,1,1423,
0,s,Surface,1,1425,
0,s,Surface,1,1426,
0,s,Surface,1,1427,
0,s,Surface,1,1428,
0,s,Surface,1,1429,
0,s,Surface,1,1430,
0,s,Surface,1,1432,
0,s,Surface,1,1433,
0,s,Surface,1,1434,
0,s,Surface,1,1436,
0,s,Surface,1,1437,
0,s,Surface,1,1438,
0,s,Surface,1,1440,
0,s,Surface,1,1441,
0,s,Surface,1,1442,
0,s,Surface,1,1443,
0,s,Surface,1,1444,
0,s,Surface,1,1445,
0,s,Surface,1,1446,
0,s,Surface,1,1447,
0,s,Surface,1,1449,
0,s,Surface,1,1451,
0,s,Surface,1,1452,
0,s,Surface,1,1454,
0,s,Surface,1,1455,
0,s,Surface,1,1456,
0,s,Surface,1,1457,
0,s,Surface,1,1459,
0,s,Surface,1,1461,
0,s,Surface,1,1462,
0,s,Surface,1,1463,
0,s,Surface,1,1464,
0,s,Surface,1,1465,
0,s,Surface,1,1466,
0,s,Surface,1,1467,
0,s,Surface,1,1469,
0,s,Surface,1,1471,
0,s,Surface,1,1472,
0,s,Surface,1,1474,
0,s,Surface,1,1475,
0,s,Surface,1,1476,
0,s,Surface,1,1478,
0,s,Surface,1,1479,
0,s,Surface,1,1480,
0,s,Surface,1,1481,
0,s,Surface,1,1482,
0,s,Surface,1,1483,
0,s,Surface,1,1484,
0,s,Surface,1,1485,
0,s,Surface,1,1486,
0,s,Surface,1,1488,
0,s,Surface,1,1491,
0,s,Surface,1,1492,
0,s,Surface,1,1493,
0,s,Surface,1,1494,
0,s,Surface,1,1495,
0,s,Surface,1,1498,
0,s,Surface,1,1499,
0,s,Surface,1,1500,
0,s,Surface,1,1501,
0,s,Surface,1,1502,
0,s,Surface,1,1503,
0,s,Surface,1,1507,
0,s,Surface,1,1508,
0,s,Surface,1,1510,
0,s,Surface,1,1511,
0,s,Surface,1,1512,
0,s,Surface,1,1514,
0,s,Surface,1,1517,
0,s,Surface,1,1518,
0,s,Surface,1,1520,
0,s,Surface,1,1521,
0,s,Surface,1,1522,
0,s,Surface,1,1523,
0,s,Surface,1,1524,
0,s,Surface,1,1525,
0,s,Surface,1,1526,
0,s,Surface,1,1527,
0,s,Surface,1,1528,
0,s,Surface,1,1529,
0,s,Surface,1,1530,
0,s,Surface,1,1531,
0,s,Surface,1,1532,
0,s,Surface,1,1533,
0,s,Surface,1,1534,
0,s,Surface,1,1535,
0,s,Surface,1,1537,
0,s,Surface,1,1539,
0,s,Surface,1,1540,
0,s,Surface,1,1541,
0,s,Surface,1,1543,
0,s,Surface,1,1545,
0,s,Surface,1,1546,
0,s,Surface,1,1547,
0,s,Surface,1,1548,
0,s,Surface,1,1549,
0,s,Surface,1,1550,
0,s,Surface,1,1551,
0,s,Surface,1,1552,
0,s,Surface,1,1553,
0,s,Surface,1,1555,
0,s,Surface,1,1556,
0,s,Surface,1,1558,
0,s,Surface,1,1560,
0,s,Surface,1,1562,
0,s,Surface,1,1563,
0,s,Surface,1,1564,
0,s,Surface,1,1565,
0,s,Surface,1,1566,
0,s,Surface,1,1567,
0,s,Surface,1,1569,
0,s,Surface,1,1570,
0,s,Surface,1,1572,
0,s,Surface,1,1573,
0,s,Surface,1,1574,
0,s,Surface,1,1575,
0,s,Surface,1,1576,
0,s,Surface,1,1577,
0,s,Surface,1,1578,
0,s,Surface,1,1582,
0,s,Surface,1,1584,
0,s,Surface,1,1586,
0,s,Surface,1,1587,
0,s,Surface,1,1589,
0,s,Surface,1,1590,
0,s,Surface,1,1593,
0,s,Surface,1,1595,
0,s,Surface,1,1596,
0,s,Surface,1,1597,
0,s,Surface,1,1598,
0,s,Surface,1,1599,
0,s,Surface,1,1600,
0,s,Surface,1,1601,
0,s,Surface,1,1604,
0,s,Surface,1,1605,
0,s,Surface,1,1606,
0,s,Surface,1,1607,
0,s,Surface,1,1608,
0,s,Surface,1,1609,
0,s,Surface,1,1610,
0,s,Surface,1,1611,
0,s,Surface,1,1612,
0,s,Surface,1,1613,
0,s,Surface,1,1614,
0,s,Surface,1,1615,
0,s,Surface,1,1616,
0,s,Surface,1,1617,
0,s,Surface,1,1618,
0,s,Surface,1,1619,
0,s,Surface,1,1620,
0,s,Surface,1,1621,
0,s,Surface,1,1622,
0,s,Surface,1,1623,
0,s,Surface,1,1625,
0,s,Surface,1,1626,
0,s,Surface,1,1628,
0,s,Surface,1,1629,
0,s,Surface,1,1630,
0,s,Surface,1,1631,
0,s,Surface,1,1632,
0,s,Surface,1,1633,
0,s,Surface,1,1635,
0,s,Surface,1,1637,
0,s,Surface,1,1639,
0,s,Surface,1,1640,
0,s,Surface,1,1641,
0,s,Surface,1,1642,
0,s,Surface,1,1643,
0,s,Surface,1,1644,
0,s,Surface,1,1645,
0,s,Surface,1,1646,
0,s,Surface,1,1647,
0,s,Surface,1,1650,
0,s,Surface,1,1652,
0,s,Surface,1,1655,
0,s,Surface,1,1656,
0,s,Surface,1,1657,
0,s,Surface,1,1658,
0,s,Surface,1,1659,
0,s,Surface,1,1664,
0,s,Surface,1,1665,
0,s,Surface,1,1667,
0,s,Surface,1,1668,
0,s,Surface,1,1669,
0,s,Surface,1,1670,
0,s,Surface,1,1671,
0,s,Surface,1,1672,
0,s,Surface,1,1675,
0,s,Surface,1,1676,
0,s,Surface,1,1680,
0,s,Surface,1,1681,
0,s,Surface,1,1685,
0,s,Surface,1,1686,
0,s,Surface,1,1688,
0,s,Surface,1,1689,
0,s,Surface,1,1690,
0,s,Surface,1,1693,
0,s,Surface,1,1694,
0,s,Surface,1,1696,
0,s,Surface,1,1697,
0,s,Surface,1,1699,
0,s,Surface,1,1700,
0,s,Surface,1,1702,
0,s,Surface,1,1703,
0,s,Surface,1,1704,
0,s,Surface,1,1705,
0,s,Surface,1,1706,
0,s,Surface,1,1707,
0,s,Surface,1,1708,
0,s,Surface,1,1709,
0,s,Surface,1,1710,
0,s,Surface,1,1712,
0,s,Surface,1,1714,
0,s,Surface,1,1715,
0,s,Surface,1,1717,
0,s,Surface,1,1719,
0,s,Surface,1,1721,
0,s,Surface,1,1726,
0,s,Surface,1,1730,
0,s,Surface,1,1731,
0,s,Surface,1,1732,
0,s,Surface,1,1736,
0,s,Surface,1,1738,
0,s,Surface,1,1739,
0,s,Surface,1,1741,
0,s,Surface,1,1742,
0,s,Surface,1,1743,
0,s,Surface,1,1744,
0,s,Surface,1,1745,
0,s,Surface,1,1746,
0,s,Surface,1,1747,
0,s,Surface,1,1749,
0,s,Surface,1,1750,
0,s,Surface,1,1751,
0,s,Surface,1,1753,
0,s,Surface,1,1754,
0,s,Surface,1,1756,
0,s,Surface,1,1758,
0,s,Surface,1,1759,
0,s,Surface,1,1761,
0,s,Surface,1,1763,
0,s,Surface,1,1764,
0,s,Surface,1,1765,
0,s,Surface,1,1766,
0,s,Surface,1,1767,
0,s,Surface,1,1768,
0,s,Surface,1,1769,
0,s,Surface,1,1770,
0,s,Surface,1,1771,
0,s,Surface,1,1772,
0,s,Surface,1,1773,
0,s,Surface,1,1774,
0,s,Surface,1,1776,
0,s,Surface,1,1778,
0,s,Surface,1,1779,
0,s,Surface,1,1781,
0,s,Surface,1,1785,
0,s,Surface,1,1786,
0,s,Surface,1,1787,
0,s,Surface,1,1788,
0,s,Surface,1,1790,
0,s,Surface,1,1791,
0,s,Surface,1,1792,
0,s,Surface,1,1794,
0,s,Surface,1,1795,
0,s,Surface,1,1798,
0,s,Surface,1,1799,
0,s,Surface,1,1800,
0,s,Surface,1,1802,
0,s,Surface,1,1803,
0,s,Surface,1,1804,
0,s,Surface,1,1805,
0,s,Surface,1,1807,
0,s,Surface,1,1809,
0,s,Surface,1,1810,
0,s,Surface,1,1811,
0,s,Surface,1,1812,
0,s,Surface,1,1813,
0,s,Surface,1,1815,
0,s,Surface,1,1820,
0,s,Surface,1,1821,
0,s,Surface,1,1823,
0,s,Surface,1,1825,
0,s,Surface,1,1827,
0,s,Surface,1,1831,
0,s,Surface,1,1832,
0,s,Surface,1,1833,
0,s,Surface,1,1834,
0,s,Surface,1,1835,
0,s,Surface,1,1836,
0,s,Surface,1,1839,
0,s,Surface,1,1840,
0,s,Surface,1,1841,
0,s,Surface,1,1842,
0,s,Surface,1,1843,
0,s,Surface,1,1844,
0,s,Surface,1,1845,
0,s,Surface,1,1847,
0,s,Surface,1,1848,
0,s,Surface,1,1849,
0,s,Surface,1,1850,
0,s,Surface,1,1851,
0,s,Surface,1,1855,
0,s,Surface,1,1856,
0,s,Surface,1,1857,
0,s,Surface,1,1859,
0,s,Surface,1,1860,
0,s,Surface,1,1862,
0,s,Surface,1,1863,
0,s,Surface,1,1865,
0,s,Surface,1,1866,
0,s,Surface,1,1867,
0,s,Surface,1,1868,
0,s,Surface,1,1869,
0,s,Surface,1,1871,
0,s,Surface,1,1872,
0,s,Surface,1,1873,
0,s,Surface,1,1874,
0,s,Surface,1,1875,
0,s,Surface,1,1878,
0,s,Surface,1,1879,
0,s,Surface,1,1881,
0,s,Surface,1,1882,
0,s,Surface,1,1883,
0,s,Surface,1,1885,
0,s,Surface,1,1886,
0,s,Surface,1,1887,
0,s,Surface,1,1888,
0,s,Surface,1,1889,
0,s,Surface,1,1890,
0,s,Surface,1,1891,
0,s,Surface,1,1892,
0,s,Surface,1,1893,
0,s,Surface,1,1895,
0,s,Surface,1,1896,
0,s,Surface,1,1897,
0,s,Surface,1,1899,
0,s,Surface,1,1900,
0,s,Surface,1,1902,
0,s,Surface,1,1903,
0,s,Surface,1,1904,
0,s,Surface,1,1906,
0,s,Surface,1,1908,
0,s,Surface,1,1909,
0,s,Surface,1,1910,
0,s,Surface,1,1911,
0,s,Surface,1,1912,
0,s,Surface,1,1913,
0,s,Surface,1,1914,
0,s,Surface,1,1916,
0,s,Surface,1,1917,
0,s,Surface,1,1919,
0,s,Surface,1,1922,
0,s,Surface,1,1924,
0,s,Surface,1,1925,
0,s,Surface,1,1927,
0,s,Surface,1,1928,
0,s,Surface,1,1931,
0,s,Surface,1,1932,
0,s,Surface,1,1935,
0,s,Surface,1,1938,
0,s,Surface,1,1939,
0,s,Surface,1,1940,
0,s,Surface,1,1941,
0,s,Surface,1,1942,
0,s,Surface,1,1943,
0,s,Surface,1,1944,
0,s,Surface,1,1945,
0,s,Surface,1,1947,
0,s,Surface,1,1949,
0,s,Surface,1,1950,
0,s,Surface,1,1952,
0,s,Surface,1,1954,
0,s,Surface,1,1955,
0,s,Surface,1,1956,
0,s,Surface,1,1957,
0,s,Surface,1,1960,
0,s,Surface,1,1963,
0,s,Surface,1,1965,
0,s,Surface,1,1966,
0,s,Surface,1,1967,
0,s,Surface,1,1969,
0,s,Surface,1,1971,
0,s,Surface,1,1972,
0,s,Surface,1,1973,
0,s,Surface,1,1974,
0,s,Surface,1,1975,
0,s,Surface,1,1978,
0,s,Surface,1,1979,
0,s,Surface,1,1980,
0,s,Surface,1,1983,
0,s,Surface,1,1984,
0,s,Surface,1,1986,
0,s,Surface,1,1989,
0,s,Surface,1,1990,
0,s,Surface,1,1991,
0,s,Surface,1,1992,
0,s,Surface,1,1993,
0,s,Surface,1,1994,
0,s,Surface,1,1995,
0,s,Surface,1,1997,
0,s,Surface,1,1999,
0,s,Surface,1,2000,
0,s,Surface,1,2001,
0,s,Surface,1,2002,
0,s,Surface,1,2003,
0,s,Surface,1,2006,
0,s,Surface,1,2008,
0,s,Surface,1,2009,
0,s,Surface,1,2010,
0,s,Surface,1,2011,
0,s,Surface,1,2012,
0,s,Surface,1,2013,
0,s,Surface,1,2015,
0,s,Surface,1,2018,
0,s,Surface,1,2019,
0,s,Surface,1,2022,
0,s,Surface,1,2023,
0,s,Surface,1,2025,
0,s,Surface,1,2026,
0,s,Surface,1,2027,
0,s,Surface,1,2028,
0,s,Surface,1,2030,
0,s,Surface,1,2031,
0,s,Surface,1,2032,
0,s,Surface,1,2033,
0,s,Surface,1,2036,
0,s,Surface,1,2037,
0,s,Surface,1,2038,
0,s,Surface,1,2041,
0,s,Surface,1,2043,
0,s,Surface,1,2044,
0,s,Surface,1,2045,
0,s,Surface,1,2047,
0,s,Surface,1,2050,
0,s,Surface,1,2051,
0,s,Surface,1,2052,
0,s,Surface,1,2053,
0,s,Surface,1,2056,
0,s,Surface,1,2058,
0,s,Surface,1,2059,
0,s,Surface,1,2061,
0,s,Surface,1,2062,
0,s,Surface,1,2063,
0,s,Surface,1,2064,
0,s,Surface,1,2066,
0,s,Surface,1,2067,
0,s,Surface,1,2068,
0,s,Surface,1,2069,
0,s,Surface,1,2071,
0,s,Surface,1,2072,
0,s,Surface,1,2074,
0,s,Surface,1,2076,
0,s,Surface,1,2077,
0,s,Surface,1,2078,
0,s,Surface,1,2080,
0,s,Surface,1,2081,
0,s,Surface,1,2082,
0,s,Surface,1,2083,
0,s,Surface,1,2084,
0,s,Surface,1,2086,
0,s,Surface,1,2087,
0,s,Surface,1,2089,
0,s,Surface,1,2091,
0,s,Surface,1,2094,
0,s,Surface,1,2096,
0,s,Surface,1,2097,
0,s,Surface,1,2098,
0,s,Surface,1,2099,
0,s,Surface,1,2102,
0,s,Surface,1,2103,
0,s,Surface,1,2104,
0,s,Surface,1,2105,
0,s,Surface,1,2106,
0,s,Surface,1,2107,
0,s,Surface,1,2108,
0,s,Surface,1,2109,
0,s,Surface,1,2110,
0,s,Surface,1,2111,
0,s,Surface,1,2112,
0,s,Surface,1,2113,
0,s,Surface,1,2114,
0,s,Surface,1,2115,
0,s,Surface,1,2116,
0,s,Surface,1,2117,
0,s,Surface,1,2118,
0,s,Surface,1,2119,
0,s,Surface,1,2120,
0,s,Surface,1,2121,
0,s,Surface,1,2122,
0,s,Surface,1,2123,
0,s,Surface,1,2125,
0,s,Surface,1,2126,
0,s,Surface,1,2128,
0,s,Surface,1,2129,
0,s,Surface,1,2131,
0,s,Surface,1,2132,
0,s,Surface,1,2133,
0,s,Surface,1,2134,
0,s,Surface,1,2135,
0,s,Surface,1,2136,
0,s,Surface,1,2137,
0,s,Surface,1,2138,
0,s,Surface,1,2141,
0,s,Surface,1,2142,
0,s,Surface,1,2143,
0,s,Surface,1,2144,
0,s,Surface,1,2145,
0,s,Surface,1,2146,
0,s,Surface,1,2147,
0,s,Surface,1,2149,
0,s,Surface,1,2150,
0,s,Surface,1,2151,
0,s,Surface,1,2152,
0,s,Surface,1,2154,
0,s,Surface,1,2156,
0,s,Surface,1,2157,
0,s,Surface,1,2159,
0,s,Surface,1,2161,
0,s,Surface,1,2162,
0,s,Surface,1,2163,
0,s,Surface,1,2165,
0,s,Surface,1,2167,
0,s,Surface,1,2168,
0,s,Surface,1,2169,
0,s,Surface,1,2170,
0,s,Surface,1,2171,
0,s,Surface,1,2173,
0,s,Surface,1,2174,
0,s,Surface,1,2175,
0,s,Surface,1,2176,
0,s,Surface,1,2180,
0,s,Surface,1,2181,
0,s,Surface,1,2182,
0,s,Surface,1,2183,
0,s,Surface,1,2184,
0,s,Surface,1,2186,
0,s,Surface,1,2187,
0,s,Surface,1,2189,
0,s,Surface,1,2190,
0,s,Surface,1,2192,
0,s,Surface,1,2194,
0,s,Surface,1,2195,
0,s,Surface,1,2196,
0,s,Surface,1,2197,
0,s,Surface,1,2198,
0,s,Surface,1,2199,
0,s,Surface,1,2200,
0,s,Surface,1,2201,
0,s,Surface,1,2202,
0,s,Surface,1,2203,
0,s,Surface,1,2204,
0,s,Surface,1,2205,
0,s,Surface,1,2209,
0,s,Surface,1,2210,
0,s,Surface,1,2211,
0,s,Surface,1,2212,
0,s,Surface,1,2213,
0,s,Surface,1,2214,
0,s,Surface,1,2215,
0,s,Surface,1,2216,
0,s,Surface,1,2217,
0,s,Surface,1,2218,
0,s,Surface,1,2220,
0,s,Surface,1,2222,
0,s,Surface,1,2223,
0,s,Surface,1,2225,
0,s,Surface,1,2226,
0,s,Surface,1,2227,
0,s,Surface,1,2228,
0,s,Surface,1,2229,
0,s,Surface,1,2230,
0,s,Surface,1,2232,
0,s,Surface,1,2234,
0,s,Surface,1,2235,
0,s,Surface,1,2236,
0,s,Surface,1,2237,
0,s,Surface,1,2238,
0,s,Surface,1,2239,
0,s,Surface,1,2241,
0,s,Surface,1,2244,
0,s,Surface,1,2245,
0,s,Surface,1,2246,
0,s,Surface,1,2249,
0,s,Surface,1,2250,
0,s,Surface,1,2251,
0,s,Surface,1,2252,
0,s,Surface,1,2253,
0,s,Surface,1,2254,
0,s,Surface,1,2255,
0,s,Surface,1,2256,
0,s,Surface,1,2257,
0,s,Surface,1,2258,
0,s,Surface,1,2259,
0,s,Surface,1,2260,
0,s,Surface,1,2261,
0,s,Surface,1,2262,
0,s,Surface,1,2263,
0,s,Surface,1,2264,
0,s,Surface,1,2266,
0,s,Surface,1,2267,
0,s,Surface,1,2268,
0,s,Surface,1,2269,
0,s,Surface,1,2271,
0,s,Surface,1,2272,
0,s,Surface,1,2276,
0,s,Surface,1,2277,
0,s,Surface,1,2278,
0,s,Surface,1,2279,
0,s,Surface,1,2280,
0,s,Surface,1,2282,
0,s,Surface,1,2285,
0,s,Surface,1,2286,
0,s,Surface,1,2287,
0,s,Surface,1,2288,
0,s,Surface,1,2289,
0,s,Surface,1,2290,
0,s,Surface,1,2291,
0,s,Surface,1,2292,
0,s,Surface,1,2293,
0,s,Surface,1,2294,
0,s,Surface,1,2295,
0,s,Surface,1,2296,
0,s,Surface,1,2297,
0,s,Surface,1,2298,
0,s,Surface,1,2299,
0,s,Surface,1,2301,
0,s,Surface,1,2303,
0,s,Surface,1,2306,
0,s,Surface,1,2307,
0,s,Surface,1,2308,
0,s,Surface,1,2310,
0,s,Surface,1,2311,
0,s,Surface,1,2312,
0,s,Surface,1,2313,
0,s,Surface,1,2315,
0,s,Surface,1,2316,
0,s,Surface,1,2317,
0,s,Surface,1,2318,
0,s,Surface,1,2319,
0,s,Surface,1,2321,
0,s,Surface,1,2322,
0,s,Surface,1,2325,
0,s,Surface,1,2326,
0,s,Surface,1,2327,
0,s,Surface,1,2328,
0,s,Surface,1,2330,
0,s,Surface,1,2331,
0,s,Surface,1,2333,
0,s,Surface,1,2334,
0,s,Surface,1,2337,
0,s,Surface,1,2338,
0,s,Surface,1,2339,
0,s,Surface,1,2341,
0,s,Surface,1,2343,
0,s,Surface,1,2344,
0,s,Surface,1,2346,
0,s,Surface,1,2348,
0,s,Surface,1,2349,
0,s,Surface,1,2350,
0,s,Surface,1,2353,
0,s,Surface,1,2355,
0,s,Surface,1,2356,
0,s,Surface,1,2357,
0,s,Surface,1,2358,
0,s,Surface,1,2359,
0,s,Surface,1,2361,
0,s,Surface,1,2362,
0,s,Surface,1,2364,
0,s,Surface,1,2366,
0,s,Surface,1,2367,
0,s,Surface,1,2368,
0,s,Surface,1,2370,
0,s,Surface,1,2371,
0,s,Surface,1,2373,
0,s,Surface,1,2374,
0,s,Surface,1,2379,
0,s,Surface,1,2381,
0,s,Surface,1,2383,
0,s,Surface,1,2385,
0,s,Surface,1,2386,
0,s,Surface,1,2387,
0,s,Surface,1,2389,
0,s,Surface,1,2390,
0,s,Surface,1,2392,
0,s,Surface,1,2393,
0,s,Surface,1,2395,
0,s,Surface,1,2396,
0,s,Surface,1,2398,
0,s,Surface,1,2399,
0,s,Surface,1,2402,
0,s,Surface,1,2403,
0,s,Surface,1,2404,
0,s,Surface,1,2405,
0,s,Surface,1,2406,
0,s,Surface,1,2407,
0,s,Surface,1,2408,
0,s,Surface,1,2409,
0,s,Surface,1,2411,
0,s,Surface,1,2412,
0,s,Surface,1,2413,
0,s,Surface,1,2414,
0,s,Surface,1,2415,
0,s,Surface,1,2416,
0,s,Surface,1,2421,
0,s,Surface,1,2422,
0,s,Surface,1,2423,
0,s,Surface,1,2424,
0,s,Surface,1,2426,
0,s,Surface,1,2427,
0,s,Surface,1,2429,
0,s,Surface,1,2430,
0,s,Surface,1,2432,
0,s,Surface,1,2434,
0,s,Surface,1,2435,
0,s,Surface,1,2436,
0,s,Surface,1,2438,
0,s,Surface,1,2441,
0,s,Surface,1,2442,
0,s,Surface,1,2444,
0,s,Surface,1,2445,
0,s,Surface,1,2447,
0,s,Surface,1,2449,
0,s,Surface,1,2450,
0,s,Surface,1,2452,
0,s,Surface,1,2453,
0,s,Surface,1,2454,
0,s,Surface,1,2456,
0,s,Surface,1,2457,
0,s,Surface,1,2459,
0,s,Surface,1,2460,
0,s,Surface,1,2462,
0,s,Surface,1,2463,
0,s,Surface,1,2464,
0,s,Surface,1,2465,
0,s,Surface,1,2468,
0,s,Surface,1,2469,
0,s,Surface,1,2470,
0,s,Surface,1,2471,
0,s,Surface,1,2472,
0,s,Surface,1,2473,
0,s,Surface,1,2474,
0,s,Surface,1,2475,
0,s,Surface,1,2477,
0,s,Surface,1,2478,
0,s,Surface,1,2480,
0,s,Surface,1,2481,
0,s,Surface,1,2482,
0,s,Surface,1,2483,
0,s,Surface,1,2484,
0,s,Surface,1,2488,
0,s,Surface,1,2491,
0,s,Surface,1,2492,
0,s,Surface,1,2496,
0,s,Surface,1,2497,
0,s,Surface,1,2498,
0,s,Surface,1,2500,
0,s,Surface,1,2501,
0,s,Surface,1,2502,
0,s,Surface,1,2503,
0,s,Surface,1,2504,
0,s,Surface,1,2505,
0,s,Surface,1,2506,
0,s,Surface,1,2507,
0,s,Surface,1,2508,
0,s,Surface,1,2510,
0,s,Surface,1,2511,
0,s,Surface,1,2512,
0,s,Surface,1,2514,
0,s,Surface,1,2520,
0,s,Surface,1,2521,
0,s,Surface,1,2522,
0,s,Surface,1,2524,
0,s,Surface,1,2525,
0,s,Surface,1,2526,
0,s,Surface,1,2527,
0,s,Surface,1,2529,
0,s,Surface,1,2530,
0,s,Surface,1,2531,
0,s,Surface,1,2533,
0,s,Surface,1,2534,
0,s,Surface,1,2535,
0,s,Surface,1,2536,
0,s,Surface,1,2538,
0,s,Surface,1,2539,
0,s,Surface,1,2540,
0,s,Surface,1,2541,
0,s,Surface,1,2542,
0,s,Surface,1,2544,
0,s,Surface,1,2545,
0,s,Surface,1,2547,
0,s,Surface,1,2549,
0,s,Surface,1,2550,
0,s,Surface,1,2551,
0,s,Surface,1,2552,
0,s,Surface,1,2554,
0,s,Surface,1,2561,
0,s,Surface,1,2563,
0,s,Surface,1,2565,
0,s,Surface,1,2566,
0,s,Surface,1,2567,
0,s,Surface,1,2568,
0,s,Surface,1,2570,
0,s,Surface,1,2572,
0,s,Surface,1,2573,
0,s,Surface,1,2574,
0,s,Surface,1,2576,
0,s,Surface,1,2577,
0,s,Surface,1,2578,
0,s,Surface,1,2579,
0,s,Surface,1,2580,
0,s,Surface,1,2583,
0,s,Surface,1,2584,
0,s,Surface,1,2585,
0,s,Surface,1,2586,
0,s,Surface,1,2587,
0,s,Surface,1,2589,
0,s,Surface,1,2591,
0,s,Surface,1,2595,
0,s,Surface,1,2596,
0,s,Surface,1,2597,
0,s,Surface,1,2598,
0,s,Surface,1,2599,
0,s,Surface,1,2600,
0,s,Surface,1,2603,
0,s,Surface,1,2604,
0,s,Surface,1,2606,
0,s,Surface,1,2607,
0,s,Surface,1,2608,
0,s,Surface,1,2611,
0,s,Surface,1,2612,
0,s,Surface,1,2615,
0,s,Surface,1,2618,
0,s,Surface,1,2619,
0,s,Surface,1,2620,
0,s,Surface,1,2624,
0,s,Surface,1,2625,
0,s,Surface,1,2626,
0,s,Surface,1,2629,
0,s,Surface,1,2630,
0,s,Surface,1,2631,
0,s,Surface,1,2633,
0,s,Surface,1,2635,
0,s,Surface,1,2636,
0,s,Surface,1,2637,
0,s,Surface,1,2638,
0,s,Surface,1,2639,
0,s,Surface,1,2640,
0,s,Surface,1,2642,
0,s,Surface,1,2643,
0,s,Surface,1,2644,
0,s,Surface,1,2645,
0,s,Surface,1,2647,
0,s,Surface,1,2648,
0,s,Surface,1,2649,
0,s,Surface,1,2652,
0,s,Surface,1,2653,
0,s,Surface,1,2655,
0,s,Surface,1,2656,
0,s,Surface,1,2657,
0,s,Surface,1,2658,
0,s,Surface,1,2659,
0,s,Surface,1,2661,
0,s,Surface,1,2662,
0,s,Surface,1,2663,
0,s,Surface,1,2664,
0,s,Surface,1,2669,
0,s,Surface,1,2670,
0,s,Surface,1,2671,
0,s,Surface,1,2672,
0,s,Surface,1,2673,
0,s,Surface,1,2674,
0,s,Surface,1,2675,
0,s,Surface,1,2677,
0,s,Surface,1,2678,
0,s,Surface,1,2679,
0,s,Surface,1,2680,
0,s,Surface,1,2682,
0,s,Surface,1,2683,
0,s,Surface,1,2687,
0,s,Surface,1,2692,
0,s,Surface,1,2693,
0,s,Surface,1,2694,
0,s,Surface,1,2695,
0,s,Surface,1,2698,
0,s,Surface,1,2699,
0,s,Surface,1,2701,
0,s,Surface,1,2702,
0,s,Surface,1,2703,
0,s,Surface,1,2705,
0,s,Surface,1,2706,
0,s,Surface,1,2707,
0,s,Surface,1,2712,
0,s,Surface,1,2713,
0,s,Surface,1,2715,
0,s,Surface,1,2717,
0,s,Surface,1,2718,
0,s,Surface,1,2719,
0,s,Surface,1,2720,
0,s,Surface,1,2721,
0,s,Surface,1,2722,
0,s,Surface,1,2724,
0,s,Surface,1,2725,
0,s,Surface,1,2726,
0,s,Surface,1,2727,
0,s,Surface,1,2728,
0,s,Surface,1,2729,
0,s,Surface,1,2730,
0,s,Surface,1,2731,
0,s,Surface,1,2733,
0,s,Surface,1,2734,
0,s,Surface,1,2737,
0,s,Surface,1,2738,
0,s,Surface,1,2739,
0,s,Surface,1,2740,
0,s,Surface,1,2741,
0,s,Surface,1,2743,
0,s,Surface,1,2744,
0,s,Surface,1,2747,
0,s,Surface,1,2748,
0,s,Surface,1,2749,
0,s,Surface,1,2752,
0,s,Surface,1,2753,
0,s,Surface,1,2755,
0,s,Surface,1,2757,
0,s,Surface,1,2758,
0,s,Surface,1,2759,
0,s,Surface,1,2760,
0,s,Surface,1,2761,
0,s,Surface,1,2762,
0,s,Surface,1,2763,
0,s,Surface,1,2765,
0,s,Surface,1,2766,
0,s,Surface,1,2767,
0,s,Surface,1,2768,
0,s,Surface,1,2769,
0,s,Surface,1,2770,
0,s,Surface,1,2771,
0,s,Surface,1,2774,
0,s,Surface,1,2775,
0,s,Surface,1,2777,
0,s,Surface,1,2778,
0,s,Surface,1,2780,
0,s,Surface,1,2785,
0,s,Surface,1,2788,
0,s,Surface,1,2789,
0,s,Surface,1,2790,
0,s,Surface,1,2791,
0,s,Surface,1,2792,
0,s,Surface,1,2793,
0,s,Surface,1,2794,
0,s,Surface,1,2795,
0,s,Surface,1,2800,
0,s,Surface,1,2801,
0,s,Surface,1,2804,
0,s,Surface,1,2806,
0,s,Surface,1,2807,
0,s,Surface,1,2808,
0,s,Surface,1,2810,
0,s,Surface,1,2811,
0,s,Surface,1,2813,
0,s,Surface,1,2815,
0,s,Surface,1,2816,
0,s,Surface,1,2817,
0,s,Surface,1,2818,
0,s,Surface,1,2819,
0,s,Surface,1,2820,
0,s,Surface,1,2821,
0,s,Surface,1,2823,
0,s,Surface,1,2824,
0,s,Surface,1,2825,
0,s,Surface,1,2826,
0,s,Surface,1,2827,
0,s,Surface,1,2828,
0,s,Surface,1,2829,
0,s,Surface,1,2830,
0,s,Surface,1,2831,
0,s,Surface,1,2833,
0,s,Surface,1,2835,
0,s,Surface,1,2836,
0,s,Surface,1,2837,
0,s,Surface,1,2839,
0,s,Surface,1,2841,
0,s,Surface,1,2842,
0,s,Surface,1,2843,
0,s,Surface,1,2844,
0,s,Surface,1,2845,
0,s,Surface,1,2846,
0,s,Surface,1,2847,
0,s,Surface,1,2849,
0,s,Surface,1,2851,
0,s,Surface,1,2852,
0,s,Surface,1,2853,
0,s,Surface,1,2854,
0,s,Surface,1,2855,
0,s,Surface,1,2858,
0,s,Surface,1,2859,
0,s,Surface,1,2860,
0,s,Surface,1,2861,
0,s,Surface,1,2862,
0,s,Surface,1,2864,
0,s,Surface,1,2865,
0,s,Surface,1,2866,
0,s,Surface,1,2868,
0,s,Surface,1,2869,
0,s,Surface,1,2871,
0,s,Surface,1,2872,
0,s,Surface,1,2873,
0,s,Surface,1,2876,
0,s,Surface,1,2877,
0,s,Surface,1,2879,
0,s,Surface,1,2880,
0,s,Surface,1,2881,
0,s,Surface,1,2882,
0,s,Surface,1,2883,
0,s,Surface,1,2885,
0,s,Surface,1,2886,
0,s,Surface,1,2888,
0,s,Surface,1,2889,
0,s,Surface,1,2890,
0,s,Surface,1,2891,
0,s,Surface,1,2894,
0,s,Surface,1,2895,
0,s,Surface,1,2896,
0,s,Surface,1,2897,
0,s,Surface,1,2899,
0,s,Surface,1,2900,
0,s,Surface,1,2901,
0,s,Surface,1,2902,
0,s,Surface,1,2904,
0,s,Surface,1,2905,
0,s,Surface,1,2906,
0,s,Surface,1,2907,
0,s,Surface,1,2908,
0,s,Surface,1,2910,
0,s,Surface,1,2911,
0,s,Surface,1,2912,
0,s,Surface,1,2913,
0,s,Surface,1,2914,
0,s,Surface,1,2915,
0,s,Surface,1,2916,
0,s,Surface,1,2917,
0,s,Surface,1,2919,
0,s,Surface,1,2920,
0,s,Surface,1,2922,
0,s,Surface,1,2923,
0,s,Surface,1,2924,
0,s,Surface,1,2925,
0,s,Surface,1,2926,
0,s,Surface,1,2927,
0,s,Surface,1,2930,
0,s,Surface,1,2931,
0,s,Surface,1,2932,
0,s,Surface,1,2934,
0,s,Surface,1,2935,
0,s,Surface,1,2936,
0,s,Surface,1,2937,
0,s,Surface,1,2938,
0,s,Surface,1,2939,
0,s,Surface,1,2940,
0,s,Surface,1,2941,
0,s,Surface,1,2943,
0,s,Surface,1,2944,
0,s,Surface,1,2945,
0,s,Surface,1,2946,
0,s,Surface,1,2947,
0,s,Surface,1,2948,
0,s,Surface,1,2950,
0,s,Surface,1,2951,
0,s,Surface,1,2952,
0,s,Surface,1,2953,
0,s,Surface,1,2954,
0,s,Surface,1,2957,
0,s,Surface,1,2958,
0,s,Surface,1,2960,
0,s,Surface,1,2961,
0,s,Surface,1,2962,
0,s,Surface,1,2963,
0,s,Surface,1,2964,
0,s,Surface,1,2965,
0,s,Surface,1,2966,
0,s,Surface,1,2967,
0,s,Surface,1,2968,
0,s,Surface,1,2969,
0,s,Surface,1,2970,
0,s,Surface,1,2971,
0,s,Surface,1,2973,
0,s,Surface,1,2974,
0,s,Surface,1,2975,
0,s,Surface,1,2977,
0,s,Surface,1,2978,
0,s,Surface,1,2979,
0,s,Surface,1,2980,
0,s,Surface,1,2983,
0,s,Surface,1,2984,
0,s,Surface,1,2985,
0,s,Surface,1,2987,
0,s,Surface,1,2988,
0,s,Surface,1,2989,
0,s,Surface,1,2992,
0,s,Surface,1,2993,
0,s,Surface,1,2994,
0,s,Surface,1,2995,
0,s,Surface,1,2996,
0,s,Surface,1,2997,
0,s,Surface,1,2998,
0,s,Surface,1,2999,
0,s,Surface,1,3000,
0,s,Surface,1,3001,
0,s,Surface,1,3002,
0,s,Surface,1,3003,
0,s,Surface,1,3004,
0,s,Surface,1,3006,
0,s,Surface,1,3007,
0,s,Surface,1,3008,
0,s,Surface,1,3009,
0,s,Surface,1,3010,
0,s,Surface,1,3011,
0,s,Surface,1,3012,
0,s,Surface,1,3013,
0,s,Surface,1,3014,
0,s,Surface,1,3015,
0,s,Surface,1,3016,
0,s,Surface,1,3017,
0,s,Surface,1,3018,
0,s,Surface,1,3019,
0,s,Surface,1,3020,
0,s,Surface,1,3025,
0,s,Surface,1,3026,
0,s,Surface,1,3027,
0,s,Surface,1,3028,
0,s,Surface,1,3031,
0,s,Surface,1,3034,
0,s,Surface,1,3035,
0,s,Surface,1,3037,
0,s,Surface,1,3038,
0,s,Surface,1,3039,
0,s,Surface,1,3040,
0,s,Surface,1,3041,
0,s,Surface,1,3042,
0,s,Surface,1,3043,
0,s,Surface,1,3044,
0,s,Surface,1,3045,
0,s,Surface,1,3046,
0,s,Surface,1,3047,
0,s,Surface,1,3048,
0,s,Surface,1,3050,
0,s,Surface,1,3051,
0,s,Surface,1,3052,
0,s,Surface,1,3053,
0,s,Surface,1,3055,
0,s,Surface,1,3056,
0,s,Surface,1,3057,
0,s,Surface,1,3058,
0,s,Surface,1,3059,
0,s,Surface,1,3060,
0,s,Surface,1,3061,
0,s,Surface,1,3062,
0,s,Surface,1,3063,
0,s,Surface,1,3064,
0,s,Surface,1,3066,
0,s,Surface,1,3067,
0,s,Surface,1,3068,
0,s,Surface,1,3069,
0,s,Surface,1,3070,
0,s,Surface,1,3071,
0,s,Surface,1,3072,
0,s,Surface,1,3073,
0,s,Surface,1,3075,
0,s,Surface,1,3076,
0,s,Surface,1,3078,
0,s,Surface,1,3079,
0,s,Surface,1,3080,
0,s,Surface,1,3081,
0,s,Surface,1,3082,
0,s,Surface,1,3083,
0,s,Surface,1,3084,
0,s,Surface,1,3085,
0,s,Surface,1,3086,
0,s,Surface,1,3087,
0,s,Surface,1,3088,
0,s,Surface,1,3089,
0,s,Surface,1,3090,
0,s,Surface,1,3091,
0,s,Surface,1,3094,
0,s,Surface,1,3095,
0,s,Surface,1,3097,
0,s,Surface,1,3098,
0,s,Surface,1,3100,
0,s,Surface,1,3101,
0,s,Surface,1,3103,
0,s,Surface,1,3104,
0,s,Surface,1,3105,
0,s,Surface,1,3106,
0,s,Surface,1,3107,
0,s,Surface,1,3108,
0,s,Surface,1,3109,
0,s,Surface,1,3110,
0,s,Surface,1,3111,
0,s,Surface,1,3114,
0,s,Surface,1,3115,
0,s,Surface,1,3116,
0,s,Surface,1,3117,
0,s,Surface,1,3118,
0,s,Surface,1,3120,
0,s,Surface,1,3121,
0,s,Surface,1,3122,
0,s,Surface,1,3124,
0,s,Surface,1,3125,
0,s,Surface,1,3126,
0,s,Surface,1,3127,
0,s,Surface,1,3128,
0,s,Surface,1,3129,
0,s,Surface,1,3130,
0,s,Surface,1,3131,
0,s,Surface,1,3132,
0,s,Surface,1,3134,
0,s,Surface,1,3135,
0,s,Surface,1,3136,
0,s,Surface,1,3137,
0,s,Surface,1,3138,
0,s,Surface,1,3139,
0,s,Surface,1,3141,
0,s,Surface,1,3142,
0,s,Surface,1,3143,
0,s,Surface,1,3144,
0,s,Surface,1,3145,
0,s,Surface,1,3146,
0,s,Surface,1,3147,
0,s,Surface,1,3148,
0,s,Surface,1,3149,
0,s,Surface,1,3150,
0,s,Surface,1,3151,
0,s,Surface,1,3154,
0,s,Surface,1,3157,
0,s,Surface,1,3158,
0,s,Surface,1,3159,
0,s,Surface,1,3160,
0,s,Surface,1,3163,
0,s,Surface,1,3164,
0,s,Surface,1,3165,
0,s,Surface,1,3167,
0,s,Surface,1,3168,
0,s,Surface,1,3169,
0,s,Surface,1,3170,
0,s,Surface,1,3171,
0,s,Surface,1,3172,
0,s,Surface,1,3174,
0,s,Surface,1,3175,
0,s,Surface,1,3176,
0,s,Surface,1,3177,
0,s,Surface,1,3178,
0,s,Surface,1,3179,
0,s,Surface,1,3181,
0,s,Surface,1,3182,
0,s,Surface,1,3183,
0,s,Surface,1,3186,
0,s,Surface,1,3187,
0,s,Surface,1,3188,
0,s,Surface,1,3192,
0,s,Surface,1,3193,
0,s,Surface,1,3195,
0,s,Surface,1,3196,
0,s,Surface,1,3197,
0,s,Surface,1,3198,
0,s,Surface,1,3199,
0,s,Surface,1,3200,
0,s,Surface,1,3201,
0,s,Surface,1,3202,
0,s,Surface,1,3203,
0,s,Surface,1,3204,
0,s,Surface,1,3206,
0,s,Surface,1,3207,
0,s,Surface,1,3208,
0,s,Surface,1,3209,
0,s,Surface,1,3210,
0,s,Surface,1,3211,
0,s,Surface,1,3212,
0,s,Surface,1,3213,
0,s,Surface,1,3215,
0,s,Surface,1,3216,
0,s,Surface,1,3218,
0,s,Surface,1,3219,
0,s,Surface,1,3220,
0,s,Surface,1,3221,
0,s,Surface,1,3222,
0,s,Surface,1,3223,
0,s,Surface,1,3224,
0,s,Surface,1,3225,
0,s,Surface,1,3226,
0,s,Surface,1,3227,
0,s,Surface,1,3228,
0,s,Surface,1,3229,
0,s,Surface,1,3230,
0,s,Surface,1,3231,
0,s,Surface,1,3232,
0,s,Surface,1,3233,
0,s,Surface,1,3234,
0,s,Surface,1,3235,
0,s,Surface,1,3236,
0,s,Surface,1,3237,
0,s,Surface,1,3238,
0,s,Surface,1,3239,
0,s,Surface,1,3240,
0,s,Surface,1,3241,
0,s,Surface,1,3242,
0,s,Surface,1,3243,
0,s,Surface,1,3244,
0,s,Surface,1,3245,
0,s,Surface,1,3246,
0,s,Surface,1,3247,
0,s,Surface,1,3248,
0,s,Surface,1,3250,
0,s,Surface,1,3251,
0,s,Surface,1,3252,
0,s,Surface,1,3253,
0,s,Surface,1,3254,
0,s,Surface,1,3255,
0,s,Surface,1,3257,
0,s,Surface,1,3258,
0,s,Surface,1,3259,
0,s,Surface,1,3260,
0,s,Surface,1,3261,
0,s,Surface,1,3262,
0,s,Surface,1,3263,
0,s,Surface,1,3264,
0,s,Surface,1,3265,
0,s,Surface,1,3266,
0,s,Surface,1,3267,
0,s,Surface,1,3268,
0,s,Surface,1,3269,
0,s,Surface,1,3270,
0,s,Surface,1,3271,
0,s,Surface,1,3272,
0,s,Surface,1,3274,
0,s,Surface,1,3275,
0,s,Surface,1,3276,
0,s,Surface,1,3277,
0,s,Surface,1,3278,
0,s,Surface,1,3279,
0,s,Surface,1,3280,
0,s,Surface,1,3281,
0,s,Surface,1,3282,
0,s,Surface,1,3283,
0,s,Surface,1,3284,
0,s,Surface,1,3285,
0,s,Surface,1,3286,
0,s,Surface,1,3287,
0,s,Surface,1,3288,
0,s,Surface,1,3289,
0,s,Surface,1,3290,
0,s,Surface,1,3291,
0,s,Surface,1,3292,
0,s,Surface,1,3293,
0,s,Surface,1,3294,
0,s,Surface,1,3295,
0,s,Surface,1,3296,
0,s,Surface,1,3297,
0,s,Surface,1,3298,
0,s,Surface,1,3299,
0,s,Surface,1,3301,
0,s,Surface,1,3303,
0,s,Surface,1,3304,
0,s,Surface,1,3305,
0,s,Surface,1,3306,
0,s,Surface,1,3307,
0,s,Surface,1,3308,
0,s,Surface,1,3309,
0,s,Surface,1,3310,
0,s,Surface,1,3311,
0,s,Surface,1,3312,
0,s,Surface,1,3314,
0,s,Surface,1,3315,
0,s,Surface,1,3316,
0,s,Surface,1,3317,
0,s,Surface,1,3318,
0,s,Surface,1,3319,
0,s,Surface,1,3320,
0,s,Surface,1,3321,
0,s,Surface,1,3322,
0,s,Surface,1,3325,
0,s,Surface,1,3326,
0,s,Surface,1,3327,
0,s,Surface,1,3328,
0,s,Surface,1,3329,
0,s,Surface,1,3330,
0,s,Surface,1,3331,
0,s,Surface,1,3332,
0,s,Surface,1,3333,
0,s,Surface,1,3334,
0,s,Surface,1,3336,
0,s,Surface,1,3337,
0,s,Surface,1,3338,
0,s,Surface,1,3339,
0,s,Surface,1,3340,
0,s,Surface,1,3341,
0,s,Surface,1,3342,
0,s,Surface,1,3343,
0,s,Surface,1,3344,
0,s,Surface,1,3345,
0,s,Surface,1,3346,
0,s,Surface,1,3347,
0,s,Surface,1,3348,
0,s,Surface,1,3351,
0,s,Surface,1,3352,
0,s,Surface,1,3353,
0,s,Surface,1,3354,
0,s,Surface,1,3356,
0,s,Surface,1,3357,
0,s,Surface,1,3358,
0,s,Surface,1,3359,
0,s,Surface,1,3360,
0,s,Surface,1,3361,
0,s,Surface,1,3362,
0,s,Surface,1,3363,
0,s,Surface,1,3364,
0,s,Surface,1,3365,
0,s,Surface,1,3366,
0,s,Surface,1,3367,
0,s,Surface,1,3368,
0,s,Surface,1,3369,
0,s,Surface,1,3370,
0,s,Surface,1,3371,
0,s,Surface,1,3372,
0,s,Surface,1,3373,
0,s,Surface,1,3374,
0,s,Surface,1,3375,
0,s,Surface,1,3377,
0,s,Surface,1,3378,
0,s,Surface,1,3379,
0,s,Surface,1,3380,
0,s,Surface,1,3381,
0,s,Surface,1,3382,
0,s,Surface,1,3384,
0,s,Surface,1,3385,
0,s,Surface,1,3386,
0,s,Surface,1,3387,
0,s,Surface,1,3388,
0,s,Surface,1,3389,
0,s,Surface,1,3390,
0,s,Surface,1,3391,
0,s,Surface,1,3392,
0,s,Surface,1,3394,
0,s,Surface,1,3395,
0,s,Surface,1,3396,
0,s,Surface,1,3397,
0,s,Surface,1,3398,
0,s,Surface,1,3399,
0,s,Surface,1,3400,
0,s,Surface,1,3401,
0,s,Surface,1,3402,
0,s,Surface,1,3403,
0,s,Surface,1,3404,
0,s,Surface,1,3405,
0,s,Surface,1,3407,
0,s,Surface,1,3408,
0,s,Surface,1,3409,
0,s,Surface,1,3410,
0,s,Surface,1,3411,
0,s,Surface,1,3412,
0,s,Surface,1,3413,
0,s,Surface,1,3414,
0,s,Surface,1,3415,
0,s,Surface,1,3416,
0,s,Surface,1,3417,
0,s,Surface,1,3418,
0,s,Surface,1,3419,
0,s,Surface,1,3420,
0,s,Surface,1,3421,
0,s,Surface,1,3422,
0,s,Surface,1,3423,
0,s,Surface,1,3425,
0,s,Surface,1,3426,
0,s,Surface,1,3427,
0,s,Surface,1,3428,
0,s,Surface,1,3431,
0,s,Surface,1,3432,
0,s,Surface,1,3433,
0,s,Surface,1,3434,
0,s,Surface,1,3435,
0,s,Surface,1,3436,
0,s,Surface,1,3437,
0,s,Surface,1,3438,
0,s,Surface,1,3439,
0,s,Surface,1,3440,
0,s,Surface,1,3441,
0,s,Surface,1,3442,
0,s,Surface,1,3443,
0,s,Surface,1,3444,
0,s,Surface,1,3445,
0,s,Surface,1,3446,
0,s,Surface,1,3447,
0,s,Surface,1,3448,
0,s,Surface,1,3449,
0,s,Surface,1,3450,
0,s,Surface,1,3451,
0,s,Surface,1,3453,
0,s,Surface,1,3454,
0,s,Surface,1,3455,
0,s,Surface,1,3456,
0,s,Surface,1,3457,
0,s,Surface,1,3458,
0,s,Surface,1,3459,
0,s,Surface,1,3460,
0,s,Surface,1,3461,
0,s,Surface,1,3462,
0,s,Surface,1,3463,
0,s,Surface,1,3465,
0,s,Surface,1,3466,
0,s,Surface,1,3467,
0,s,Surface,1,3468,
0,s,Surface,1,3469,
0,s,Surface,1,3470,
0,s,Surface,1,3471,
0,s,Surface,1,3472,
0,s,Surface,1,3473,
0,s,Surface,1,3474,
0,s,Surface,1,3475,
0,s,Surface,1,3476,
0,s,Surface,1,3477,
0,s,Surface,1,3478,
0,s,Surface,1,3479,
0,s,Surface,1,3480,
0,s,Surface,1,3481,
0,s,Surface,1,3482,
0,s,Surface,1,3483,
0,s,Surface,1,3484,
0,s,Surface,1,3485,
0,s,Surface,1,3486,
0,s,Surface,1,3487,
0,s,Surface,1,3488,
0,s,Surface,1,3489,
0,s,Surface,1,3490,
0,s,Surface,1,3491,
0,s,Surface,1,3492,
0,s,Surface,1,3493,
0,s,Surface,1,3494,
0,s,Surface,1,3495,
0,s,Surface,1,3497,
0,s,Surface,1,3498,
0,s,Surface,1,3499,
0,s,Surface,1,3500,
0,s,Surface,1,3501,
0,s,Surface,1,3502,
0,s,Surface,1,3503,
0,s,Surface,1,3504,
0,s,Surface,1,3505,
0,s,Surface,1,3506,
0,s,Surface,1,3507,
0,s,Surface,1,3508,
0,s,Surface,1,3509,
0,s,Surface,1,3511,
0,s,Surface,1,3512,
0,s,Surface,1,3513,
0,s,Surface,1,3514,
0,s,Surface,1,3515,
0,s,Surface,1,3516,
0,s,Surface,1,3517,
0,s,Surface,1,3520,
0,s,Surface,1,3521,
0,s,Surface,1,3522,
0,s,Surface,1,3523,
0,s,Surface,1,3524,
0,s,Surface,1,3526,
0,s,Surface,1,3527,
0,s,Surface,1,3528,
0,s,Surface,1,3529,
0,s,Surface,1,3530,
0,s,Surface,1,3531,
0,s,Surface,1,3533,
0,s,Surface,1,3534,
0,s,Surface,1,3535,
0,s,Surface,1,3536,
0,s,Surface,1,3537,
0,s,Surface,1,3538,
0,s,Surface,1,3539,
0,s,Surface,1,3540,
0,s,Surface,1,3541,
0,s,Surface,1,3542,
0,s,Surface,1,3543,
0,s,Surface,1,3544,
0,s,Surface,1,3545,
0,s,Surface,1,3546,
0,s,Surface,1,3547,
0,s,Surface,1,3548,
0,s,Surface,1,3549,
0,s,Surface,1,3550,
0,s,Surface,1,3551,
0,s,Surface,1,3552,
0,s,Surface,1,3553,
0,s,Surface,1,3554,
0,s,Surface,1,3555,
0,s,Surface,1,3556,
0,s,Surface,1,3557,
0,s,Surface,1,3558,
0,s,Surface,1,3559,
0,s,Surface,1,3561,
0,s,Surface,1,3562,
0,s,Surface,1,3563,
0,s,Surface,1,3564,
0,s,Surface,1,3565,
0,s,Surface,1,3566,
0,s,Surface,1,3567,
0,s,Surface,1,3568,
0,s,Surface,1,3569,
0,s,Surface,1,3570,
0,s,Surface,1,3571,
0,s,Surface,1,3572,
0,s,Surface,1,3573,
0,s,Surface,1,3574,
0,s,Surface,1,3575,
0,s,Surface,1,3576,
0,s,Surface,1,3577,
0,s,Surface,1,3578,
0,s,Surface,1,3579,
0,s,Surface,1,3580,
0,s,Surface,1,3581,
0,s,Surface,1,3582,
0,s,Surface,1,3584,
0,s,Surface,1,3585,
0,s,Surface,1,3586,
0,s,Surface,1,3588,
0,s,Surface,1,3589,
0,s,Surface,1,3590,
0,s,Surface,1,3591,
0,s,Surface,1,3592,
0,s,Surface,1,3593,
0,s,Surface,1,3595,
0,s,Surface,1,3596,
0,s,Surface,1,3597,
0,s,Surface,1,3598,
0,s,Surface,1,3599,
0,s,Surface,1,3600,
0,s,Surface,1,3601,
0,s,Surface,1,3602,
0,s,Surface,1,3603,
0,s,Surface,1,3604,
0,s,Surface,1,3605,
0,s,Surface,1,3606,
0,s,Surface,1,3607,
0,s,Surface,1,3608,
0,s,Surface,1,3609,
0,s,Surface,1,3611,
0,s,Surface,1,3612,
0,s,Surface,1,3613,
0,s,Surface,1,3614,
0,s,Surface,1,3615,
0,s,Surface,1,3616,
0,s,Surface,1,3617,
0,s,Surface,1,3618,
0,s,Surface,1,3619,
0,s,Surface,1,3620,
