
Intensity StdDev Ch=7 Img=1
 ==================== 
Intensity StdDev,Unit,Category,Channel,Image,Time,ID,
4.229,,Surface,7,Image 1,1,159,
2.31234,,Surface,7,Image 1,1,173,
2.47452,,Surface,7,Image 1,1,182,
2.5068,,Surface,7,Image 1,1,185,
4.48318,,Surface,7,Image 1,1,188,
3.86628,,Surface,7,Image 1,1,190,
2.72293,,Surface,7,Image 1,1,191,
3.64108,,Surface,7,Image 1,1,193,
3.19664,,Surface,7,Image 1,1,194,
2.26298,,Surface,7,Image 1,1,200,
2.18529,,Surface,7,Image 1,1,202,
4.73211,,Surface,7,Image 1,1,204,
2.16661,,Surface,7,Image 1,1,205,
2.08791,,Surface,7,Image 1,1,206,
1.34371,,Surface,7,Image 1,1,207,
2.94558,,Surface,7,Image 1,1,208,
3.79286,,Surface,7,Image 1,1,209,
1.19226,,Surface,7,Image 1,1,210,
2.86385,,Surface,7,Image 1,1,212,
2.02834,,Surface,7,Image 1,1,213,
4.69849,,Surface,7,Image 1,1,216,
4.98473,,Surface,7,Image 1,1,217,
2.06032,,Surface,7,Image 1,1,220,
0.953463,,Surface,7,Image 1,1,221,
2.06155,,Surface,7,Image 1,1,223,
2.28505,,Surface,7,Image 1,1,225,
3.40106,,Surface,7,Image 1,1,227,
2.93486,,Surface,7,Image 1,1,231,
1.89737,,Surface,7,Image 1,1,232,
3.66727,,Surface,7,Image 1,1,233,
3.38969,,Surface,7,Image 1,1,234,
1.80702,,Surface,7,Image 1,1,235,
2.28977,,Surface,7,Image 1,1,237,
2.05039,,Surface,7,Image 1,1,238,
2.50259,,Surface,7,Image 1,1,239,
2.13878,,Surface,7,Image 1,1,240,
2.48472,,Surface,7,Image 1,1,241,
3.13636,,Surface,7,Image 1,1,242,
1.9385,,Surface,7,Image 1,1,243,
3.68909,,Surface,7,Image 1,1,244,
1.88442,,Surface,7,Image 1,1,245,
2.25696,,Surface,7,Image 1,1,247,
1.96541,,Surface,7,Image 1,1,248,
2.08095,,Surface,7,Image 1,1,250,
3.825,,Surface,7,Image 1,1,251,
1.91125,,Surface,7,Image 1,1,252,
2.14613,,Surface,7,Image 1,1,253,
1.26861,,Surface,7,Image 1,1,255,
2.84343,,Surface,7,Image 1,1,256,
2.16481,,Surface,7,Image 1,1,257,
0.829156,,Surface,7,Image 1,1,259,
2.44114,,Surface,7,Image 1,1,260,
2.4995,,Surface,7,Image 1,1,261,
3.05931,,Surface,7,Image 1,1,263,
1.63936,,Surface,7,Image 1,1,264,
2.86182,,Surface,7,Image 1,1,266,
1.69967,,Surface,7,Image 1,1,267,
0.816497,,Surface,7,Image 1,1,268,
2.5713,,Surface,7,Image 1,1,269,
2.21108,,Surface,7,Image 1,1,271,
1.80229,,Surface,7,Image 1,1,272,
2.26222,,Surface,7,Image 1,1,273,
2.00998,,Surface,7,Image 1,1,274,
2.52631,,Surface,7,Image 1,1,276,
2.19255,,Surface,7,Image 1,1,277,
1.46969,,Surface,7,Image 1,1,278,
1.44097,,Surface,7,Image 1,1,279,
2.52435,,Surface,7,Image 1,1,280,
2.61008,,Surface,7,Image 1,1,283,
2.70598,,Surface,7,Image 1,1,284,
1.94856,,Surface,7,Image 1,1,286,
3.01626,,Surface,7,Image 1,1,287,
1.88442,,Surface,7,Image 1,1,289,
1.45297,,Surface,7,Image 1,1,290,
5.18373,,Surface,7,Image 1,1,292,
2.14087,,Surface,7,Image 1,1,293,
2.41661,,Surface,7,Image 1,1,294,
2.25072,,Surface,7,Image 1,1,295,
2.39046,,Surface,7,Image 1,1,296,
1.46969,,Surface,7,Image 1,1,298,
2.41459,,Surface,7,Image 1,1,299,
4.70102,,Surface,7,Image 1,1,300,
2.88974,,Surface,7,Image 1,1,301,
2.28571,,Surface,7,Image 1,1,302,
2.13437,,Surface,7,Image 1,1,303,
3.22695,,Surface,7,Image 1,1,305,
1,,Surface,7,Image 1,1,308,
2.35258,,Surface,7,Image 1,1,309,
1.74888,,Surface,7,Image 1,1,310,
2.61317,,Surface,7,Image 1,1,311,
2.99745,,Surface,7,Image 1,1,312,
2.46841,,Surface,7,Image 1,1,314,
2.17912,,Surface,7,Image 1,1,315,
3.14907,,Surface,7,Image 1,1,316,
2.5565,,Surface,7,Image 1,1,317,
2.83182,,Surface,7,Image 1,1,318,
1.29099,,Surface,7,Image 1,1,320,
1.90595,,Surface,7,Image 1,1,321,
1.1134,,Surface,7,Image 1,1,322,
1.85179,,Surface,7,Image 1,1,323,
1.76126,,Surface,7,Image 1,1,324,
6.70668,,Surface,7,Image 1,1,325,
2.65182,,Surface,7,Image 1,1,326,
3.33974,,Surface,7,Image 1,1,327,
2.21108,,Surface,7,Image 1,1,328,
2.49819,,Surface,7,Image 1,1,329,
1.27775,,Surface,7,Image 1,1,330,
1.25831,,Surface,7,Image 1,1,331,
2.97988,,Surface,7,Image 1,1,332,
1.86529,,Surface,7,Image 1,1,333,
1.98683,,Surface,7,Image 1,1,334,
4.17801,,Surface,7,Image 1,1,336,
1.87711,,Surface,7,Image 1,1,337,
3.40725,,Surface,7,Image 1,1,338,
3.42514,,Surface,7,Image 1,1,339,
1.65779,,Surface,7,Image 1,1,340,
2.26054,,Surface,7,Image 1,1,341,
3.10035,,Surface,7,Image 1,1,342,
0.632456,,Surface,7,Image 1,1,343,
2.55202,,Surface,7,Image 1,1,344,
3.23233,,Surface,7,Image 1,1,345,
7.64182,,Surface,7,Image 1,1,346,
2.37342,,Surface,7,Image 1,1,347,
3.58242,,Surface,7,Image 1,1,350,
6.91737,,Surface,7,Image 1,1,351,
2.98957,,Surface,7,Image 1,1,352,
2.60189,,Surface,7,Image 1,1,353,
3.83596,,Surface,7,Image 1,1,356,
2.67451,,Surface,7,Image 1,1,358,
3.67045,,Surface,7,Image 1,1,359,
2.27151,,Surface,7,Image 1,1,360,
2.62419,,Surface,7,Image 1,1,361,
3.24559,,Surface,7,Image 1,1,362,
3.41764,,Surface,7,Image 1,1,363,
3.51568,,Surface,7,Image 1,1,364,
3.18617,,Surface,7,Image 1,1,365,
2.68868,,Surface,7,Image 1,1,366,
1.36987,,Surface,7,Image 1,1,367,
3.34078,,Surface,7,Image 1,1,368,
4.14849,,Surface,7,Image 1,1,369,
1.98331,,Surface,7,Image 1,1,370,
3.77427,,Surface,7,Image 1,1,371,
2.72169,,Surface,7,Image 1,1,372,
2.81292,,Surface,7,Image 1,1,373,
3.07967,,Surface,7,Image 1,1,374,
2.61961,,Surface,7,Image 1,1,375,
2.44869,,Surface,7,Image 1,1,376,
1.64768,,Surface,7,Image 1,1,378,
2.22556,,Surface,7,Image 1,1,379,
2.60989,,Surface,7,Image 1,1,381,
3.70022,,Surface,7,Image 1,1,383,
1.32025,,Surface,7,Image 1,1,384,
3.31533,,Surface,7,Image 1,1,385,
2.07951,,Surface,7,Image 1,1,386,
2.28788,,Surface,7,Image 1,1,387,
2.91018,,Surface,7,Image 1,1,388,
1.26089,,Surface,7,Image 1,1,389,
4.08189,,Surface,7,Image 1,1,390,
0.989743,,Surface,7,Image 1,1,391,
3.46766,,Surface,7,Image 1,1,392,
2.3214,,Surface,7,Image 1,1,393,
4.51636,,Surface,7,Image 1,1,394,
6.61077,,Surface,7,Image 1,1,395,
2.65016,,Surface,7,Image 1,1,396,
6.96346,,Surface,7,Image 1,1,398,
2.47839,,Surface,7,Image 1,1,399,
5.25592,,Surface,7,Image 1,1,400,
2.84776,,Surface,7,Image 1,1,401,
2.40181,,Surface,7,Image 1,1,402,
3.13532,,Surface,7,Image 1,1,403,
2.87195,,Surface,7,Image 1,1,404,
3.47462,,Surface,7,Image 1,1,405,
1.90192,,Surface,7,Image 1,1,406,
2.99784,,Surface,7,Image 1,1,408,
3.52324,,Surface,7,Image 1,1,409,
2.9235,,Surface,7,Image 1,1,410,
2.75848,,Surface,7,Image 1,1,411,
3.81,,Surface,7,Image 1,1,412,
2.95088,,Surface,7,Image 1,1,413,
2.86258,,Surface,7,Image 1,1,414,
1.84897,,Surface,7,Image 1,1,416,
3.49066,,Surface,7,Image 1,1,418,
1.75243,,Surface,7,Image 1,1,419,
2.69599,,Surface,7,Image 1,1,420,
2.43765,,Surface,7,Image 1,1,422,
1.34164,,Surface,7,Image 1,1,423,
5.55177,,Surface,7,Image 1,1,424,
2.30014,,Surface,7,Image 1,1,426,
3.32674,,Surface,7,Image 1,1,427,
3.46622,,Surface,7,Image 1,1,428,
2.90489,,Surface,7,Image 1,1,429,
6.38123,,Surface,7,Image 1,1,430,
2.31317,,Surface,7,Image 1,1,431,
2.78995,,Surface,7,Image 1,1,432,
2.95165,,Surface,7,Image 1,1,433,
3.56894,,Surface,7,Image 1,1,434,
3.0092,,Surface,7,Image 1,1,435,
2.79401,,Surface,7,Image 1,1,436,
2.58889,,Surface,7,Image 1,1,437,
3.4311,,Surface,7,Image 1,1,438,
1.72644,,Surface,7,Image 1,1,440,
3.32731,,Surface,7,Image 1,1,441,
3.27144,,Surface,7,Image 1,1,442,
3.50298,,Surface,7,Image 1,1,443,
2.03038,,Surface,7,Image 1,1,444,
5.14153,,Surface,7,Image 1,1,445,
4.58742,,Surface,7,Image 1,1,446,
1.90297,,Surface,7,Image 1,1,447,
4.90708,,Surface,7,Image 1,1,448,
2.73552,,Surface,7,Image 1,1,449,
2.00553,,Surface,7,Image 1,1,450,
5.86059,,Surface,7,Image 1,1,451,
2.70886,,Surface,7,Image 1,1,452,
4.65388,,Surface,7,Image 1,1,453,
2.69199,,Surface,7,Image 1,1,455,
3.92284,,Surface,7,Image 1,1,457,
4.2223,,Surface,7,Image 1,1,458,
4.40337,,Surface,7,Image 1,1,459,
2.25736,,Surface,7,Image 1,1,460,
2.81598,,Surface,7,Image 1,1,461,
3.12986,,Surface,7,Image 1,1,462,
3.65022,,Surface,7,Image 1,1,463,
2.79559,,Surface,7,Image 1,1,465,
2.94746,,Surface,7,Image 1,1,466,
4.18082,,Surface,7,Image 1,1,467,
2.58165,,Surface,7,Image 1,1,468,
9.01955,,Surface,7,Image 1,1,471,
3.45092,,Surface,7,Image 1,1,472,
1.87389,,Surface,7,Image 1,1,474,
3.59291,,Surface,7,Image 1,1,475,
3.1486,,Surface,7,Image 1,1,476,
3.21231,,Surface,7,Image 1,1,477,
3.20331,,Surface,7,Image 1,1,478,
4.48571,,Surface,7,Image 1,1,479,
3.42467,,Surface,7,Image 1,1,480,
2.50027,,Surface,7,Image 1,1,481,
5.48652,,Surface,7,Image 1,1,482,
2.11842,,Surface,7,Image 1,1,483,
2.92879,,Surface,7,Image 1,1,486,
2.59459,,Surface,7,Image 1,1,487,
4.46151,,Surface,7,Image 1,1,488,
3.97266,,Surface,7,Image 1,1,489,
2.77094,,Surface,7,Image 1,1,490,
2.91416,,Surface,7,Image 1,1,491,
5.35134,,Surface,7,Image 1,1,493,
4.87271,,Surface,7,Image 1,1,494,
3.21093,,Surface,7,Image 1,1,495,
3.45417,,Surface,7,Image 1,1,496,
4.71862,,Surface,7,Image 1,1,497,
2.71707,,Surface,7,Image 1,1,498,
3.70064,,Surface,7,Image 1,1,499,
2.83725,,Surface,7,Image 1,1,500,
3.5495,,Surface,7,Image 1,1,501,
2.15407,,Surface,7,Image 1,1,502,
2.06032,,Surface,7,Image 1,1,503,
2.61491,,Surface,7,Image 1,1,504,
4.48619,,Surface,7,Image 1,1,505,
5.07892,,Surface,7,Image 1,1,506,
2.45338,,Surface,7,Image 1,1,507,
2.864,,Surface,7,Image 1,1,509,
4.00574,,Surface,7,Image 1,1,510,
3.0342,,Surface,7,Image 1,1,511,
4.95647,,Surface,7,Image 1,1,515,
4.75323,,Surface,7,Image 1,1,516,
2.31517,,Surface,7,Image 1,1,517,
4.57655,,Surface,7,Image 1,1,519,
3.15039,,Surface,7,Image 1,1,520,
3.13308,,Surface,7,Image 1,1,521,
2.05913,,Surface,7,Image 1,1,522,
5.68218,,Surface,7,Image 1,1,523,
2.19089,,Surface,7,Image 1,1,524,
2.47522,,Surface,7,Image 1,1,525,
3.3364,,Surface,7,Image 1,1,526,
4.99099,,Surface,7,Image 1,1,527,
3.92506,,Surface,7,Image 1,1,528,
1.84612,,Surface,7,Image 1,1,529,
3.01019,,Surface,7,Image 1,1,530,
3.18794,,Surface,7,Image 1,1,531,
4.39811,,Surface,7,Image 1,1,532,
2.26691,,Surface,7,Image 1,1,533,
2.93478,,Surface,7,Image 1,1,534,
4.48389,,Surface,7,Image 1,1,535,
5.60749,,Surface,7,Image 1,1,536,
6.47004,,Surface,7,Image 1,1,537,
2.60954,,Surface,7,Image 1,1,538,
3.4741,,Surface,7,Image 1,1,540,
2.65428,,Surface,7,Image 1,1,541,
2.46872,,Surface,7,Image 1,1,544,
4.45982,,Surface,7,Image 1,1,545,
3.85909,,Surface,7,Image 1,1,546,
5.51201,,Surface,7,Image 1,1,548,
2.57694,,Surface,7,Image 1,1,549,
3.00778,,Surface,7,Image 1,1,550,
3.25401,,Surface,7,Image 1,1,552,
2.72375,,Surface,7,Image 1,1,553,
7.20507,,Surface,7,Image 1,1,555,
4.35718,,Surface,7,Image 1,1,556,
3.03735,,Surface,7,Image 1,1,557,
3.39935,,Surface,7,Image 1,1,559,
5.01529,,Surface,7,Image 1,1,561,
4.44812,,Surface,7,Image 1,1,562,
5.3311,,Surface,7,Image 1,1,565,
2.85676,,Surface,7,Image 1,1,567,
5.13491,,Surface,7,Image 1,1,568,
8.22078,,Surface,7,Image 1,1,569,
2.67261,,Surface,7,Image 1,1,570,
5.43718,,Surface,7,Image 1,1,573,
3.01357,,Surface,7,Image 1,1,574,
4.222,,Surface,7,Image 1,1,575,
4.27232,,Surface,7,Image 1,1,577,
3.81037,,Surface,7,Image 1,1,579,
4.67626,,Surface,7,Image 1,1,580,
3.87602,,Surface,7,Image 1,1,582,
1.27775,,Surface,7,Image 1,1,583,
3.20911,,Surface,7,Image 1,1,584,
4.48426,,Surface,7,Image 1,1,585,
5.28168,,Surface,7,Image 1,1,586,
6.54293,,Surface,7,Image 1,1,587,
7.03904,,Surface,7,Image 1,1,588,
6.46617,,Surface,7,Image 1,1,590,
4.43193,,Surface,7,Image 1,1,591,
2.87199,,Surface,7,Image 1,1,592,
2.73551,,Surface,7,Image 1,1,593,
6.12922,,Surface,7,Image 1,1,594,
2.87476,,Surface,7,Image 1,1,595,
5.85384,,Surface,7,Image 1,1,597,
6.55635,,Surface,7,Image 1,1,598,
7.68899,,Surface,7,Image 1,1,599,
7.68346,,Surface,7,Image 1,1,600,
3.64417,,Surface,7,Image 1,1,601,
1.85777,,Surface,7,Image 1,1,603,
5.40829,,Surface,7,Image 1,1,604,
4.41738,,Surface,7,Image 1,1,605,
2.39541,,Surface,7,Image 1,1,606,
3.39491,,Surface,7,Image 1,1,607,
6.86129,,Surface,7,Image 1,1,608,
4.28582,,Surface,7,Image 1,1,609,
6.14702,,Surface,7,Image 1,1,610,
5.04832,,Surface,7,Image 1,1,611,
4.6009,,Surface,7,Image 1,1,612,
4.13546,,Surface,7,Image 1,1,613,
6.61982,,Surface,7,Image 1,1,614,
2.52816,,Surface,7,Image 1,1,615,
6.81186,,Surface,7,Image 1,1,616,
3.29714,,Surface,7,Image 1,1,617,
5.06086,,Surface,7,Image 1,1,618,
3.76208,,Surface,7,Image 1,1,619,
3.17585,,Surface,7,Image 1,1,620,
4.08387,,Surface,7,Image 1,1,622,
4.3595,,Surface,7,Image 1,1,624,
5.12314,,Surface,7,Image 1,1,625,
2.90638,,Surface,7,Image 1,1,626,
3.42411,,Surface,7,Image 1,1,627,
2.30655,,Surface,7,Image 1,1,629,
7.13067,,Surface,7,Image 1,1,630,
3.52742,,Surface,7,Image 1,1,631,
6.88432,,Surface,7,Image 1,1,632,
4.06073,,Surface,7,Image 1,1,633,
2.94024,,Surface,7,Image 1,1,634,
5.89121,,Surface,7,Image 1,1,635,
4.11717,,Surface,7,Image 1,1,636,
4.64193,,Surface,7,Image 1,1,637,
4.72077,,Surface,7,Image 1,1,638,
1.46249,,Surface,7,Image 1,1,640,
4.11045,,Surface,7,Image 1,1,641,
4.02508,,Surface,7,Image 1,1,642,
6.73233,,Surface,7,Image 1,1,643,
6.24917,,Surface,7,Image 1,1,644,
6.29096,,Surface,7,Image 1,1,645,
3.36316,,Surface,7,Image 1,1,646,
3.02335,,Surface,7,Image 1,1,647,
3.48029,,Surface,7,Image 1,1,648,
2.25308,,Surface,7,Image 1,1,649,
7.42722,,Surface,7,Image 1,1,650,
4.8858,,Surface,7,Image 1,1,652,
2.94387,,Surface,7,Image 1,1,653,
2.71465,,Surface,7,Image 1,1,654,
2.80323,,Surface,7,Image 1,1,656,
5.2542,,Surface,7,Image 1,1,657,
6.13108,,Surface,7,Image 1,1,658,
5.72153,,Surface,7,Image 1,1,659,
1.43023,,Surface,7,Image 1,1,660,
3.0957,,Surface,7,Image 1,1,661,
5.18769,,Surface,7,Image 1,1,662,
5.41392,,Surface,7,Image 1,1,663,
4.36153,,Surface,7,Image 1,1,664,
4.12805,,Surface,7,Image 1,1,665,
4.54432,,Surface,7,Image 1,1,666,
3.44526,,Surface,7,Image 1,1,667,
3.99952,,Surface,7,Image 1,1,668,
2.34509,,Surface,7,Image 1,1,669,
3.07058,,Surface,7,Image 1,1,670,
5.15071,,Surface,7,Image 1,1,671,
2.35403,,Surface,7,Image 1,1,672,
4.23132,,Surface,7,Image 1,1,673,
3.59265,,Surface,7,Image 1,1,675,
3.64318,,Surface,7,Image 1,1,677,
1.62903,,Surface,7,Image 1,1,678,
3.58273,,Surface,7,Image 1,1,679,
4.76602,,Surface,7,Image 1,1,680,
4.51246,,Surface,7,Image 1,1,681,
3.26965,,Surface,7,Image 1,1,683,
4.78183,,Surface,7,Image 1,1,685,
3.14147,,Surface,7,Image 1,1,687,
4.22272,,Surface,7,Image 1,1,688,
5.06573,,Surface,7,Image 1,1,689,
2.50546,,Surface,7,Image 1,1,690,
3.82649,,Surface,7,Image 1,1,691,
5.04082,,Surface,7,Image 1,1,695,
6.70264,,Surface,7,Image 1,1,696,
3.3335,,Surface,7,Image 1,1,697,
3.76514,,Surface,7,Image 1,1,698,
5.73018,,Surface,7,Image 1,1,700,
7.32402,,Surface,7,Image 1,1,702,
2.39826,,Surface,7,Image 1,1,703,
5.22925,,Surface,7,Image 1,1,704,
1.87248,,Surface,7,Image 1,1,705,
3.44232,,Surface,7,Image 1,1,706,
3.43333,,Surface,7,Image 1,1,707,
2.43815,,Surface,7,Image 1,1,709,
3.54955,,Surface,7,Image 1,1,712,
6.36145,,Surface,7,Image 1,1,714,
3.45008,,Surface,7,Image 1,1,716,
4.10835,,Surface,7,Image 1,1,717,
5.63136,,Surface,7,Image 1,1,718,
3.88366,,Surface,7,Image 1,1,719,
4.64511,,Surface,7,Image 1,1,720,
3.34208,,Surface,7,Image 1,1,721,
3.65982,,Surface,7,Image 1,1,722,
3.57896,,Surface,7,Image 1,1,724,
3.40624,,Surface,7,Image 1,1,725,
2.98958,,Surface,7,Image 1,1,726,
2.93423,,Surface,7,Image 1,1,727,
1.69231,,Surface,7,Image 1,1,728,
3.27767,,Surface,7,Image 1,1,729,
8.06353,,Surface,7,Image 1,1,731,
5.65227,,Surface,7,Image 1,1,732,
3.21748,,Surface,7,Image 1,1,733,
3.6504,,Surface,7,Image 1,1,734,
3.08342,,Surface,7,Image 1,1,736,
3.625,,Surface,7,Image 1,1,737,
4.13477,,Surface,7,Image 1,1,738,
2.68679,,Surface,7,Image 1,1,739,
3.4821,,Surface,7,Image 1,1,740,
6.17522,,Surface,7,Image 1,1,744,
5.88416,,Surface,7,Image 1,1,745,
3.85558,,Surface,7,Image 1,1,746,
4.48286,,Surface,7,Image 1,1,748,
3.48232,,Surface,7,Image 1,1,750,
2.59499,,Surface,7,Image 1,1,751,
3.65459,,Surface,7,Image 1,1,752,
3.47554,,Surface,7,Image 1,1,753,
4.72447,,Surface,7,Image 1,1,756,
4.36779,,Surface,7,Image 1,1,757,
3.96075,,Surface,7,Image 1,1,758,
6.41244,,Surface,7,Image 1,1,761,
7.34616,,Surface,7,Image 1,1,762,
2.19876,,Surface,7,Image 1,1,763,
4.59827,,Surface,7,Image 1,1,764,
2.99009,,Surface,7,Image 1,1,765,
3.57901,,Surface,7,Image 1,1,767,
3.20923,,Surface,7,Image 1,1,768,
4.62365,,Surface,7,Image 1,1,769,
4.18837,,Surface,7,Image 1,1,770,
4.66405,,Surface,7,Image 1,1,771,
4.94049,,Surface,7,Image 1,1,772,
4.51259,,Surface,7,Image 1,1,773,
3.29582,,Surface,7,Image 1,1,775,
4.19405,,Surface,7,Image 1,1,776,
4.64803,,Surface,7,Image 1,1,777,
3.87117,,Surface,7,Image 1,1,778,
6.46953,,Surface,7,Image 1,1,779,
2.47354,,Surface,7,Image 1,1,780,
5.21987,,Surface,7,Image 1,1,781,
2.33615,,Surface,7,Image 1,1,782,
6.08385,,Surface,7,Image 1,1,785,
2.41152,,Surface,7,Image 1,1,786,
2.76384,,Surface,7,Image 1,1,787,
4.20206,,Surface,7,Image 1,1,789,
4.20308,,Surface,7,Image 1,1,790,
3.18385,,Surface,7,Image 1,1,791,
4.95423,,Surface,7,Image 1,1,793,
2.90085,,Surface,7,Image 1,1,795,
5.45283,,Surface,7,Image 1,1,796,
3.97292,,Surface,7,Image 1,1,797,
3.56776,,Surface,7,Image 1,1,798,
3.12515,,Surface,7,Image 1,1,799,
3.26663,,Surface,7,Image 1,1,800,
2.71456,,Surface,7,Image 1,1,802,
3.00435,,Surface,7,Image 1,1,803,
2.82913,,Surface,7,Image 1,1,804,
3.92162,,Surface,7,Image 1,1,805,
4.43689,,Surface,7,Image 1,1,806,
3.84905,,Surface,7,Image 1,1,810,
2.20504,,Surface,7,Image 1,1,814,
4.39454,,Surface,7,Image 1,1,815,
2.77865,,Surface,7,Image 1,1,816,
2.42304,,Surface,7,Image 1,1,817,
7.14611,,Surface,7,Image 1,1,818,
2.89372,,Surface,7,Image 1,1,819,
5.39662,,Surface,7,Image 1,1,820,
2.61916,,Surface,7,Image 1,1,821,
2.48065,,Surface,7,Image 1,1,822,
3.11183,,Surface,7,Image 1,1,823,
6.12203,,Surface,7,Image 1,1,824,
5.22287,,Surface,7,Image 1,1,825,
3.91039,,Surface,7,Image 1,1,829,
4.4764,,Surface,7,Image 1,1,830,
2.1154,,Surface,7,Image 1,1,831,
4.44922,,Surface,7,Image 1,1,832,
4.80276,,Surface,7,Image 1,1,833,
2.62726,,Surface,7,Image 1,1,837,
5.1706,,Surface,7,Image 1,1,838,
7.41189,,Surface,7,Image 1,1,839,
5.00921,,Surface,7,Image 1,1,840,
2.99987,,Surface,7,Image 1,1,841,
5.20252,,Surface,7,Image 1,1,842,
3.55727,,Surface,7,Image 1,1,844,
4.50933,,Surface,7,Image 1,1,845,
2.62343,,Surface,7,Image 1,1,846,
2.06155,,Surface,7,Image 1,1,847,
3.82392,,Surface,7,Image 1,1,849,
2.61665,,Surface,7,Image 1,1,850,
8.0218,,Surface,7,Image 1,1,851,
2.69517,,Surface,7,Image 1,1,852,
5.27063,,Surface,7,Image 1,1,853,
7.40418,,Surface,7,Image 1,1,854,
8.52324,,Surface,7,Image 1,1,855,
1.47296,,Surface,7,Image 1,1,856,
5.15726,,Surface,7,Image 1,1,857,
2.65067,,Surface,7,Image 1,1,858,
2.93848,,Surface,7,Image 1,1,859,
4.63616,,Surface,7,Image 1,1,861,
1.86256,,Surface,7,Image 1,1,862,
2.63244,,Surface,7,Image 1,1,863,
7.84805,,Surface,7,Image 1,1,864,
7.22728,,Surface,7,Image 1,1,866,
7.41659,,Surface,7,Image 1,1,867,
3.06219,,Surface,7,Image 1,1,868,
3.08423,,Surface,7,Image 1,1,869,
3.88495,,Surface,7,Image 1,1,870,
2.09762,,Surface,7,Image 1,1,871,
2.0023,,Surface,7,Image 1,1,872,
2.73117,,Surface,7,Image 1,1,875,
3.83655,,Surface,7,Image 1,1,876,
6.57229,,Surface,7,Image 1,1,878,
4.54779,,Surface,7,Image 1,1,879,
5.14129,,Surface,7,Image 1,1,880,
4.03038,,Surface,7,Image 1,1,882,
2.0702,,Surface,7,Image 1,1,883,
2.09497,,Surface,7,Image 1,1,884,
5.28058,,Surface,7,Image 1,1,885,
2.99844,,Surface,7,Image 1,1,886,
2.26451,,Surface,7,Image 1,1,887,
3.48924,,Surface,7,Image 1,1,890,
1.68523,,Surface,7,Image 1,1,891,
2.48807,,Surface,7,Image 1,1,892,
3.54921,,Surface,7,Image 1,1,893,
2.66313,,Surface,7,Image 1,1,894,
3.67605,,Surface,7,Image 1,1,895,
3.10661,,Surface,7,Image 1,1,897,
2.40297,,Surface,7,Image 1,1,899,
5.78664,,Surface,7,Image 1,1,900,
1.46751,,Surface,7,Image 1,1,901,
4.86861,,Surface,7,Image 1,1,902,
3.63563,,Surface,7,Image 1,1,903,
6.48002,,Surface,7,Image 1,1,904,
2.88421,,Surface,7,Image 1,1,905,
1.0198,,Surface,7,Image 1,1,906,
2.40982,,Surface,7,Image 1,1,907,
4.58526,,Surface,7,Image 1,1,908,
2.83279,,Surface,7,Image 1,1,910,
6.53666,,Surface,7,Image 1,1,911,
4.12795,,Surface,7,Image 1,1,912,
6.44048,,Surface,7,Image 1,1,913,
2.48156,,Surface,7,Image 1,1,914,
5.72487,,Surface,7,Image 1,1,915,
5.61834,,Surface,7,Image 1,1,916,
2.5588,,Surface,7,Image 1,1,917,
7.08508,,Surface,7,Image 1,1,918,
2.98598,,Surface,7,Image 1,1,919,
4.88659,,Surface,7,Image 1,1,920,
2.86943,,Surface,7,Image 1,1,921,
2.97004,,Surface,7,Image 1,1,922,
2.28751,,Surface,7,Image 1,1,923,
3.32961,,Surface,7,Image 1,1,924,
3.25918,,Surface,7,Image 1,1,925,
2.6024,,Surface,7,Image 1,1,927,
2.39046,,Surface,7,Image 1,1,928,
3.07458,,Surface,7,Image 1,1,929,
3.36466,,Surface,7,Image 1,1,931,
1.81217,,Surface,7,Image 1,1,933,
1.24722,,Surface,7,Image 1,1,934,
6.91301,,Surface,7,Image 1,1,936,
3.06277,,Surface,7,Image 1,1,937,
1.66341,,Surface,7,Image 1,1,939,
7.14983,,Surface,7,Image 1,1,940,
5.91796,,Surface,7,Image 1,1,941,
5.22943,,Surface,7,Image 1,1,943,
1.2,,Surface,7,Image 1,1,946,
6.52748,,Surface,7,Image 1,1,947,
3.5172,,Surface,7,Image 1,1,948,
2.94213,,Surface,7,Image 1,1,950,
4.25423,,Surface,7,Image 1,1,951,
3.05027,,Surface,7,Image 1,1,952,
6.01356,,Surface,7,Image 1,1,953,
4.81881,,Surface,7,Image 1,1,954,
5.58092,,Surface,7,Image 1,1,956,
5.48224,,Surface,7,Image 1,1,958,
4.20119,,Surface,7,Image 1,1,959,
2.64063,,Surface,7,Image 1,1,960,
3.51709,,Surface,7,Image 1,1,961,
1.81812,,Surface,7,Image 1,1,962,
3.2863,,Surface,7,Image 1,1,963,
6.13946,,Surface,7,Image 1,1,964,
3.21001,,Surface,7,Image 1,1,965,
2.63842,,Surface,7,Image 1,1,967,
4.60557,,Surface,7,Image 1,1,968,
5.55874,,Surface,7,Image 1,1,970,
3.75368,,Surface,7,Image 1,1,971,
2.03634,,Surface,7,Image 1,1,972,
4.47389,,Surface,7,Image 1,1,973,
2.19708,,Surface,7,Image 1,1,975,
5.02016,,Surface,7,Image 1,1,977,
4.30339,,Surface,7,Image 1,1,978,
4.31612,,Surface,7,Image 1,1,979,
2.12368,,Surface,7,Image 1,1,981,
5.27022,,Surface,7,Image 1,1,982,
1.96674,,Surface,7,Image 1,1,984,
3.47907,,Surface,7,Image 1,1,985,
3.01234,,Surface,7,Image 1,1,988,
2.40116,,Surface,7,Image 1,1,991,
5.22462,,Surface,7,Image 1,1,993,
1.21335,,Surface,7,Image 1,1,994,
2.58174,,Surface,7,Image 1,1,996,
6.13255,,Surface,7,Image 1,1,997,
8.07463,,Surface,7,Image 1,1,998,
4.56331,,Surface,7,Image 1,1,999,
6.06176,,Surface,7,Image 1,1,1000,
3.04844,,Surface,7,Image 1,1,1002,
3.7753,,Surface,7,Image 1,1,1004,
5.5217,,Surface,7,Image 1,1,1005,
5.35686,,Surface,7,Image 1,1,1006,
10.8714,,Surface,7,Image 1,1,1007,
3.2727,,Surface,7,Image 1,1,1009,
2.89945,,Surface,7,Image 1,1,1010,
1.59079,,Surface,7,Image 1,1,1011,
4.29246,,Surface,7,Image 1,1,1012,
2.32323,,Surface,7,Image 1,1,1013,
3.02053,,Surface,7,Image 1,1,1014,
5.95352,,Surface,7,Image 1,1,1017,
3.35021,,Surface,7,Image 1,1,1018,
4.39388,,Surface,7,Image 1,1,1019,
2.23493,,Surface,7,Image 1,1,1020,
2.86074,,Surface,7,Image 1,1,1022,
2.20121,,Surface,7,Image 1,1,1023,
3.66087,,Surface,7,Image 1,1,1024,
3.82599,,Surface,7,Image 1,1,1025,
2.83647,,Surface,7,Image 1,1,1026,
2.91557,,Surface,7,Image 1,1,1027,
2.85831,,Surface,7,Image 1,1,1028,
3.17295,,Surface,7,Image 1,1,1030,
3.16077,,Surface,7,Image 1,1,1033,
5.13755,,Surface,7,Image 1,1,1034,
4.45224,,Surface,7,Image 1,1,1035,
4.60298,,Surface,7,Image 1,1,1038,
5.83829,,Surface,7,Image 1,1,1039,
2.85851,,Surface,7,Image 1,1,1041,
2.36974,,Surface,7,Image 1,1,1042,
2.68965,,Surface,7,Image 1,1,1043,
2.82313,,Surface,7,Image 1,1,1045,
3.69429,,Surface,7,Image 1,1,1046,
3.49179,,Surface,7,Image 1,1,1048,
2.17367,,Surface,7,Image 1,1,1049,
7.10233,,Surface,7,Image 1,1,1050,
2.4155,,Surface,7,Image 1,1,1051,
2.79713,,Surface,7,Image 1,1,1052,
4.12905,,Surface,7,Image 1,1,1053,
3.15791,,Surface,7,Image 1,1,1056,
3.90351,,Surface,7,Image 1,1,1059,
2.10663,,Surface,7,Image 1,1,1060,
4.88287,,Surface,7,Image 1,1,1061,
3.54454,,Surface,7,Image 1,1,1062,
3.23253,,Surface,7,Image 1,1,1065,
5.7768,,Surface,7,Image 1,1,1068,
3.25662,,Surface,7,Image 1,1,1069,
6.55517,,Surface,7,Image 1,1,1070,
3.44046,,Surface,7,Image 1,1,1072,
3.44886,,Surface,7,Image 1,1,1073,
3.48357,,Surface,7,Image 1,1,1074,
5.20635,,Surface,7,Image 1,1,1075,
5.4763,,Surface,7,Image 1,1,1076,
2.22336,,Surface,7,Image 1,1,1077,
2.34307,,Surface,7,Image 1,1,1078,
2.99668,,Surface,7,Image 1,1,1079,
3.42365,,Surface,7,Image 1,1,1080,
6.76875,,Surface,7,Image 1,1,1081,
4.06634,,Surface,7,Image 1,1,1082,
2.9129,,Surface,7,Image 1,1,1083,
3.02397,,Surface,7,Image 1,1,1085,
6.28356,,Surface,7,Image 1,1,1087,
2.71665,,Surface,7,Image 1,1,1088,
2.4911,,Surface,7,Image 1,1,1089,
2.16654,,Surface,7,Image 1,1,1090,
2.10819,,Surface,7,Image 1,1,1091,
7.29147,,Surface,7,Image 1,1,1092,
2.71559,,Surface,7,Image 1,1,1095,
2.97584,,Surface,7,Image 1,1,1096,
2.21193,,Surface,7,Image 1,1,1097,
3.31255,,Surface,7,Image 1,1,1098,
5.06386,,Surface,7,Image 1,1,1099,
2.77532,,Surface,7,Image 1,1,1100,
2.54786,,Surface,7,Image 1,1,1101,
4.82055,,Surface,7,Image 1,1,1102,
4.41129,,Surface,7,Image 1,1,1103,
3.82714,,Surface,7,Image 1,1,1104,
2.72508,,Surface,7,Image 1,1,1105,
2.29295,,Surface,7,Image 1,1,1106,
3.15119,,Surface,7,Image 1,1,1107,
2.77773,,Surface,7,Image 1,1,1108,
3.8685,,Surface,7,Image 1,1,1110,
3.95475,,Surface,7,Image 1,1,1111,
4.41579,,Surface,7,Image 1,1,1113,
2.15097,,Surface,7,Image 1,1,1114,
8.12866,,Surface,7,Image 1,1,1116,
7.1763,,Surface,7,Image 1,1,1117,
1.99902,,Surface,7,Image 1,1,1118,
3.39117,,Surface,7,Image 1,1,1119,
4.92975,,Surface,7,Image 1,1,1120,
3.03499,,Surface,7,Image 1,1,1121,
6.22562,,Surface,7,Image 1,1,1123,
3.16866,,Surface,7,Image 1,1,1124,
4.49924,,Surface,7,Image 1,1,1126,
3.28108,,Surface,7,Image 1,1,1128,
3.89015,,Surface,7,Image 1,1,1129,
7.12369,,Surface,7,Image 1,1,1130,
3.31738,,Surface,7,Image 1,1,1132,
3.14968,,Surface,7,Image 1,1,1133,
2.49357,,Surface,7,Image 1,1,1134,
4.88976,,Surface,7,Image 1,1,1135,
3.43177,,Surface,7,Image 1,1,1137,
1.94212,,Surface,7,Image 1,1,1138,
4.64041,,Surface,7,Image 1,1,1140,
1.90058,,Surface,7,Image 1,1,1142,
3.65242,,Surface,7,Image 1,1,1143,
1.96333,,Surface,7,Image 1,1,1144,
5.81001,,Surface,7,Image 1,1,1145,
2.86335,,Surface,7,Image 1,1,1146,
2.7991,,Surface,7,Image 1,1,1147,
7.08959,,Surface,7,Image 1,1,1148,
2.60741,,Surface,7,Image 1,1,1149,
3.0353,,Surface,7,Image 1,1,1150,
3.05963,,Surface,7,Image 1,1,1151,
3.09015,,Surface,7,Image 1,1,1152,
5.58483,,Surface,7,Image 1,1,1153,
2.45135,,Surface,7,Image 1,1,1158,
2.25274,,Surface,7,Image 1,1,1159,
2.61086,,Surface,7,Image 1,1,1160,
2.60483,,Surface,7,Image 1,1,1161,
2.8273,,Surface,7,Image 1,1,1162,
4.04983,,Surface,7,Image 1,1,1163,
4.07969,,Surface,7,Image 1,1,1164,
3.56346,,Surface,7,Image 1,1,1165,
6.1746,,Surface,7,Image 1,1,1166,
8.26287,,Surface,7,Image 1,1,1167,
1.92525,,Surface,7,Image 1,1,1168,
1.73717,,Surface,7,Image 1,1,1169,
3.94977,,Surface,7,Image 1,1,1170,
2.20969,,Surface,7,Image 1,1,1171,
2.68584,,Surface,7,Image 1,1,1172,
3.22098,,Surface,7,Image 1,1,1173,
3.98554,,Surface,7,Image 1,1,1174,
1.95078,,Surface,7,Image 1,1,1176,
3.53307,,Surface,7,Image 1,1,1179,
2.47925,,Surface,7,Image 1,1,1181,
3.86318,,Surface,7,Image 1,1,1182,
6.83446,,Surface,7,Image 1,1,1184,
3.16967,,Surface,7,Image 1,1,1185,
4.31409,,Surface,7,Image 1,1,1186,
6.12574,,Surface,7,Image 1,1,1190,
3.60118,,Surface,7,Image 1,1,1191,
4.23925,,Surface,7,Image 1,1,1194,
5.20416,,Surface,7,Image 1,1,1195,
2.37869,,Surface,7,Image 1,1,1196,
5.08492,,Surface,7,Image 1,1,1198,
2.97647,,Surface,7,Image 1,1,1201,
2.8502,,Surface,7,Image 1,1,1202,
3.08329,,Surface,7,Image 1,1,1204,
4.47168,,Surface,7,Image 1,1,1206,
2.19457,,Surface,7,Image 1,1,1207,
5.2529,,Surface,7,Image 1,1,1208,
2.00864,,Surface,7,Image 1,1,1209,
2.87683,,Surface,7,Image 1,1,1210,
2.6159,,Surface,7,Image 1,1,1211,
1.67332,,Surface,7,Image 1,1,1212,
2.30883,,Surface,7,Image 1,1,1213,
5.9618,,Surface,7,Image 1,1,1214,
7.14945,,Surface,7,Image 1,1,1215,
7.10217,,Surface,7,Image 1,1,1216,
2.37594,,Surface,7,Image 1,1,1217,
3.99706,,Surface,7,Image 1,1,1218,
3.26883,,Surface,7,Image 1,1,1219,
6.28252,,Surface,7,Image 1,1,1220,
3.1321,,Surface,7,Image 1,1,1221,
3.52543,,Surface,7,Image 1,1,1222,
5.13989,,Surface,7,Image 1,1,1223,
2.63358,,Surface,7,Image 1,1,1227,
3.09766,,Surface,7,Image 1,1,1228,
2.09439,,Surface,7,Image 1,1,1230,
3.27316,,Surface,7,Image 1,1,1231,
3.90273,,Surface,7,Image 1,1,1233,
3.2643,,Surface,7,Image 1,1,1234,
5.77814,,Surface,7,Image 1,1,1237,
2.03773,,Surface,7,Image 1,1,1238,
5.81346,,Surface,7,Image 1,1,1239,
2.94629,,Surface,7,Image 1,1,1241,
3.42502,,Surface,7,Image 1,1,1243,
9.25059,,Surface,7,Image 1,1,1244,
6.92701,,Surface,7,Image 1,1,1245,
2.921,,Surface,7,Image 1,1,1246,
3.24349,,Surface,7,Image 1,1,1247,
2.32666,,Surface,7,Image 1,1,1248,
3.50712,,Surface,7,Image 1,1,1249,
2.68096,,Surface,7,Image 1,1,1250,
3.03211,,Surface,7,Image 1,1,1251,
3.34909,,Surface,7,Image 1,1,1252,
1.66479,,Surface,7,Image 1,1,1253,
3.76017,,Surface,7,Image 1,1,1255,
2.37652,,Surface,7,Image 1,1,1257,
2.44478,,Surface,7,Image 1,1,1258,
4.82867,,Surface,7,Image 1,1,1259,
3.45985,,Surface,7,Image 1,1,1260,
5.1722,,Surface,7,Image 1,1,1261,
2.16771,,Surface,7,Image 1,1,1262,
5.39007,,Surface,7,Image 1,1,1263,
5.73062,,Surface,7,Image 1,1,1264,
6.32087,,Surface,7,Image 1,1,1266,
2.7207,,Surface,7,Image 1,1,1267,
3.22211,,Surface,7,Image 1,1,1269,
5.53787,,Surface,7,Image 1,1,1270,
4.37154,,Surface,7,Image 1,1,1271,
2.96695,,Surface,7,Image 1,1,1272,
5.94207,,Surface,7,Image 1,1,1274,
2.32857,,Surface,7,Image 1,1,1275,
6.86869,,Surface,7,Image 1,1,1276,
2.46444,,Surface,7,Image 1,1,1279,
6.04321,,Surface,7,Image 1,1,1280,
5.32896,,Surface,7,Image 1,1,1282,
4.95093,,Surface,7,Image 1,1,1287,
3.15654,,Surface,7,Image 1,1,1288,
4.12894,,Surface,7,Image 1,1,1289,
4.01257,,Surface,7,Image 1,1,1290,
2.48245,,Surface,7,Image 1,1,1291,
3.99319,,Surface,7,Image 1,1,1292,
6.22095,,Surface,7,Image 1,1,1294,
3.2741,,Surface,7,Image 1,1,1296,
4.98883,,Surface,7,Image 1,1,1297,
2.72518,,Surface,7,Image 1,1,1298,
4.9186,,Surface,7,Image 1,1,1300,
5.53434,,Surface,7,Image 1,1,1301,
1.86727,,Surface,7,Image 1,1,1302,
5.23949,,Surface,7,Image 1,1,1303,
1.59545,,Surface,7,Image 1,1,1305,
4.62981,,Surface,7,Image 1,1,1306,
4.41632,,Surface,7,Image 1,1,1307,
2.36841,,Surface,7,Image 1,1,1308,
5.49145,,Surface,7,Image 1,1,1311,
5.78518,,Surface,7,Image 1,1,1312,
2.21736,,Surface,7,Image 1,1,1313,
2.45764,,Surface,7,Image 1,1,1314,
4.82642,,Surface,7,Image 1,1,1315,
6.64868,,Surface,7,Image 1,1,1316,
1.9682,,Surface,7,Image 1,1,1317,
3.79537,,Surface,7,Image 1,1,1318,
3.19354,,Surface,7,Image 1,1,1319,
2.83053,,Surface,7,Image 1,1,1320,
3.65474,,Surface,7,Image 1,1,1322,
2.81277,,Surface,7,Image 1,1,1323,
4.42516,,Surface,7,Image 1,1,1324,
2.82417,,Surface,7,Image 1,1,1326,
4.67263,,Surface,7,Image 1,1,1327,
2.4404,,Surface,7,Image 1,1,1328,
4.39052,,Surface,7,Image 1,1,1329,
3.53407,,Surface,7,Image 1,1,1330,
5.33342,,Surface,7,Image 1,1,1331,
4.6353,,Surface,7,Image 1,1,1332,
5.5137,,Surface,7,Image 1,1,1333,
4.94988,,Surface,7,Image 1,1,1334,
2.55129,,Surface,7,Image 1,1,1335,
3.47465,,Surface,7,Image 1,1,1336,
2.62463,,Surface,7,Image 1,1,1342,
4.5528,,Surface,7,Image 1,1,1344,
4.7719,,Surface,7,Image 1,1,1346,
2.70136,,Surface,7,Image 1,1,1348,
3.02898,,Surface,7,Image 1,1,1349,
4.42242,,Surface,7,Image 1,1,1350,
2.61618,,Surface,7,Image 1,1,1352,
2.74033,,Surface,7,Image 1,1,1353,
2.70686,,Surface,7,Image 1,1,1356,
2.46169,,Surface,7,Image 1,1,1358,
4.52925,,Surface,7,Image 1,1,1359,
4.46377,,Surface,7,Image 1,1,1360,
4.48249,,Surface,7,Image 1,1,1362,
2.6533,,Surface,7,Image 1,1,1364,
5.51626,,Surface,7,Image 1,1,1366,
4.25938,,Surface,7,Image 1,1,1368,
4.47102,,Surface,7,Image 1,1,1371,
3.94093,,Surface,7,Image 1,1,1372,
4.46655,,Surface,7,Image 1,1,1373,
3.08413,,Surface,7,Image 1,1,1374,
4.62041,,Surface,7,Image 1,1,1378,
1.8721,,Surface,7,Image 1,1,1379,
2.65199,,Surface,7,Image 1,1,1380,
2.27841,,Surface,7,Image 1,1,1381,
3.0205,,Surface,7,Image 1,1,1382,
6.19371,,Surface,7,Image 1,1,1383,
3.5509,,Surface,7,Image 1,1,1384,
2.64867,,Surface,7,Image 1,1,1385,
6.68256,,Surface,7,Image 1,1,1389,
4.46559,,Surface,7,Image 1,1,1390,
6.27008,,Surface,7,Image 1,1,1391,
3.85744,,Surface,7,Image 1,1,1392,
6.00669,,Surface,7,Image 1,1,1394,
3.41533,,Surface,7,Image 1,1,1395,
2.601,,Surface,7,Image 1,1,1396,
1.49422,,Surface,7,Image 1,1,1397,
5.6168,,Surface,7,Image 1,1,1398,
3.35127,,Surface,7,Image 1,1,1400,
2.88631,,Surface,7,Image 1,1,1401,
3.03996,,Surface,7,Image 1,1,1402,
5.01475,,Surface,7,Image 1,1,1403,
3.479,,Surface,7,Image 1,1,1404,
3.86967,,Surface,7,Image 1,1,1405,
4.10453,,Surface,7,Image 1,1,1406,
3.14483,,Surface,7,Image 1,1,1409,
6.46202,,Surface,7,Image 1,1,1410,
2.09771,,Surface,7,Image 1,1,1411,
4.43807,,Surface,7,Image 1,1,1412,
2.92496,,Surface,7,Image 1,1,1413,
7.23399,,Surface,7,Image 1,1,1414,
3.90303,,Surface,7,Image 1,1,1415,
4.12581,,Surface,7,Image 1,1,1417,
3.60707,,Surface,7,Image 1,1,1419,
3.10893,,Surface,7,Image 1,1,1420,
3.51587,,Surface,7,Image 1,1,1422,
2.59074,,Surface,7,Image 1,1,1423,
5.12703,,Surface,7,Image 1,1,1426,
4.67861,,Surface,7,Image 1,1,1427,
2.0439,,Surface,7,Image 1,1,1428,
2.57558,,Surface,7,Image 1,1,1429,
2.9034,,Surface,7,Image 1,1,1431,
4.2137,,Surface,7,Image 1,1,1432,
4.17279,,Surface,7,Image 1,1,1433,
6.07205,,Surface,7,Image 1,1,1434,
2.12319,,Surface,7,Image 1,1,1435,
4.79025,,Surface,7,Image 1,1,1437,
5.62441,,Surface,7,Image 1,1,1439,
2.40624,,Surface,7,Image 1,1,1440,
3.16022,,Surface,7,Image 1,1,1441,
6.02388,,Surface,7,Image 1,1,1442,
2.22261,,Surface,7,Image 1,1,1443,
3.89437,,Surface,7,Image 1,1,1445,
5.2694,,Surface,7,Image 1,1,1446,
2.99212,,Surface,7,Image 1,1,1447,
2.58815,,Surface,7,Image 1,1,1448,
3.8455,,Surface,7,Image 1,1,1450,
2.27823,,Surface,7,Image 1,1,1452,
5.69323,,Surface,7,Image 1,1,1454,
5.78602,,Surface,7,Image 1,1,1455,
2.36841,,Surface,7,Image 1,1,1456,
3.6212,,Surface,7,Image 1,1,1457,
4.59825,,Surface,7,Image 1,1,1458,
3.49455,,Surface,7,Image 1,1,1459,
2.37994,,Surface,7,Image 1,1,1460,
5.29448,,Surface,7,Image 1,1,1461,
3.74819,,Surface,7,Image 1,1,1463,
1.55553,,Surface,7,Image 1,1,1464,
1.81382,,Surface,7,Image 1,1,1465,
4.72006,,Surface,7,Image 1,1,1466,
5.35922,,Surface,7,Image 1,1,1467,
3.60008,,Surface,7,Image 1,1,1468,
2.16496,,Surface,7,Image 1,1,1469,
5.779,,Surface,7,Image 1,1,1470,
3.39307,,Surface,7,Image 1,1,1471,
5.16361,,Surface,7,Image 1,1,1472,
3.74121,,Surface,7,Image 1,1,1474,
2.90734,,Surface,7,Image 1,1,1475,
4.11787,,Surface,7,Image 1,1,1476,
8.46197,,Surface,7,Image 1,1,1477,
2.95308,,Surface,7,Image 1,1,1478,
5.20919,,Surface,7,Image 1,1,1479,
4.07991,,Surface,7,Image 1,1,1480,
3.76753,,Surface,7,Image 1,1,1482,
3.50682,,Surface,7,Image 1,1,1483,
4.2046,,Surface,7,Image 1,1,1484,
1.83538,,Surface,7,Image 1,1,1486,
3.67592,,Surface,7,Image 1,1,1487,
3.49927,,Surface,7,Image 1,1,1490,
5.6667,,Surface,7,Image 1,1,1492,
5.15568,,Surface,7,Image 1,1,1493,
3.15233,,Surface,7,Image 1,1,1496,
2.72195,,Surface,7,Image 1,1,1498,
1.78139,,Surface,7,Image 1,1,1500,
1.88636,,Surface,7,Image 1,1,1501,
1.76463,,Surface,7,Image 1,1,1502,
3.75491,,Surface,7,Image 1,1,1504,
3.21813,,Surface,7,Image 1,1,1505,
3.397,,Surface,7,Image 1,1,1506,
2.62694,,Surface,7,Image 1,1,1507,
1.93148,,Surface,7,Image 1,1,1508,
4.21872,,Surface,7,Image 1,1,1509,
2.54541,,Surface,7,Image 1,1,1510,
4.69023,,Surface,7,Image 1,1,1511,
2.63918,,Surface,7,Image 1,1,1512,
2.4463,,Surface,7,Image 1,1,1513,
2.03818,,Surface,7,Image 1,1,1514,
4.96884,,Surface,7,Image 1,1,1516,
2.99669,,Surface,7,Image 1,1,1517,
4.15331,,Surface,7,Image 1,1,1518,
3.17972,,Surface,7,Image 1,1,1520,
2.46713,,Surface,7,Image 1,1,1521,
5.0001,,Surface,7,Image 1,1,1522,
2.6538,,Surface,7,Image 1,1,1524,
2.44055,,Surface,7,Image 1,1,1525,
2.43783,,Surface,7,Image 1,1,1527,
2.18534,,Surface,7,Image 1,1,1529,
3.3121,,Surface,7,Image 1,1,1530,
1.88562,,Surface,7,Image 1,1,1531,
3.19473,,Surface,7,Image 1,1,1532,
3.60031,,Surface,7,Image 1,1,1533,
3.13878,,Surface,7,Image 1,1,1534,
3.12878,,Surface,7,Image 1,1,1535,
5.10518,,Surface,7,Image 1,1,1536,
3.85346,,Surface,7,Image 1,1,1541,
3.34787,,Surface,7,Image 1,1,1543,
2.43828,,Surface,7,Image 1,1,1544,
2.44949,,Surface,7,Image 1,1,1545,
5.68913,,Surface,7,Image 1,1,1546,
3.21888,,Surface,7,Image 1,1,1547,
1.60988,,Surface,7,Image 1,1,1549,
4.07671,,Surface,7,Image 1,1,1550,
2.34216,,Surface,7,Image 1,1,1551,
2.69258,,Surface,7,Image 1,1,1552,
1.17803,,Surface,7,Image 1,1,1553,
2.73189,,Surface,7,Image 1,1,1554,
2.57693,,Surface,7,Image 1,1,1555,
3.46769,,Surface,7,Image 1,1,1556,
3.71293,,Surface,7,Image 1,1,1558,
3.08917,,Surface,7,Image 1,1,1559,
2.66006,,Surface,7,Image 1,1,1560,
2.1357,,Surface,7,Image 1,1,1561,
4.48751,,Surface,7,Image 1,1,1563,
3.04795,,Surface,7,Image 1,1,1564,
4.48565,,Surface,7,Image 1,1,1568,
4.47142,,Surface,7,Image 1,1,1569,
3.18573,,Surface,7,Image 1,1,1570,
4.11014,,Surface,7,Image 1,1,1571,
4.60243,,Surface,7,Image 1,1,1572,
3.86154,,Surface,7,Image 1,1,1573,
2.87437,,Surface,7,Image 1,1,1574,
4.31283,,Surface,7,Image 1,1,1575,
3.81134,,Surface,7,Image 1,1,1576,
3.82707,,Surface,7,Image 1,1,1577,
2.55385,,Surface,7,Image 1,1,1578,
2.82455,,Surface,7,Image 1,1,1580,
3.9583,,Surface,7,Image 1,1,1581,
2.85989,,Surface,7,Image 1,1,1582,
3.0145,,Surface,7,Image 1,1,1583,
3.0528,,Surface,7,Image 1,1,1586,
2.60486,,Surface,7,Image 1,1,1587,
3.8716,,Surface,7,Image 1,1,1589,
2.81986,,Surface,7,Image 1,1,1592,
2.27919,,Surface,7,Image 1,1,1593,
5.3444,,Surface,7,Image 1,1,1594,
3.44782,,Surface,7,Image 1,1,1595,
3.96148,,Surface,7,Image 1,1,1596,
2.44715,,Surface,7,Image 1,1,1598,
2.27203,,Surface,7,Image 1,1,1599,
3.40235,,Surface,7,Image 1,1,1601,
2.68802,,Surface,7,Image 1,1,1603,
3.42292,,Surface,7,Image 1,1,1604,
2.66791,,Surface,7,Image 1,1,1607,
4.75547,,Surface,7,Image 1,1,1609,
3.63976,,Surface,7,Image 1,1,1610,
3.20339,,Surface,7,Image 1,1,1612,
2.40487,,Surface,7,Image 1,1,1615,
3.11417,,Surface,7,Image 1,1,1617,
2.16416,,Surface,7,Image 1,1,1618,
3.46931,,Surface,7,Image 1,1,1619,
5.80269,,Surface,7,Image 1,1,1620,
8.85717,,Surface,7,Image 1,1,1621,
2.34548,,Surface,7,Image 1,1,1622,
1.9773,,Surface,7,Image 1,1,1623,
2.56307,,Surface,7,Image 1,1,1628,
2.99849,,Surface,7,Image 1,1,1629,
3.62055,,Surface,7,Image 1,1,1631,
3.3523,,Surface,7,Image 1,1,1632,
2.6924,,Surface,7,Image 1,1,1633,
3.5792,,Surface,7,Image 1,1,1634,
2.7153,,Surface,7,Image 1,1,1635,
3.10612,,Surface,7,Image 1,1,1636,
3.89804,,Surface,7,Image 1,1,1637,
1.98592,,Surface,7,Image 1,1,1638,
2.54951,,Surface,7,Image 1,1,1639,
2.34489,,Surface,7,Image 1,1,1640,
2.38112,,Surface,7,Image 1,1,1641,
7.21179,,Surface,7,Image 1,1,1642,
1.95354,,Surface,7,Image 1,1,1643,
6.95316,,Surface,7,Image 1,1,1645,
2.8578,,Surface,7,Image 1,1,1646,
2.76724,,Surface,7,Image 1,1,1648,
2.59701,,Surface,7,Image 1,1,1649,
3.59277,,Surface,7,Image 1,1,1650,
4.82289,,Surface,7,Image 1,1,1652,
3.05494,,Surface,7,Image 1,1,1654,
3.06828,,Surface,7,Image 1,1,1655,
3.63117,,Surface,7,Image 1,1,1656,
3.51926,,Surface,7,Image 1,1,1657,
2.87866,,Surface,7,Image 1,1,1659,
4.49593,,Surface,7,Image 1,1,1660,
2.01982,,Surface,7,Image 1,1,1661,
2.448,,Surface,7,Image 1,1,1662,
2.9209,,Surface,7,Image 1,1,1664,
8.60067,,Surface,7,Image 1,1,1665,
3.40123,,Surface,7,Image 1,1,1667,
2.87099,,Surface,7,Image 1,1,1668,
4.90085,,Surface,7,Image 1,1,1669,
4.95335,,Surface,7,Image 1,1,1670,
4.17572,,Surface,7,Image 1,1,1671,
3.59371,,Surface,7,Image 1,1,1672,
1.667,,Surface,7,Image 1,1,1677,
3.58644,,Surface,7,Image 1,1,1678,
3.66914,,Surface,7,Image 1,1,1679,
3.3256,,Surface,7,Image 1,1,1681,
4.7849,,Surface,7,Image 1,1,1683,
3.98647,,Surface,7,Image 1,1,1685,
3.80229,,Surface,7,Image 1,1,1686,
2.28808,,Surface,7,Image 1,1,1687,
5.82774,,Surface,7,Image 1,1,1688,
4.71189,,Surface,7,Image 1,1,1690,
4.14027,,Surface,7,Image 1,1,1692,
3.84975,,Surface,7,Image 1,1,1693,
3.85182,,Surface,7,Image 1,1,1695,
3.57206,,Surface,7,Image 1,1,1696,
7.0903,,Surface,7,Image 1,1,1697,
4.10249,,Surface,7,Image 1,1,1698,
3.78433,,Surface,7,Image 1,1,1700,
4.88619,,Surface,7,Image 1,1,1702,
2.4651,,Surface,7,Image 1,1,1704,
5.05539,,Surface,7,Image 1,1,1705,
6.1938,,Surface,7,Image 1,1,1707,
3.37485,,Surface,7,Image 1,1,1708,
2.47844,,Surface,7,Image 1,1,1710,
4.87828,,Surface,7,Image 1,1,1711,
2.71274,,Surface,7,Image 1,1,1712,
6.40702,,Surface,7,Image 1,1,1713,
4.51712,,Surface,7,Image 1,1,1717,
4.09538,,Surface,7,Image 1,1,1718,
2.65517,,Surface,7,Image 1,1,1719,
2.95488,,Surface,7,Image 1,1,1721,
3.81589,,Surface,7,Image 1,1,1724,
5.42411,,Surface,7,Image 1,1,1725,
5.17017,,Surface,7,Image 1,1,1726,
2.83078,,Surface,7,Image 1,1,1727,
3.93136,,Surface,7,Image 1,1,1731,
7.77576,,Surface,7,Image 1,1,1733,
3.90529,,Surface,7,Image 1,1,1734,
4.24003,,Surface,7,Image 1,1,1735,
3.82695,,Surface,7,Image 1,1,1736,
6.00785,,Surface,7,Image 1,1,1737,
3.00093,,Surface,7,Image 1,1,1738,
2.58721,,Surface,7,Image 1,1,1741,
2.1875,,Surface,7,Image 1,1,1742,
2.72554,,Surface,7,Image 1,1,1743,
2.34615,,Surface,7,Image 1,1,1746,
3.82132,,Surface,7,Image 1,1,1747,
3.6264,,Surface,7,Image 1,1,1748,
3.46789,,Surface,7,Image 1,1,1749,
2.98359,,Surface,7,Image 1,1,1750,
3.62751,,Surface,7,Image 1,1,1751,
4.38112,,Surface,7,Image 1,1,1752,
7.25622,,Surface,7,Image 1,1,1755,
3.54714,,Surface,7,Image 1,1,1756,
3.92673,,Surface,7,Image 1,1,1757,
2.81025,,Surface,7,Image 1,1,1758,
5.64775,,Surface,7,Image 1,1,1759,
1.77879,,Surface,7,Image 1,1,1760,
8.19988,,Surface,7,Image 1,1,1761,
5.01111,,Surface,7,Image 1,1,1762,
1.39971,,Surface,7,Image 1,1,1764,
2.70507,,Surface,7,Image 1,1,1766,
5.10092,,Surface,7,Image 1,1,1767,
2.61581,,Surface,7,Image 1,1,1769,
3.61442,,Surface,7,Image 1,1,1770,
3.114,,Surface,7,Image 1,1,1771,
4.49366,,Surface,7,Image 1,1,1772,
3.6782,,Surface,7,Image 1,1,1773,
3.61799,,Surface,7,Image 1,1,1774,
5.57265,,Surface,7,Image 1,1,1780,
4.54692,,Surface,7,Image 1,1,1782,
5.07054,,Surface,7,Image 1,1,1783,
5.51837,,Surface,7,Image 1,1,1784,
3.42984,,Surface,7,Image 1,1,1785,
3.10699,,Surface,7,Image 1,1,1786,
5.25939,,Surface,7,Image 1,1,1789,
3.87762,,Surface,7,Image 1,1,1792,
3.08005,,Surface,7,Image 1,1,1793,
3.69189,,Surface,7,Image 1,1,1796,
4.16803,,Surface,7,Image 1,1,1797,
2.84796,,Surface,7,Image 1,1,1798,
3.05944,,Surface,7,Image 1,1,1803,
6.98076,,Surface,7,Image 1,1,1807,
3.89711,,Surface,7,Image 1,1,1808,
3.42566,,Surface,7,Image 1,1,1809,
3.64162,,Surface,7,Image 1,1,1810,
4.5194,,Surface,7,Image 1,1,1812,
3.17952,,Surface,7,Image 1,1,1814,
3.80429,,Surface,7,Image 1,1,1815,
5.85715,,Surface,7,Image 1,1,1816,
4.43756,,Surface,7,Image 1,1,1818,
5.35334,,Surface,7,Image 1,1,1819,
2.99648,,Surface,7,Image 1,1,1820,
4.83306,,Surface,7,Image 1,1,1822,
6.13304,,Surface,7,Image 1,1,1823,
3.33067,,Surface,7,Image 1,1,1824,
4.7992,,Surface,7,Image 1,1,1826,
4.70437,,Surface,7,Image 1,1,1827,
7.40059,,Surface,7,Image 1,1,1828,
3.99512,,Surface,7,Image 1,1,1829,
2.94368,,Surface,7,Image 1,1,1830,
7.10502,,Surface,7,Image 1,1,1832,
3.40865,,Surface,7,Image 1,1,1833,
3.01039,,Surface,7,Image 1,1,1834,
2.3864,,Surface,7,Image 1,1,1835,
6.92024,,Surface,7,Image 1,1,1836,
3.57287,,Surface,7,Image 1,1,1838,
6.01045,,Surface,7,Image 1,1,1839,
2.6163,,Surface,7,Image 1,1,1841,
5.1859,,Surface,7,Image 1,1,1842,
3.54387,,Surface,7,Image 1,1,1845,
3.91639,,Surface,7,Image 1,1,1846,
1.67942,,Surface,7,Image 1,1,1847,
3.00513,,Surface,7,Image 1,1,1848,
3.54074,,Surface,7,Image 1,1,1851,
3.43786,,Surface,7,Image 1,1,1852,
2.94791,,Surface,7,Image 1,1,1853,
4.83877,,Surface,7,Image 1,1,1854,
5.15136,,Surface,7,Image 1,1,1855,
2.42331,,Surface,7,Image 1,1,1857,
5.00014,,Surface,7,Image 1,1,1860,
4.66187,,Surface,7,Image 1,1,1861,
3.34839,,Surface,7,Image 1,1,1862,
3.60354,,Surface,7,Image 1,1,1863,
3.4435,,Surface,7,Image 1,1,1864,
8.55524,,Surface,7,Image 1,1,1866,
11.1041,,Surface,7,Image 1,1,1867,
4.64589,,Surface,7,Image 1,1,1869,
2.81949,,Surface,7,Image 1,1,1870,
2.60298,,Surface,7,Image 1,1,1871,
2.68073,,Surface,7,Image 1,1,1872,
2.69787,,Surface,7,Image 1,1,1873,
4.60045,,Surface,7,Image 1,1,1874,
5.26529,,Surface,7,Image 1,1,1875,
3.66051,,Surface,7,Image 1,1,1876,
5.57427,,Surface,7,Image 1,1,1877,
3.61997,,Surface,7,Image 1,1,1878,
2.57759,,Surface,7,Image 1,1,1879,
6.39423,,Surface,7,Image 1,1,1880,
5.14026,,Surface,7,Image 1,1,1881,
8.86272,,Surface,7,Image 1,1,1882,
8.87505,,Surface,7,Image 1,1,1883,
5.22961,,Surface,7,Image 1,1,1884,
4.33556,,Surface,7,Image 1,1,1887,
9.3612,,Surface,7,Image 1,1,1889,
2.93655,,Surface,7,Image 1,1,1890,
5.06767,,Surface,7,Image 1,1,1891,
8.59334,,Surface,7,Image 1,1,1893,
4.14233,,Surface,7,Image 1,1,1894,
4.39085,,Surface,7,Image 1,1,1895,
4.60528,,Surface,7,Image 1,1,1896,
3.39684,,Surface,7,Image 1,1,1898,
2.93732,,Surface,7,Image 1,1,1899,
4.09436,,Surface,7,Image 1,1,1900,
4.44607,,Surface,7,Image 1,1,1901,
7.00864,,Surface,7,Image 1,1,1902,
3.21816,,Surface,7,Image 1,1,1903,
4.03804,,Surface,7,Image 1,1,1904,
5.11359,,Surface,7,Image 1,1,1905,
5.34971,,Surface,7,Image 1,1,1907,
2.72336,,Surface,7,Image 1,1,1908,
3.2328,,Surface,7,Image 1,1,1909,
2.95617,,Surface,7,Image 1,1,1910,
4.12467,,Surface,7,Image 1,1,1911,
1.70579,,Surface,7,Image 1,1,1912,
3.90434,,Surface,7,Image 1,1,1914,
3.29326,,Surface,7,Image 1,1,1916,
3.30477,,Surface,7,Image 1,1,1918,
4.11108,,Surface,7,Image 1,1,1921,
4.47758,,Surface,7,Image 1,1,1922,
4.76942,,Surface,7,Image 1,1,1923,
5.44898,,Surface,7,Image 1,1,1924,
4.67784,,Surface,7,Image 1,1,1925,
5.37907,,Surface,7,Image 1,1,1927,
4.0435,,Surface,7,Image 1,1,1928,
11.2464,,Surface,7,Image 1,1,1930,
4.24263,,Surface,7,Image 1,1,1931,
4.7963,,Surface,7,Image 1,1,1933,
2.02499,,Surface,7,Image 1,1,1936,
5.99067,,Surface,7,Image 1,1,1937,
5.35561,,Surface,7,Image 1,1,1938,
4.79077,,Surface,7,Image 1,1,1940,
2.56362,,Surface,7,Image 1,1,1943,
2.73236,,Surface,7,Image 1,1,1944,
2.1047,,Surface,7,Image 1,1,1945,
6.64662,,Surface,7,Image 1,1,1946,
3.57733,,Surface,7,Image 1,1,1950,
2.78669,,Surface,7,Image 1,1,1951,
5.62681,,Surface,7,Image 1,1,1952,
3.35563,,Surface,7,Image 1,1,1954,
2.91176,,Surface,7,Image 1,1,1957,
3.9738,,Surface,7,Image 1,1,1958,
2.97884,,Surface,7,Image 1,1,1960,
3.88174,,Surface,7,Image 1,1,1961,
4.30644,,Surface,7,Image 1,1,1962,
5.18608,,Surface,7,Image 1,1,1963,
2.56308,,Surface,7,Image 1,1,1964,
3.44939,,Surface,7,Image 1,1,1965,
3.18474,,Surface,7,Image 1,1,1966,
3.54788,,Surface,7,Image 1,1,1967,
3.82665,,Surface,7,Image 1,1,1968,
3.82671,,Surface,7,Image 1,1,1971,
6.50144,,Surface,7,Image 1,1,1972,
4.02652,,Surface,7,Image 1,1,1973,
5.48021,,Surface,7,Image 1,1,1974,
3.41772,,Surface,7,Image 1,1,1975,
4.09959,,Surface,7,Image 1,1,1976,
5.57138,,Surface,7,Image 1,1,1979,
4.9629,,Surface,7,Image 1,1,1980,
3.87683,,Surface,7,Image 1,1,1981,
4.38821,,Surface,7,Image 1,1,1986,
6.29037,,Surface,7,Image 1,1,1987,
4.2818,,Surface,7,Image 1,1,1988,
2.93973,,Surface,7,Image 1,1,1989,
4.38402,,Surface,7,Image 1,1,1992,
3.34541,,Surface,7,Image 1,1,1993,
3.5515,,Surface,7,Image 1,1,1994,
3.86128,,Surface,7,Image 1,1,1995,
4.48281,,Surface,7,Image 1,1,1996,
3.42186,,Surface,7,Image 1,1,1997,
5.96454,,Surface,7,Image 1,1,1998,
4.096,,Surface,7,Image 1,1,1999,
4.50346,,Surface,7,Image 1,1,2002,
3.73283,,Surface,7,Image 1,1,2003,
6.18613,,Surface,7,Image 1,1,2004,
3.72465,,Surface,7,Image 1,1,2005,
6.25679,,Surface,7,Image 1,1,2007,
4.76547,,Surface,7,Image 1,1,2008,
5.46879,,Surface,7,Image 1,1,2009,
3.65669,,Surface,7,Image 1,1,2011,
5.84492,,Surface,7,Image 1,1,2013,
4.4284,,Surface,7,Image 1,1,2014,
4.06755,,Surface,7,Image 1,1,2015,
2.98023,,Surface,7,Image 1,1,2018,
2.71007,,Surface,7,Image 1,1,2019,
5.5387,,Surface,7,Image 1,1,2020,
8.52563,,Surface,7,Image 1,1,2022,
5.08585,,Surface,7,Image 1,1,2023,
7.17336,,Surface,7,Image 1,1,2024,
2.62015,,Surface,7,Image 1,1,2025,
4.15172,,Surface,7,Image 1,1,2026,
4.36387,,Surface,7,Image 1,1,2027,
3.27436,,Surface,7,Image 1,1,2028,
3.90634,,Surface,7,Image 1,1,2029,
4.93294,,Surface,7,Image 1,1,2030,
5.65496,,Surface,7,Image 1,1,2031,
5.3679,,Surface,7,Image 1,1,2032,
3.30965,,Surface,7,Image 1,1,2034,
4.39231,,Surface,7,Image 1,1,2036,
6.41458,,Surface,7,Image 1,1,2037,
4.84049,,Surface,7,Image 1,1,2038,
6.59126,,Surface,7,Image 1,1,2039,
3.07807,,Surface,7,Image 1,1,2041,
5.12625,,Surface,7,Image 1,1,2042,
3.07689,,Surface,7,Image 1,1,2043,
7.64157,,Surface,7,Image 1,1,2044,
6.34022,,Surface,7,Image 1,1,2045,
3.2619,,Surface,7,Image 1,1,2046,
3.95162,,Surface,7,Image 1,1,2049,
3.35962,,Surface,7,Image 1,1,2050,
3.53176,,Surface,7,Image 1,1,2051,
6.17081,,Surface,7,Image 1,1,2052,
3.16119,,Surface,7,Image 1,1,2054,
5.69907,,Surface,7,Image 1,1,2055,
6.11462,,Surface,7,Image 1,1,2056,
4.73966,,Surface,7,Image 1,1,2058,
4.34998,,Surface,7,Image 1,1,2059,
7.32024,,Surface,7,Image 1,1,2060,
8.42366,,Surface,7,Image 1,1,2062,
3.61179,,Surface,7,Image 1,1,2064,
5.74205,,Surface,7,Image 1,1,2065,
4.01913,,Surface,7,Image 1,1,2066,
2.52325,,Surface,7,Image 1,1,2067,
5.23278,,Surface,7,Image 1,1,2069,
5.72509,,Surface,7,Image 1,1,2073,
4.2947,,Surface,7,Image 1,1,2074,
6.42955,,Surface,7,Image 1,1,2075,
6.43487,,Surface,7,Image 1,1,2076,
5.26017,,Surface,7,Image 1,1,2077,
4.58195,,Surface,7,Image 1,1,2078,
4.77447,,Surface,7,Image 1,1,2079,
4.54011,,Surface,7,Image 1,1,2082,
4.0654,,Surface,7,Image 1,1,2083,
5.80454,,Surface,7,Image 1,1,2085,
4.4783,,Surface,7,Image 1,1,2086,
5.15054,,Surface,7,Image 1,1,2087,
3.2299,,Surface,7,Image 1,1,2088,
4.62496,,Surface,7,Image 1,1,2089,
4.2894,,Surface,7,Image 1,1,2092,
2.63515,,Surface,7,Image 1,1,2093,
4.58523,,Surface,7,Image 1,1,2094,
5.37657,,Surface,7,Image 1,1,2096,
7.06908,,Surface,7,Image 1,1,2098,
3.32332,,Surface,7,Image 1,1,2099,
3.96904,,Surface,7,Image 1,1,2100,
2.73003,,Surface,7,Image 1,1,2102,
3.75907,,Surface,7,Image 1,1,2103,
3.04502,,Surface,7,Image 1,1,2104,
3.24987,,Surface,7,Image 1,1,2105,
3.36469,,Surface,7,Image 1,1,2107,
3.48999,,Surface,7,Image 1,1,2109,
5.44849,,Surface,7,Image 1,1,2111,
4.10043,,Surface,7,Image 1,1,2113,
2.13738,,Surface,7,Image 1,1,2114,
6.32681,,Surface,7,Image 1,1,2115,
4.70609,,Surface,7,Image 1,1,2116,
4.60311,,Surface,7,Image 1,1,2118,
6.01231,,Surface,7,Image 1,1,2119,
6.30555,,Surface,7,Image 1,1,2120,
5.48399,,Surface,7,Image 1,1,2121,
4.54089,,Surface,7,Image 1,1,2122,
3.53224,,Surface,7,Image 1,1,2123,
10.7424,,Surface,7,Image 1,1,2124,
3.11327,,Surface,7,Image 1,1,2126,
6.2479,,Surface,7,Image 1,1,2127,
2.83768,,Surface,7,Image 1,1,2128,
3.69854,,Surface,7,Image 1,1,2130,
1.6,,Surface,7,Image 1,1,2132,
6.18278,,Surface,7,Image 1,1,2135,
4.26536,,Surface,7,Image 1,1,2136,
2.5318,,Surface,7,Image 1,1,2137,
5.14494,,Surface,7,Image 1,1,2138,
3.65142,,Surface,7,Image 1,1,2139,
3.71588,,Surface,7,Image 1,1,2140,
4.31428,,Surface,7,Image 1,1,2143,
4.41664,,Surface,7,Image 1,1,2144,
8.25205,,Surface,7,Image 1,1,2145,
3.68555,,Surface,7,Image 1,1,2146,
1.65831,,Surface,7,Image 1,1,2147,
7.42485,,Surface,7,Image 1,1,2149,
6.61128,,Surface,7,Image 1,1,2150,
3.02792,,Surface,7,Image 1,1,2151,
4.42888,,Surface,7,Image 1,1,2153,
3.49504,,Surface,7,Image 1,1,2154,
3.54705,,Surface,7,Image 1,1,2155,
4.17188,,Surface,7,Image 1,1,2156,
7.12732,,Surface,7,Image 1,1,2157,
3.91541,,Surface,7,Image 1,1,2158,
5.67564,,Surface,7,Image 1,1,2159,
6.39985,,Surface,7,Image 1,1,2161,
4.14767,,Surface,7,Image 1,1,2162,
2.46757,,Surface,7,Image 1,1,2163,
2.84187,,Surface,7,Image 1,1,2164,
7.3753,,Surface,7,Image 1,1,2165,
3.87806,,Surface,7,Image 1,1,2166,
4.21567,,Surface,7,Image 1,1,2167,
5.77856,,Surface,7,Image 1,1,2169,
6.40511,,Surface,7,Image 1,1,2170,
5.35892,,Surface,7,Image 1,1,2171,
4.39835,,Surface,7,Image 1,1,2172,
3.9878,,Surface,7,Image 1,1,2174,
5.80849,,Surface,7,Image 1,1,2175,
8.85092,,Surface,7,Image 1,1,2176,
5.55293,,Surface,7,Image 1,1,2178,
3.3051,,Surface,7,Image 1,1,2179,
4.70285,,Surface,7,Image 1,1,2180,
3.2701,,Surface,7,Image 1,1,2181,
3.58909,,Surface,7,Image 1,1,2184,
5.81279,,Surface,7,Image 1,1,2185,
5.24339,,Surface,7,Image 1,1,2186,
4.16036,,Surface,7,Image 1,1,2187,
7.27516,,Surface,7,Image 1,1,2188,
3.6737,,Surface,7,Image 1,1,2190,
3.64197,,Surface,7,Image 1,1,2191,
4.23719,,Surface,7,Image 1,1,2192,
6.08852,,Surface,7,Image 1,1,2194,
4.81705,,Surface,7,Image 1,1,2195,
5.72102,,Surface,7,Image 1,1,2196,
5.03203,,Surface,7,Image 1,1,2197,
4.88343,,Surface,7,Image 1,1,2200,
4.84713,,Surface,7,Image 1,1,2201,
6.36336,,Surface,7,Image 1,1,2202,
3.44883,,Surface,7,Image 1,1,2203,
5.28055,,Surface,7,Image 1,1,2204,
4.89252,,Surface,7,Image 1,1,2206,
7.04069,,Surface,7,Image 1,1,2208,
7.40341,,Surface,7,Image 1,1,2209,
6.4897,,Surface,7,Image 1,1,2213,
5.88058,,Surface,7,Image 1,1,2214,
3.14108,,Surface,7,Image 1,1,2215,
6.00837,,Surface,7,Image 1,1,2217,
5.59178,,Surface,7,Image 1,1,2219,
3.31081,,Surface,7,Image 1,1,2223,
3.29854,,Surface,7,Image 1,1,2225,
4.83925,,Surface,7,Image 1,1,2227,
2.69977,,Surface,7,Image 1,1,2229,
5.03219,,Surface,7,Image 1,1,2230,
4.22581,,Surface,7,Image 1,1,2231,
4.40414,,Surface,7,Image 1,1,2232,
6.10788,,Surface,7,Image 1,1,2233,
5.26063,,Surface,7,Image 1,1,2234,
3.0446,,Surface,7,Image 1,1,2235,
5.12976,,Surface,7,Image 1,1,2236,
5.78605,,Surface,7,Image 1,1,2238,
4.39001,,Surface,7,Image 1,1,2239,
7.42159,,Surface,7,Image 1,1,2240,
6.17405,,Surface,7,Image 1,1,2241,
4.01099,,Surface,7,Image 1,1,2244,
6.02721,,Surface,7,Image 1,1,2245,
6.54889,,Surface,7,Image 1,1,2247,
5.36678,,Surface,7,Image 1,1,2248,
4.63668,,Surface,7,Image 1,1,2249,
4.58474,,Surface,7,Image 1,1,2251,
4.43787,,Surface,7,Image 1,1,2252,
4.24863,,Surface,7,Image 1,1,2253,
5.80422,,Surface,7,Image 1,1,2254,
4.99258,,Surface,7,Image 1,1,2255,
4.51328,,Surface,7,Image 1,1,2257,
7.01886,,Surface,7,Image 1,1,2258,
4.97328,,Surface,7,Image 1,1,2259,
18.7447,,Surface,7,Image 1,1,2260,
3.23071,,Surface,7,Image 1,1,2262,
3.3182,,Surface,7,Image 1,1,2263,
4.92964,,Surface,7,Image 1,1,2264,
7.63586,,Surface,7,Image 1,1,2267,
6.73383,,Surface,7,Image 1,1,2268,
5.14035,,Surface,7,Image 1,1,2269,
6.88717,,Surface,7,Image 1,1,2272,
2.95804,,Surface,7,Image 1,1,2273,
6.79757,,Surface,7,Image 1,1,2274,
2.47768,,Surface,7,Image 1,1,2275,
3.85943,,Surface,7,Image 1,1,2276,
6.76128,,Surface,7,Image 1,1,2277,
5.295,,Surface,7,Image 1,1,2279,
4.67588,,Surface,7,Image 1,1,2280,
6.70796,,Surface,7,Image 1,1,2283,
3.40725,,Surface,7,Image 1,1,2285,
4.17094,,Surface,7,Image 1,1,2286,
8.06552,,Surface,7,Image 1,1,2287,
5.36842,,Surface,7,Image 1,1,2288,
5.05676,,Surface,7,Image 1,1,2290,
4.38347,,Surface,7,Image 1,1,2291,
5.36792,,Surface,7,Image 1,1,2292,
4.60956,,Surface,7,Image 1,1,2293,
2.54706,,Surface,7,Image 1,1,2295,
0.955814,,Surface,7,Image 1,1,2297,
2.72857,,Surface,7,Image 1,1,2298,
4.33339,,Surface,7,Image 1,1,2299,
4.96866,,Surface,7,Image 1,1,2301,
5.56019,,Surface,7,Image 1,1,2303,
13.0436,,Surface,7,Image 1,1,2307,
4.17855,,Surface,7,Image 1,1,2308,
5.89187,,Surface,7,Image 1,1,2310,
3.85102,,Surface,7,Image 1,1,2312,
2.94317,,Surface,7,Image 1,1,2313,
4.00762,,Surface,7,Image 1,1,2314,
3.74755,,Surface,7,Image 1,1,2315,
12.8362,,Surface,7,Image 1,1,2317,
8.87903,,Surface,7,Image 1,1,2319,
3.71189,,Surface,7,Image 1,1,2320,
4.78846,,Surface,7,Image 1,1,2321,
5.20237,,Surface,7,Image 1,1,2322,
4.95017,,Surface,7,Image 1,1,2323,
5.76756,,Surface,7,Image 1,1,2324,
4.25672,,Surface,7,Image 1,1,2325,
4.95915,,Surface,7,Image 1,1,2326,
3.33508,,Surface,7,Image 1,1,2327,
5.05356,,Surface,7,Image 1,1,2328,
4.27751,,Surface,7,Image 1,1,2331,
2.98608,,Surface,7,Image 1,1,2332,
1.60511,,Surface,7,Image 1,1,2333,
3.94257,,Surface,7,Image 1,1,2334,
3.84578,,Surface,7,Image 1,1,2337,
4.99058,,Surface,7,Image 1,1,2338,
6.37445,,Surface,7,Image 1,1,2339,
3.55854,,Surface,7,Image 1,1,2340,
2.64107,,Surface,7,Image 1,1,2341,
3.38907,,Surface,7,Image 1,1,2342,
5.86581,,Surface,7,Image 1,1,2343,
2.03289,,Surface,7,Image 1,1,2344,
4.7157,,Surface,7,Image 1,1,2345,
4.90151,,Surface,7,Image 1,1,2346,
2.50538,,Surface,7,Image 1,1,2347,
6.15916,,Surface,7,Image 1,1,2348,
14.1434,,Surface,7,Image 1,1,2349,
4.74786,,Surface,7,Image 1,1,2351,
5.4384,,Surface,7,Image 1,1,2352,
3.66872,,Surface,7,Image 1,1,2353,
7.15646,,Surface,7,Image 1,1,2354,
4.22578,,Surface,7,Image 1,1,2355,
3.07246,,Surface,7,Image 1,1,2356,
4.42426,,Surface,7,Image 1,1,2357,
5.70559,,Surface,7,Image 1,1,2358,
3.7065,,Surface,7,Image 1,1,2359,
3.49879,,Surface,7,Image 1,1,2360,
5.33734,,Surface,7,Image 1,1,2362,
3.15646,,Surface,7,Image 1,1,2363,
3.03292,,Surface,7,Image 1,1,2364,
2.65723,,Surface,7,Image 1,1,2366,
1.85164,,Surface,7,Image 1,1,2367,
4.04737,,Surface,7,Image 1,1,2368,
4.76478,,Surface,7,Image 1,1,2369,
5.96118,,Surface,7,Image 1,1,2371,
5.86777,,Surface,7,Image 1,1,2372,
3.33429,,Surface,7,Image 1,1,2373,
3.66323,,Surface,7,Image 1,1,2374,
2.94118,,Surface,7,Image 1,1,2377,
5.98083,,Surface,7,Image 1,1,2378,
2.96587,,Surface,7,Image 1,1,2379,
3.20718,,Surface,7,Image 1,1,2380,
5.28109,,Surface,7,Image 1,1,2381,
4.80576,,Surface,7,Image 1,1,2382,
5.07207,,Surface,7,Image 1,1,2383,
1.6178,,Surface,7,Image 1,1,2385,
4.05746,,Surface,7,Image 1,1,2386,
5.48723,,Surface,7,Image 1,1,2388,
7.02303,,Surface,7,Image 1,1,2389,
4.0286,,Surface,7,Image 1,1,2391,
5.05194,,Surface,7,Image 1,1,2392,
5.16944,,Surface,7,Image 1,1,2393,
3.9102,,Surface,7,Image 1,1,2394,
4.27439,,Surface,7,Image 1,1,2395,
2.81086,,Surface,7,Image 1,1,2396,
6.05367,,Surface,7,Image 1,1,2398,
3.33457,,Surface,7,Image 1,1,2400,
4.40064,,Surface,7,Image 1,1,2401,
5.26472,,Surface,7,Image 1,1,2403,
5.72918,,Surface,7,Image 1,1,2405,
1.87416,,Surface,7,Image 1,1,2406,
5.24467,,Surface,7,Image 1,1,2407,
5.19854,,Surface,7,Image 1,1,2408,
4.74453,,Surface,7,Image 1,1,2409,
5.03023,,Surface,7,Image 1,1,2411,
5.71408,,Surface,7,Image 1,1,2412,
5.75035,,Surface,7,Image 1,1,2413,
3.81281,,Surface,7,Image 1,1,2414,
10.8781,,Surface,7,Image 1,1,2415,
3.35672,,Surface,7,Image 1,1,2417,
7.34531,,Surface,7,Image 1,1,2418,
6.64064,,Surface,7,Image 1,1,2419,
8.64286,,Surface,7,Image 1,1,2420,
5.97335,,Surface,7,Image 1,1,2421,
4.95327,,Surface,7,Image 1,1,2422,
4.09376,,Surface,7,Image 1,1,2424,
6.51364,,Surface,7,Image 1,1,2425,
3.7246,,Surface,7,Image 1,1,2427,
2.48644,,Surface,7,Image 1,1,2429,
2.75638,,Surface,7,Image 1,1,2430,
5.30995,,Surface,7,Image 1,1,2431,
2.58725,,Surface,7,Image 1,1,2432,
4.5754,,Surface,7,Image 1,1,2433,
3.10385,,Surface,7,Image 1,1,2434,
5.45272,,Surface,7,Image 1,1,2435,
3.7715,,Surface,7,Image 1,1,2437,
3.59843,,Surface,7,Image 1,1,2439,
6.71041,,Surface,7,Image 1,1,2441,
5.68285,,Surface,7,Image 1,1,2443,
2.90205,,Surface,7,Image 1,1,2444,
4.01945,,Surface,7,Image 1,1,2445,
7.42015,,Surface,7,Image 1,1,2446,
4.33897,,Surface,7,Image 1,1,2447,
3.66948,,Surface,7,Image 1,1,2448,
2.50948,,Surface,7,Image 1,1,2450,
2.0206,,Surface,7,Image 1,1,2451,
4.36749,,Surface,7,Image 1,1,2452,
6.94965,,Surface,7,Image 1,1,2453,
2.93772,,Surface,7,Image 1,1,2454,
4.65301,,Surface,7,Image 1,1,2455,
5.53112,,Surface,7,Image 1,1,2458,
7.1603,,Surface,7,Image 1,1,2459,
3.29149,,Surface,7,Image 1,1,2460,
5.9447,,Surface,7,Image 1,1,2461,
5.8323,,Surface,7,Image 1,1,2462,
4.79112,,Surface,7,Image 1,1,2464,
5.63527,,Surface,7,Image 1,1,2465,
2.24202,,Surface,7,Image 1,1,2466,
4.871,,Surface,7,Image 1,1,2467,
6.79356,,Surface,7,Image 1,1,2468,
4.52682,,Surface,7,Image 1,1,2469,
4.15303,,Surface,7,Image 1,1,2471,
5.83128,,Surface,7,Image 1,1,2472,
3.50469,,Surface,7,Image 1,1,2473,
2.72182,,Surface,7,Image 1,1,2474,
2.58199,,Surface,7,Image 1,1,2477,
4.32923,,Surface,7,Image 1,1,2479,
3.21747,,Surface,7,Image 1,1,2481,
5.03071,,Surface,7,Image 1,1,2482,
4.27501,,Surface,7,Image 1,1,2483,
4.66004,,Surface,7,Image 1,1,2484,
6.31002,,Surface,7,Image 1,1,2485,
3.92635,,Surface,7,Image 1,1,2486,
2.79823,,Surface,7,Image 1,1,2487,
2.72294,,Surface,7,Image 1,1,2488,
4.09951,,Surface,7,Image 1,1,2489,
5.81214,,Surface,7,Image 1,1,2490,
2.44312,,Surface,7,Image 1,1,2494,
2.5368,,Surface,7,Image 1,1,2496,
7.65941,,Surface,7,Image 1,1,2497,
5.69547,,Surface,7,Image 1,1,2498,
3.59737,,Surface,7,Image 1,1,2499,
3.91645,,Surface,7,Image 1,1,2500,
6.66844,,Surface,7,Image 1,1,2501,
4.15231,,Surface,7,Image 1,1,2502,
1.63936,,Surface,7,Image 1,1,2503,
5.10705,,Surface,7,Image 1,1,2504,
6.57675,,Surface,7,Image 1,1,2505,
5.99812,,Surface,7,Image 1,1,2506,
6.49839,,Surface,7,Image 1,1,2508,
5.43349,,Surface,7,Image 1,1,2509,
7.42487,,Surface,7,Image 1,1,2510,
7.87757,,Surface,7,Image 1,1,2512,
3.30893,,Surface,7,Image 1,1,2514,
5.272,,Surface,7,Image 1,1,2515,
5.37336,,Surface,7,Image 1,1,2518,
2.33594,,Surface,7,Image 1,1,2520,
1.36359,,Surface,7,Image 1,1,2521,
2.89227,,Surface,7,Image 1,1,2522,
3.10249,,Surface,7,Image 1,1,2523,
3.20146,,Surface,7,Image 1,1,2525,
6.1952,,Surface,7,Image 1,1,2527,
3.21119,,Surface,7,Image 1,1,2528,
5.37298,,Surface,7,Image 1,1,2529,
2.80258,,Surface,7,Image 1,1,2530,
4.82197,,Surface,7,Image 1,1,2532,
3.33982,,Surface,7,Image 1,1,2533,
5.41037,,Surface,7,Image 1,1,2535,
7.40021,,Surface,7,Image 1,1,2536,
5.94375,,Surface,7,Image 1,1,2537,
5.87253,,Surface,7,Image 1,1,2538,
2.68404,,Surface,7,Image 1,1,2539,
2.86584,,Surface,7,Image 1,1,2540,
5.73275,,Surface,7,Image 1,1,2541,
4.68333,,Surface,7,Image 1,1,2542,
1.99976,,Surface,7,Image 1,1,2544,
4.38989,,Surface,7,Image 1,1,2546,
3.04587,,Surface,7,Image 1,1,2547,
4.8162,,Surface,7,Image 1,1,2548,
5.38556,,Surface,7,Image 1,1,2550,
2.98287,,Surface,7,Image 1,1,2551,
2.6418,,Surface,7,Image 1,1,2552,
5.33336,,Surface,7,Image 1,1,2553,
2.1885,,Surface,7,Image 1,1,2555,
5.43677,,Surface,7,Image 1,1,2556,
4.56324,,Surface,7,Image 1,1,2557,
5.64964,,Surface,7,Image 1,1,2559,
7.6831,,Surface,7,Image 1,1,2560,
1.45237,,Surface,7,Image 1,1,2561,
2.45764,,Surface,7,Image 1,1,2562,
6.42228,,Surface,7,Image 1,1,2563,
4.5662,,Surface,7,Image 1,1,2564,
2.7053,,Surface,7,Image 1,1,2565,
4.24089,,Surface,7,Image 1,1,2566,
5.50401,,Surface,7,Image 1,1,2567,
3.85983,,Surface,7,Image 1,1,2568,
6.12271,,Surface,7,Image 1,1,2569,
4.83244,,Surface,7,Image 1,1,2570,
4.7272,,Surface,7,Image 1,1,2573,
4.30892,,Surface,7,Image 1,1,2574,
4.10417,,Surface,7,Image 1,1,2575,
3.8999,,Surface,7,Image 1,1,2576,
5.40383,,Surface,7,Image 1,1,2578,
4.17161,,Surface,7,Image 1,1,2579,
4.9668,,Surface,7,Image 1,1,2580,
3.60399,,Surface,7,Image 1,1,2584,
1.59882,,Surface,7,Image 1,1,2585,
1.62481,,Surface,7,Image 1,1,2586,
1.80208,,Surface,7,Image 1,1,2587,
6.1087,,Surface,7,Image 1,1,2588,
1.18134,,Surface,7,Image 1,1,2589,
6.17893,,Surface,7,Image 1,1,2590,
1.66529,,Surface,7,Image 1,1,2591,
7.14772,,Surface,7,Image 1,1,2592,
5.43691,,Surface,7,Image 1,1,2593,
4.8192,,Surface,7,Image 1,1,2594,
8.87841,,Surface,7,Image 1,1,2597,
2.52747,,Surface,7,Image 1,1,2598,
5.99362,,Surface,7,Image 1,1,2600,
5.90775,,Surface,7,Image 1,1,2602,
5.60257,,Surface,7,Image 1,1,2605,
6.3573,,Surface,7,Image 1,1,2606,
3.50012,,Surface,7,Image 1,1,2608,
3.48286,,Surface,7,Image 1,1,2609,
4.62514,,Surface,7,Image 1,1,2610,
4.78969,,Surface,7,Image 1,1,2611,
4.49065,,Surface,7,Image 1,1,2613,
7.03962,,Surface,7,Image 1,1,2614,
6.51691,,Surface,7,Image 1,1,2615,
5.42905,,Surface,7,Image 1,1,2616,
6.71086,,Surface,7,Image 1,1,2618,
4.77664,,Surface,7,Image 1,1,2620,
3.96829,,Surface,7,Image 1,1,2622,
5.00749,,Surface,7,Image 1,1,2623,
1.55346,,Surface,7,Image 1,1,2624,
6.37711,,Surface,7,Image 1,1,2625,
4.51143,,Surface,7,Image 1,1,2626,
3.19463,,Surface,7,Image 1,1,2627,
1.93687,,Surface,7,Image 1,1,2628,
10.6762,,Surface,7,Image 1,1,2629,
6.48486,,Surface,7,Image 1,1,2630,
4.5369,,Surface,7,Image 1,1,2631,
1.72615,,Surface,7,Image 1,1,2633,
2.87347,,Surface,7,Image 1,1,2634,
2.61677,,Surface,7,Image 1,1,2635,
5.30699,,Surface,7,Image 1,1,2636,
11.5346,,Surface,7,Image 1,1,2637,
3.38493,,Surface,7,Image 1,1,2638,
5.74166,,Surface,7,Image 1,1,2639,
2.15982,,Surface,7,Image 1,1,2640,
2.43458,,Surface,7,Image 1,1,2641,
5.64782,,Surface,7,Image 1,1,2642,
4.17894,,Surface,7,Image 1,1,2643,
3.63369,,Surface,7,Image 1,1,2644,
2.88871,,Surface,7,Image 1,1,2645,
9.93085,,Surface,7,Image 1,1,2646,
4.1417,,Surface,7,Image 1,1,2647,
2.92723,,Surface,7,Image 1,1,2648,
5.20417,,Surface,7,Image 1,1,2649,
2.92128,,Surface,7,Image 1,1,2651,
6.42186,,Surface,7,Image 1,1,2652,
4.52776,,Surface,7,Image 1,1,2654,
4.94949,,Surface,7,Image 1,1,2655,
1.80278,,Surface,7,Image 1,1,2658,
1.36359,,Surface,7,Image 1,1,2659,
3.4808,,Surface,7,Image 1,1,2660,
3.91681,,Surface,7,Image 1,1,2661,
5.16987,,Surface,7,Image 1,1,2662,
3.53596,,Surface,7,Image 1,1,2664,
5.81687,,Surface,7,Image 1,1,2665,
6.08555,,Surface,7,Image 1,1,2666,
1.44871,,Surface,7,Image 1,1,2667,
4.4829,,Surface,7,Image 1,1,2668,
7.63422,,Surface,7,Image 1,1,2669,
3.87432,,Surface,7,Image 1,1,2670,
8.96167,,Surface,7,Image 1,1,2672,
6.4852,,Surface,7,Image 1,1,2673,
2.42061,,Surface,7,Image 1,1,2675,
2.46296,,Surface,7,Image 1,1,2677,
2.01882,,Surface,7,Image 1,1,2678,
3.07862,,Surface,7,Image 1,1,2679,
3.86949,,Surface,7,Image 1,1,2680,
3.62345,,Surface,7,Image 1,1,2681,
2.93814,,Surface,7,Image 1,1,2682,
3.0698,,Surface,7,Image 1,1,2683,
5.46071,,Surface,7,Image 1,1,2685,
6.20496,,Surface,7,Image 1,1,2686,
2.67085,,Surface,7,Image 1,1,2687,
9.6285,,Surface,7,Image 1,1,2688,
4.14031,,Surface,7,Image 1,1,2689,
4.46954,,Surface,7,Image 1,1,2690,
7.44996,,Surface,7,Image 1,1,2691,
3.52621,,Surface,7,Image 1,1,2692,
4.95117,,Surface,7,Image 1,1,2693,
4.07646,,Surface,7,Image 1,1,2695,
4.84281,,Surface,7,Image 1,1,2696,
4.03205,,Surface,7,Image 1,1,2697,
5.88342,,Surface,7,Image 1,1,2698,
5.22947,,Surface,7,Image 1,1,2699,
5.77124,,Surface,7,Image 1,1,2701,
3.88612,,Surface,7,Image 1,1,2702,
5.62201,,Surface,7,Image 1,1,2703,
3.45313,,Surface,7,Image 1,1,2706,
2.25948,,Surface,7,Image 1,1,2707,
4.13903,,Surface,7,Image 1,1,2708,
3.65389,,Surface,7,Image 1,1,2709,
5.60458,,Surface,7,Image 1,1,2711,
5.86593,,Surface,7,Image 1,1,2713,
4.00136,,Surface,7,Image 1,1,2715,
7.2796,,Surface,7,Image 1,1,2716,
5.87256,,Surface,7,Image 1,1,2717,
1.99826,,Surface,7,Image 1,1,2718,
3.08326,,Surface,7,Image 1,1,2720,
6.82274,,Surface,7,Image 1,1,2722,
6.11636,,Surface,7,Image 1,1,2723,
2.94994,,Surface,7,Image 1,1,2724,
2.6533,,Surface,7,Image 1,1,2725,
11.8704,,Surface,7,Image 1,1,2726,
6.79515,,Surface,7,Image 1,1,2727,
6.36998,,Surface,7,Image 1,1,2728,
2.98889,,Surface,7,Image 1,1,2729,
3.01668,,Surface,7,Image 1,1,2730,
4.06966,,Surface,7,Image 1,1,2732,
3.79171,,Surface,7,Image 1,1,2733,
5.88093,,Surface,7,Image 1,1,2735,
6.70491,,Surface,7,Image 1,1,2736,
5.28222,,Surface,7,Image 1,1,2737,
8.00446,,Surface,7,Image 1,1,2739,
3.89056,,Surface,7,Image 1,1,2740,
3.99882,,Surface,7,Image 1,1,2741,
5.12197,,Surface,7,Image 1,1,2742,
4.85608,,Surface,7,Image 1,1,2743,
3.83329,,Surface,7,Image 1,1,2744,
7.03074,,Surface,7,Image 1,1,2746,
4.68166,,Surface,7,Image 1,1,2747,
4.02822,,Surface,7,Image 1,1,2750,
3.22359,,Surface,7,Image 1,1,2751,
4.41829,,Surface,7,Image 1,1,2752,
4.04459,,Surface,7,Image 1,1,2753,
3.24539,,Surface,7,Image 1,1,2754,
2.56116,,Surface,7,Image 1,1,2755,
5.52864,,Surface,7,Image 1,1,2756,
4.69033,,Surface,7,Image 1,1,2757,
5.90779,,Surface,7,Image 1,1,2758,
3.10415,,Surface,7,Image 1,1,2759,
2.62029,,Surface,7,Image 1,1,2760,
3.76581,,Surface,7,Image 1,1,2761,
4.33729,,Surface,7,Image 1,1,2762,
4.67429,,Surface,7,Image 1,1,2763,
6.00816,,Surface,7,Image 1,1,2764,
4.46969,,Surface,7,Image 1,1,2769,
3.48109,,Surface,7,Image 1,1,2771,
5.20162,,Surface,7,Image 1,1,2773,
5.97224,,Surface,7,Image 1,1,2774,
4.78077,,Surface,7,Image 1,1,2775,
3.56988,,Surface,7,Image 1,1,2777,
6.48778,,Surface,7,Image 1,1,2778,
5.1702,,Surface,7,Image 1,1,2779,
5.20981,,Surface,7,Image 1,1,2780,
6.10592,,Surface,7,Image 1,1,2781,
5.22124,,Surface,7,Image 1,1,2783,
5.10372,,Surface,7,Image 1,1,2784,
4.03112,,Surface,7,Image 1,1,2785,
3.66374,,Surface,7,Image 1,1,2786,
3.32399,,Surface,7,Image 1,1,2787,
6.4622,,Surface,7,Image 1,1,2788,
3.26104,,Surface,7,Image 1,1,2790,
1.853,,Surface,7,Image 1,1,2791,
4.86225,,Surface,7,Image 1,1,2792,
1.64423,,Surface,7,Image 1,1,2794,
4.07304,,Surface,7,Image 1,1,2795,
4.18639,,Surface,7,Image 1,1,2797,
3.74328,,Surface,7,Image 1,1,2800,
6.01671,,Surface,7,Image 1,1,2801,
6.76376,,Surface,7,Image 1,1,2802,
3.26547,,Surface,7,Image 1,1,2803,
7.58506,,Surface,7,Image 1,1,2804,
8.61118,,Surface,7,Image 1,1,2805,
2.04831,,Surface,7,Image 1,1,2806,
5.71263,,Surface,7,Image 1,1,2810,
6.79416,,Surface,7,Image 1,1,2811,
7.44727,,Surface,7,Image 1,1,2813,
1.89674,,Surface,7,Image 1,1,2814,
2.49034,,Surface,7,Image 1,1,2815,
1.89088,,Surface,7,Image 1,1,2816,
5.54182,,Surface,7,Image 1,1,2818,
4.62662,,Surface,7,Image 1,1,2820,
3.15735,,Surface,7,Image 1,1,2821,
3.73808,,Surface,7,Image 1,1,2822,
7.54889,,Surface,7,Image 1,1,2823,
6.80385,,Surface,7,Image 1,1,2824,
7.55178,,Surface,7,Image 1,1,2826,
2.38174,,Surface,7,Image 1,1,2827,
3.01655,,Surface,7,Image 1,1,2828,
4.28022,,Surface,7,Image 1,1,2829,
3.63708,,Surface,7,Image 1,1,2831,
8.01812,,Surface,7,Image 1,1,2832,
4.45435,,Surface,7,Image 1,1,2833,
4.67298,,Surface,7,Image 1,1,2835,
6.03567,,Surface,7,Image 1,1,2837,
4.25909,,Surface,7,Image 1,1,2838,
9.08544,,Surface,7,Image 1,1,2839,
6.54092,,Surface,7,Image 1,1,2840,
5.13592,,Surface,7,Image 1,1,2842,
7.33956,,Surface,7,Image 1,1,2843,
2.00616,,Surface,7,Image 1,1,2844,
5.07941,,Surface,7,Image 1,1,2845,
6.18119,,Surface,7,Image 1,1,2846,
4.61865,,Surface,7,Image 1,1,2848,
3.46791,,Surface,7,Image 1,1,2849,
3.83702,,Surface,7,Image 1,1,2850,
6.93864,,Surface,7,Image 1,1,2851,
3.49573,,Surface,7,Image 1,1,2853,
4.18552,,Surface,7,Image 1,1,2854,
1.94365,,Surface,7,Image 1,1,2855,
4.37043,,Surface,7,Image 1,1,2856,
3.81941,,Surface,7,Image 1,1,2857,
5.29304,,Surface,7,Image 1,1,2858,
7.86232,,Surface,7,Image 1,1,2859,
5.41599,,Surface,7,Image 1,1,2860,
5.60086,,Surface,7,Image 1,1,2863,
6.72587,,Surface,7,Image 1,1,2865,
4.44183,,Surface,7,Image 1,1,2866,
6.9083,,Surface,7,Image 1,1,2868,
4.91043,,Surface,7,Image 1,1,2869,
5.04287,,Surface,7,Image 1,1,2870,
3.57914,,Surface,7,Image 1,1,2872,
2.5225,,Surface,7,Image 1,1,2874,
2.49591,,Surface,7,Image 1,1,2875,
4.24415,,Surface,7,Image 1,1,2876,
5.02874,,Surface,7,Image 1,1,2877,
5.69112,,Surface,7,Image 1,1,2878,
4.91771,,Surface,7,Image 1,1,2879,
7.19378,,Surface,7,Image 1,1,2880,
4.4071,,Surface,7,Image 1,1,2884,
6.41951,,Surface,7,Image 1,1,2886,
5.13239,,Surface,7,Image 1,1,2888,
4.37856,,Surface,7,Image 1,1,2889,
2.00693,,Surface,7,Image 1,1,2890,
3.28472,,Surface,7,Image 1,1,2891,
4.73446,,Surface,7,Image 1,1,2892,
2.61991,,Surface,7,Image 1,1,2893,
1.92417,,Surface,7,Image 1,1,2894,
1.36632,,Surface,7,Image 1,1,2896,
6.56376,,Surface,7,Image 1,1,2897,
1.69967,,Surface,7,Image 1,1,2899,
5.32262,,Surface,7,Image 1,1,2902,
4.1422,,Surface,7,Image 1,1,2903,
2.66592,,Surface,7,Image 1,1,2904,
5.63344,,Surface,7,Image 1,1,2905,
4.9261,,Surface,7,Image 1,1,2906,
4.89685,,Surface,7,Image 1,1,2908,
5.22111,,Surface,7,Image 1,1,2909,
4.50552,,Surface,7,Image 1,1,2911,
3.45972,,Surface,7,Image 1,1,2913,
6.48645,,Surface,7,Image 1,1,2914,
6.06793,,Surface,7,Image 1,1,2915,
1.95156,,Surface,7,Image 1,1,2916,
4.30005,,Surface,7,Image 1,1,2917,
5.44164,,Surface,7,Image 1,1,2918,
5.7036,,Surface,7,Image 1,1,2919,
6.58124,,Surface,7,Image 1,1,2922,
2.43915,,Surface,7,Image 1,1,2924,
3.14442,,Surface,7,Image 1,1,2927,
7.07332,,Surface,7,Image 1,1,2928,
3.54588,,Surface,7,Image 1,1,2930,
5.26736,,Surface,7,Image 1,1,2931,
3.53529,,Surface,7,Image 1,1,2932,
5.50515,,Surface,7,Image 1,1,2933,
2.97477,,Surface,7,Image 1,1,2934,
6.63697,,Surface,7,Image 1,1,2935,
7.28876,,Surface,7,Image 1,1,2938,
4.6193,,Surface,7,Image 1,1,2939,
5.52493,,Surface,7,Image 1,1,2940,
2.50263,,Surface,7,Image 1,1,2941,
5.17347,,Surface,7,Image 1,1,2942,
7.52473,,Surface,7,Image 1,1,2943,
6.14371,,Surface,7,Image 1,1,2944,
5.07858,,Surface,7,Image 1,1,2945,
8.79538,,Surface,7,Image 1,1,2947,
5.66004,,Surface,7,Image 1,1,2948,
5.22832,,Surface,7,Image 1,1,2949,
8.33668,,Surface,7,Image 1,1,2950,
5.54788,,Surface,7,Image 1,1,2952,
4.39291,,Surface,7,Image 1,1,2954,
4.90775,,Surface,7,Image 1,1,2955,
10.1687,,Surface,7,Image 1,1,2959,
6.26342,,Surface,7,Image 1,1,2960,
4.72953,,Surface,7,Image 1,1,2962,
3.63624,,Surface,7,Image 1,1,2963,
7.93932,,Surface,7,Image 1,1,2965,
3.61802,,Surface,7,Image 1,1,2966,
5.82637,,Surface,7,Image 1,1,2967,
5.95382,,Surface,7,Image 1,1,2968,
3.56004,,Surface,7,Image 1,1,2969,
4.5904,,Surface,7,Image 1,1,2970,
4.28901,,Surface,7,Image 1,1,2971,
4.6986,,Surface,7,Image 1,1,2972,
4.5088,,Surface,7,Image 1,1,2973,
3.85363,,Surface,7,Image 1,1,2974,
4.24416,,Surface,7,Image 1,1,2975,
6.70027,,Surface,7,Image 1,1,2977,
7.9373,,Surface,7,Image 1,1,2979,
5.6423,,Surface,7,Image 1,1,2980,
2.13148,,Surface,7,Image 1,1,2981,
6.22717,,Surface,7,Image 1,1,2982,
6.07103,,Surface,7,Image 1,1,2983,
2.19504,,Surface,7,Image 1,1,2984,
3.82906,,Surface,7,Image 1,1,2985,
6.03734,,Surface,7,Image 1,1,2987,
4.11692,,Surface,7,Image 1,1,2988,
1.77281,,Surface,7,Image 1,1,2989,
5.85065,,Surface,7,Image 1,1,2990,
3.91475,,Surface,7,Image 1,1,2991,
4.91974,,Surface,7,Image 1,1,2993,
4.90701,,Surface,7,Image 1,1,2994,
3.22732,,Surface,7,Image 1,1,2996,
3.97817,,Surface,7,Image 1,1,2997,
3.8293,,Surface,7,Image 1,1,3000,
4.36898,,Surface,7,Image 1,1,3001,
3.00228,,Surface,7,Image 1,1,3002,
6.30675,,Surface,7,Image 1,1,3003,
6.56301,,Surface,7,Image 1,1,3005,
4.12717,,Surface,7,Image 1,1,3006,
4.73127,,Surface,7,Image 1,1,3007,
3.45402,,Surface,7,Image 1,1,3009,
2.78587,,Surface,7,Image 1,1,3010,
2.58532,,Surface,7,Image 1,1,3011,
5.40429,,Surface,7,Image 1,1,3012,
3.5381,,Surface,7,Image 1,1,3013,
4.32238,,Surface,7,Image 1,1,3014,
6.23362,,Surface,7,Image 1,1,3015,
4.75654,,Surface,7,Image 1,1,3016,
1.57233,,Surface,7,Image 1,1,3018,
6.92949,,Surface,7,Image 1,1,3019,
7.78876,,Surface,7,Image 1,1,3020,
1.24722,,Surface,7,Image 1,1,3022,
2.55551,,Surface,7,Image 1,1,3023,
3.22766,,Surface,7,Image 1,1,3024,
6.29928,,Surface,7,Image 1,1,3026,
5.75268,,Surface,7,Image 1,1,3027,
7.124,,Surface,7,Image 1,1,3028,
6.23651,,Surface,7,Image 1,1,3029,
4.14462,,Surface,7,Image 1,1,3032,
3.88658,,Surface,7,Image 1,1,3033,
5.38746,,Surface,7,Image 1,1,3034,
5.82223,,Surface,7,Image 1,1,3035,
5.02076,,Surface,7,Image 1,1,3037,
3.5466,,Surface,7,Image 1,1,3038,
6.20364,,Surface,7,Image 1,1,3039,
3.75593,,Surface,7,Image 1,1,3043,
5.11244,,Surface,7,Image 1,1,3044,
4.74631,,Surface,7,Image 1,1,3045,
8.48838,,Surface,7,Image 1,1,3046,
2.84121,,Surface,7,Image 1,1,3049,
3.41917,,Surface,7,Image 1,1,3051,
4.79172,,Surface,7,Image 1,1,3053,
3.79134,,Surface,7,Image 1,1,3054,
5.31611,,Surface,7,Image 1,1,3055,
5.32311,,Surface,7,Image 1,1,3056,
7.86942,,Surface,7,Image 1,1,3058,
5.72248,,Surface,7,Image 1,1,3060,
3.42641,,Surface,7,Image 1,1,3062,
4.84251,,Surface,7,Image 1,1,3063,
3.4135,,Surface,7,Image 1,1,3064,
4.73196,,Surface,7,Image 1,1,3065,
5.50491,,Surface,7,Image 1,1,3066,
4.06829,,Surface,7,Image 1,1,3067,
5.20931,,Surface,7,Image 1,1,3068,
4.11362,,Surface,7,Image 1,1,3069,
3.735,,Surface,7,Image 1,1,3070,
4.56927,,Surface,7,Image 1,1,3071,
4.78841,,Surface,7,Image 1,1,3072,
4.26209,,Surface,7,Image 1,1,3073,
1.9773,,Surface,7,Image 1,1,3074,
3.08839,,Surface,7,Image 1,1,3075,
3.5141,,Surface,7,Image 1,1,3076,
5.37255,,Surface,7,Image 1,1,3078,
4.02738,,Surface,7,Image 1,1,3079,
3.4246,,Surface,7,Image 1,1,3080,
5.32803,,Surface,7,Image 1,1,3081,
2.25145,,Surface,7,Image 1,1,3082,
2.18529,,Surface,7,Image 1,1,3083,
3.59261,,Surface,7,Image 1,1,3085,
7.088,,Surface,7,Image 1,1,3087,
2.57075,,Surface,7,Image 1,1,3088,
3.30099,,Surface,7,Image 1,1,3089,
5.43896,,Surface,7,Image 1,1,3090,
5.14813,,Surface,7,Image 1,1,3092,
2.45779,,Surface,7,Image 1,1,3093,
2.2209,,Surface,7,Image 1,1,3094,
4.81402,,Surface,7,Image 1,1,3095,
1.72047,,Surface,7,Image 1,1,3096,
3.25921,,Surface,7,Image 1,1,3097,
3.71178,,Surface,7,Image 1,1,3099,
5.97763,,Surface,7,Image 1,1,3100,
3.86651,,Surface,7,Image 1,1,3101,
4.01433,,Surface,7,Image 1,1,3102,
3.64236,,Surface,7,Image 1,1,3103,
6.31601,,Surface,7,Image 1,1,3104,
3.35468,,Surface,7,Image 1,1,3105,
4.09937,,Surface,7,Image 1,1,3106,
5.5027,,Surface,7,Image 1,1,3107,
2.52376,,Surface,7,Image 1,1,3108,
1.76,,Surface,7,Image 1,1,3109,
6.80612,,Surface,7,Image 1,1,3110,
6.07446,,Surface,7,Image 1,1,3111,
6.20781,,Surface,7,Image 1,1,3112,
7.19284,,Surface,7,Image 1,1,3113,
3.40737,,Surface,7,Image 1,1,3115,
1.81014,,Surface,7,Image 1,1,3116,
5.83061,,Surface,7,Image 1,1,3117,
2.44999,,Surface,7,Image 1,1,3119,
7.96893,,Surface,7,Image 1,1,3120,
2.47551,,Surface,7,Image 1,1,3122,
7.65808,,Surface,7,Image 1,1,3123,
2.39366,,Surface,7,Image 1,1,3124,
5.00351,,Surface,7,Image 1,1,3125,
4.96196,,Surface,7,Image 1,1,3126,
5.89592,,Surface,7,Image 1,1,3127,
6.25001,,Surface,7,Image 1,1,3128,
4.6326,,Surface,7,Image 1,1,3129,
6.02351,,Surface,7,Image 1,1,3130,
2.82803,,Surface,7,Image 1,1,3131,
3.78631,,Surface,7,Image 1,1,3133,
4.03482,,Surface,7,Image 1,1,3134,
7.12826,,Surface,7,Image 1,1,3138,
6.41125,,Surface,7,Image 1,1,3139,
5.24526,,Surface,7,Image 1,1,3141,
2.18683,,Surface,7,Image 1,1,3142,
4.62295,,Surface,7,Image 1,1,3143,
6.39181,,Surface,7,Image 1,1,3144,
3.87174,,Surface,7,Image 1,1,3145,
2.69585,,Surface,7,Image 1,1,3146,
2.95168,,Surface,7,Image 1,1,3147,
4.06774,,Surface,7,Image 1,1,3148,
3.29081,,Surface,7,Image 1,1,3151,
6.17054,,Surface,7,Image 1,1,3152,
8.33478,,Surface,7,Image 1,1,3153,
3.18869,,Surface,7,Image 1,1,3154,
5.30774,,Surface,7,Image 1,1,3155,
3.87833,,Surface,7,Image 1,1,3156,
6.91117,,Surface,7,Image 1,1,3159,
5.3156,,Surface,7,Image 1,1,3160,
2.63125,,Surface,7,Image 1,1,3162,
1.89984,,Surface,7,Image 1,1,3163,
5.96992,,Surface,7,Image 1,1,3166,
4.25414,,Surface,7,Image 1,1,3167,
6.45394,,Surface,7,Image 1,1,3168,
4.87532,,Surface,7,Image 1,1,3169,
3.23924,,Surface,7,Image 1,1,3170,
2.95253,,Surface,7,Image 1,1,3172,
5.288,,Surface,7,Image 1,1,3173,
4.63767,,Surface,7,Image 1,1,3174,
3.47786,,Surface,7,Image 1,1,3175,
4.80646,,Surface,7,Image 1,1,3176,
4.36763,,Surface,7,Image 1,1,3177,
2.816,,Surface,7,Image 1,1,3178,
7.69301,,Surface,7,Image 1,1,3179,
4.93581,,Surface,7,Image 1,1,3180,
3.85335,,Surface,7,Image 1,1,3182,
4.46155,,Surface,7,Image 1,1,3184,
1.63596,,Surface,7,Image 1,1,3185,
7.02184,,Surface,7,Image 1,1,3186,
5.5779,,Surface,7,Image 1,1,3187,
3.20599,,Surface,7,Image 1,1,3188,
3.17214,,Surface,7,Image 1,1,3190,
4.60869,,Surface,7,Image 1,1,3191,
6.16023,,Surface,7,Image 1,1,3192,
2.06155,,Surface,7,Image 1,1,3193,
6.12457,,Surface,7,Image 1,1,3194,
3.96713,,Surface,7,Image 1,1,3195,
1.99472,,Surface,7,Image 1,1,3196,
3.18731,,Surface,7,Image 1,1,3197,
6.8508,,Surface,7,Image 1,1,3198,
1.86529,,Surface,7,Image 1,1,3201,
2.9277,,Surface,7,Image 1,1,3204,
6.10096,,Surface,7,Image 1,1,3205,
5.22912,,Surface,7,Image 1,1,3207,
3.0314,,Surface,7,Image 1,1,3208,
2.51449,,Surface,7,Image 1,1,3209,
3.13656,,Surface,7,Image 1,1,3211,
5.45868,,Surface,7,Image 1,1,3212,
2.83332,,Surface,7,Image 1,1,3213,
4.87074,,Surface,7,Image 1,1,3214,
4.08323,,Surface,7,Image 1,1,3215,
6.56887,,Surface,7,Image 1,1,3216,
4.55603,,Surface,7,Image 1,1,3217,
2.98167,,Surface,7,Image 1,1,3218,
8.58238,,Surface,7,Image 1,1,3220,
2.43408,,Surface,7,Image 1,1,3221,
1.95192,,Surface,7,Image 1,1,3222,
1.85294,,Surface,7,Image 1,1,3223,
4.29517,,Surface,7,Image 1,1,3225,
2.18859,,Surface,7,Image 1,1,3228,
3.91321,,Surface,7,Image 1,1,3229,
6.73904,,Surface,7,Image 1,1,3230,
3.41666,,Surface,7,Image 1,1,3231,
2.99449,,Surface,7,Image 1,1,3232,
3.21494,,Surface,7,Image 1,1,3233,
4.19218,,Surface,7,Image 1,1,3234,
2.34189,,Surface,7,Image 1,1,3235,
2.16025,,Surface,7,Image 1,1,3237,
5.01793,,Surface,7,Image 1,1,3238,
4.70788,,Surface,7,Image 1,1,3239,
5.46033,,Surface,7,Image 1,1,3241,
6.65757,,Surface,7,Image 1,1,3242,
5.98944,,Surface,7,Image 1,1,3243,
7.62088,,Surface,7,Image 1,1,3244,
3.7442,,Surface,7,Image 1,1,3245,
2.34933,,Surface,7,Image 1,1,3246,
5.64538,,Surface,7,Image 1,1,3248,
3.12897,,Surface,7,Image 1,1,3249,
3.07467,,Surface,7,Image 1,1,3250,
2.53311,,Surface,7,Image 1,1,3251,
3.78949,,Surface,7,Image 1,1,3252,
5.87408,,Surface,7,Image 1,1,3253,
3.87522,,Surface,7,Image 1,1,3254,
4.53618,,Surface,7,Image 1,1,3258,
6.17667,,Surface,7,Image 1,1,3259,
5.07371,,Surface,7,Image 1,1,3261,
3.42198,,Surface,7,Image 1,1,3262,
6.65484,,Surface,7,Image 1,1,3263,
4.78581,,Surface,7,Image 1,1,3265,
3.05429,,Surface,7,Image 1,1,3266,
3.30259,,Surface,7,Image 1,1,3268,
3.82622,,Surface,7,Image 1,1,3269,
2.57583,,Surface,7,Image 1,1,3270,
6.11455,,Surface,7,Image 1,1,3271,
5.37381,,Surface,7,Image 1,1,3272,
4.35044,,Surface,7,Image 1,1,3273,
2.59272,,Surface,7,Image 1,1,3274,
4.64997,,Surface,7,Image 1,1,3275,
3.4188,,Surface,7,Image 1,1,3277,
4.31453,,Surface,7,Image 1,1,3278,
3.08858,,Surface,7,Image 1,1,3279,
3.35916,,Surface,7,Image 1,1,3280,
2.21579,,Surface,7,Image 1,1,3281,
3.4978,,Surface,7,Image 1,1,3282,
3.80131,,Surface,7,Image 1,1,3283,
3.83454,,Surface,7,Image 1,1,3284,
7.18652,,Surface,7,Image 1,1,3285,
4.79786,,Surface,7,Image 1,1,3286,
4.67683,,Surface,7,Image 1,1,3287,
2.62029,,Surface,7,Image 1,1,3292,
2.44744,,Surface,7,Image 1,1,3293,
6.17355,,Surface,7,Image 1,1,3296,
3.14893,,Surface,7,Image 1,1,3297,
2.82852,,Surface,7,Image 1,1,3298,
6.55895,,Surface,7,Image 1,1,3300,
3.08385,,Surface,7,Image 1,1,3301,
2.56445,,Surface,7,Image 1,1,3302,
3.98384,,Surface,7,Image 1,1,3304,
2.1314,,Surface,7,Image 1,1,3307,
3.55604,,Surface,7,Image 1,1,3308,
3.15502,,Surface,7,Image 1,1,3309,
4.83269,,Surface,7,Image 1,1,3311,
3.35097,,Surface,7,Image 1,1,3312,
3.90848,,Surface,7,Image 1,1,3313,
2.69667,,Surface,7,Image 1,1,3314,
4.82488,,Surface,7,Image 1,1,3315,
3.98241,,Surface,7,Image 1,1,3317,
2.47986,,Surface,7,Image 1,1,3319,
3.28181,,Surface,7,Image 1,1,3320,
4.42245,,Surface,7,Image 1,1,3321,
1.9571,,Surface,7,Image 1,1,3323,
5.86058,,Surface,7,Image 1,1,3324,
1.76572,,Surface,7,Image 1,1,3325,
1.59079,,Surface,7,Image 1,1,3326,
5.12555,,Surface,7,Image 1,1,3328,
2.69993,,Surface,7,Image 1,1,3329,
3.76945,,Surface,7,Image 1,1,3333,
3.97147,,Surface,7,Image 1,1,3335,
4.51377,,Surface,7,Image 1,1,3336,
2.80172,,Surface,7,Image 1,1,3337,
4.05609,,Surface,7,Image 1,1,3338,
4.56024,,Surface,7,Image 1,1,3340,
2.60157,,Surface,7,Image 1,1,3341,
4.0633,,Surface,7,Image 1,1,3342,
3.31034,,Surface,7,Image 1,1,3343,
3.2485,,Surface,7,Image 1,1,3344,
2.46694,,Surface,7,Image 1,1,3346,
4.2825,,Surface,7,Image 1,1,3347,
6.52084,,Surface,7,Image 1,1,3348,
5.54978,,Surface,7,Image 1,1,3350,
1.46249,,Surface,7,Image 1,1,3351,
3.32965,,Surface,7,Image 1,1,3352,
3.1974,,Surface,7,Image 1,1,3353,
3.2456,,Surface,7,Image 1,1,3354,
2.44426,,Surface,7,Image 1,1,3357,
2.2734,,Surface,7,Image 1,1,3358,
4.95615,,Surface,7,Image 1,1,3359,
5.52803,,Surface,7,Image 1,1,3360,
5.20854,,Surface,7,Image 1,1,3361,
1.35526,,Surface,7,Image 1,1,3363,
2.94597,,Surface,7,Image 1,1,3365,
5.2338,,Surface,7,Image 1,1,3366,
3.85806,,Surface,7,Image 1,1,3369,
3.85784,,Surface,7,Image 1,1,3370,
5.28467,,Surface,7,Image 1,1,3371,
2.68486,,Surface,7,Image 1,1,3372,
3.6223,,Surface,7,Image 1,1,3374,
2.9408,,Surface,7,Image 1,1,3375,
4.59104,,Surface,7,Image 1,1,3376,
6.29861,,Surface,7,Image 1,1,3377,
2.20773,,Surface,7,Image 1,1,3380,
2.02978,,Surface,7,Image 1,1,3381,
3.25236,,Surface,7,Image 1,1,3382,
3.50198,,Surface,7,Image 1,1,3383,
3.32694,,Surface,7,Image 1,1,3384,
4.06838,,Surface,7,Image 1,1,3385,
4.62044,,Surface,7,Image 1,1,3386,
4.33935,,Surface,7,Image 1,1,3387,
2.81633,,Surface,7,Image 1,1,3388,
8.88871,,Surface,7,Image 1,1,3389,
4.64207,,Surface,7,Image 1,1,3390,
1.249,,Surface,7,Image 1,1,3391,
3.98626,,Surface,7,Image 1,1,3392,
2.21744,,Surface,7,Image 1,1,3394,
3.12511,,Surface,7,Image 1,1,3396,
3.19726,,Surface,7,Image 1,1,3397,
4.44051,,Surface,7,Image 1,1,3398,
2.58677,,Surface,7,Image 1,1,3399,
3.32306,,Surface,7,Image 1,1,3400,
5.30699,,Surface,7,Image 1,1,3401,
2.38229,,Surface,7,Image 1,1,3403,
2.18521,,Surface,7,Image 1,1,3405,
5.0313,,Surface,7,Image 1,1,3406,
3.58345,,Surface,7,Image 1,1,3407,
3.70914,,Surface,7,Image 1,1,3408,
6.06411,,Surface,7,Image 1,1,3409,
2.9634,,Surface,7,Image 1,1,3412,
4.71625,,Surface,7,Image 1,1,3413,
4.39228,,Surface,7,Image 1,1,3414,
4.46571,,Surface,7,Image 1,1,3415,
3.74694,,Surface,7,Image 1,1,3416,
4.04755,,Surface,7,Image 1,1,3417,
6.13001,,Surface,7,Image 1,1,3418,
4.18123,,Surface,7,Image 1,1,3419,
3.4255,,Surface,7,Image 1,1,3420,
5.11262,,Surface,7,Image 1,1,3421,
2.92078,,Surface,7,Image 1,1,3424,
2.82949,,Surface,7,Image 1,1,3425,
6.76753,,Surface,7,Image 1,1,3427,
5.05189,,Surface,7,Image 1,1,3428,
3.40894,,Surface,7,Image 1,1,3429,
7.21407,,Surface,7,Image 1,1,3432,
5.91712,,Surface,7,Image 1,1,3433,
2.514,,Surface,7,Image 1,1,3434,
11.4735,,Surface,7,Image 1,1,3435,
2.12779,,Surface,7,Image 1,1,3436,
3.17742,,Surface,7,Image 1,1,3437,
4.86792,,Surface,7,Image 1,1,3438,
4.8076,,Surface,7,Image 1,1,3439,
4.6364,,Surface,7,Image 1,1,3440,
2.2198,,Surface,7,Image 1,1,3443,
3.68225,,Surface,7,Image 1,1,3444,
6.1341,,Surface,7,Image 1,1,3445,
4.2096,,Surface,7,Image 1,1,3446,
6.86578,,Surface,7,Image 1,1,3447,
3.21163,,Surface,7,Image 1,1,3448,
2.19362,,Surface,7,Image 1,1,3450,
3.50544,,Surface,7,Image 1,1,3452,
3.9672,,Surface,7,Image 1,1,3453,
5.25262,,Surface,7,Image 1,1,3454,
4.73212,,Surface,7,Image 1,1,3455,
5.52442,,Surface,7,Image 1,1,3456,
1.98538,,Surface,7,Image 1,1,3457,
2.24666,,Surface,7,Image 1,1,3458,
4.29506,,Surface,7,Image 1,1,3459,
1.49071,,Surface,7,Image 1,1,3460,
2.14372,,Surface,7,Image 1,1,3461,
8.34539,,Surface,7,Image 1,1,3462,
2.55061,,Surface,7,Image 1,1,3463,
3.83076,,Surface,7,Image 1,1,3464,
2.77282,,Surface,7,Image 1,1,3465,
5.54381,,Surface,7,Image 1,1,3467,
2.24433,,Surface,7,Image 1,1,3468,
4.49624,,Surface,7,Image 1,1,3469,
9.40865,,Surface,7,Image 1,1,3471,
2.72358,,Surface,7,Image 1,1,3472,
8.66087,,Surface,7,Image 1,1,3473,
5.13238,,Surface,7,Image 1,1,3474,
5.90131,,Surface,7,Image 1,1,3475,
4.13718,,Surface,7,Image 1,1,3476,
6.22712,,Surface,7,Image 1,1,3478,
5.47077,,Surface,7,Image 1,1,3479,
3.70349,,Surface,7,Image 1,1,3480,
4.93238,,Surface,7,Image 1,1,3483,
2.23007,,Surface,7,Image 1,1,3485,
4.57778,,Surface,7,Image 1,1,3487,
3.5502,,Surface,7,Image 1,1,3488,
2.84844,,Surface,7,Image 1,1,3492,
4.60532,,Surface,7,Image 1,1,3493,
2.27758,,Surface,7,Image 1,1,3495,
5.26697,,Surface,7,Image 1,1,3496,
3.42713,,Surface,7,Image 1,1,3497,
8.65152,,Surface,7,Image 1,1,3498,
4.08769,,Surface,7,Image 1,1,3499,
4.26491,,Surface,7,Image 1,1,3500,
2.16275,,Surface,7,Image 1,1,3501,
3.53826,,Surface,7,Image 1,1,3503,
6.29192,,Surface,7,Image 1,1,3504,
2.33928,,Surface,7,Image 1,1,3505,
2.75032,,Surface,7,Image 1,1,3506,
2.48492,,Surface,7,Image 1,1,3507,
6.45225,,Surface,7,Image 1,1,3508,
3.95873,,Surface,7,Image 1,1,3509,
2.07105,,Surface,7,Image 1,1,3510,
5.28609,,Surface,7,Image 1,1,3511,
6.4688,,Surface,7,Image 1,1,3512,
2.39144,,Surface,7,Image 1,1,3513,
2.19221,,Surface,7,Image 1,1,3516,
8.19743,,Surface,7,Image 1,1,3518,
1.95252,,Surface,7,Image 1,1,3519,
1.77281,,Surface,7,Image 1,1,3520,
3.98464,,Surface,7,Image 1,1,3521,
4.63944,,Surface,7,Image 1,1,3523,
1.45144,,Surface,7,Image 1,1,3524,
7.64619,,Surface,7,Image 1,1,3525,
7.67972,,Surface,7,Image 1,1,3526,
6.1799,,Surface,7,Image 1,1,3527,
2.0841,,Surface,7,Image 1,1,3529,
2.92672,,Surface,7,Image 1,1,3531,
3.17983,,Surface,7,Image 1,1,3532,
4.44753,,Surface,7,Image 1,1,3533,
4.14818,,Surface,7,Image 1,1,3535,
4.60257,,Surface,7,Image 1,1,3536,
3.57573,,Surface,7,Image 1,1,3537,
4.93713,,Surface,7,Image 1,1,3538,
1.88442,,Surface,7,Image 1,1,3540,
4.26468,,Surface,7,Image 1,1,3541,
2.33618,,Surface,7,Image 1,1,3542,
8.84054,,Surface,7,Image 1,1,3544,
2.64213,,Surface,7,Image 1,1,3545,
3.10535,,Surface,7,Image 1,1,3546,
2.6806,,Surface,7,Image 1,1,3549,
7.00912,,Surface,7,Image 1,1,3550,
2.94127,,Surface,7,Image 1,1,3551,
3.35001,,Surface,7,Image 1,1,3552,
2.49965,,Surface,7,Image 1,1,3553,
5.17515,,Surface,7,Image 1,1,3554,
3.11131,,Surface,7,Image 1,1,3556,
2.77183,,Surface,7,Image 1,1,3559,
5.32708,,Surface,7,Image 1,1,3561,
4.23334,,Surface,7,Image 1,1,3562,
1.55917,,Surface,7,Image 1,1,3563,
2.26039,,Surface,7,Image 1,1,3565,
5.66866,,Surface,7,Image 1,1,3568,
3.37581,,Surface,7,Image 1,1,3571,
2.94207,,Surface,7,Image 1,1,3572,
3.77789,,Surface,7,Image 1,1,3573,
3.75765,,Surface,7,Image 1,1,3575,
3.97069,,Surface,7,Image 1,1,3576,
3.0629,,Surface,7,Image 1,1,3580,
2.67552,,Surface,7,Image 1,1,3581,
4.54551,,Surface,7,Image 1,1,3582,
3.93769,,Surface,7,Image 1,1,3584,
8.48847,,Surface,7,Image 1,1,3585,
3.76947,,Surface,7,Image 1,1,3586,
3.41953,,Surface,7,Image 1,1,3587,
3.38338,,Surface,7,Image 1,1,3588,
4.00208,,Surface,7,Image 1,1,3590,
2.9215,,Surface,7,Image 1,1,3591,
3.0705,,Surface,7,Image 1,1,3592,
2.74756,,Surface,7,Image 1,1,3593,
4.76673,,Surface,7,Image 1,1,3595,
4.49513,,Surface,7,Image 1,1,3596,
2.48824,,Surface,7,Image 1,1,3598,
1.25862,,Surface,7,Image 1,1,3600,
3.86976,,Surface,7,Image 1,1,3603,
3.01381,,Surface,7,Image 1,1,3605,
3.24793,,Surface,7,Image 1,1,3606,
5.8656,,Surface,7,Image 1,1,3608,
5.01404,,Surface,7,Image 1,1,3609,
3.38906,,Surface,7,Image 1,1,3610,
3.99163,,Surface,7,Image 1,1,3611,
3.74092,,Surface,7,Image 1,1,3616,
2.09818,,Surface,7,Image 1,1,3617,
2.4037,,Surface,7,Image 1,1,3618,
1.96136,,Surface,7,Image 1,1,3619,
7.14566,,Surface,7,Image 1,1,3620,
2.28102,,Surface,7,Image 1,1,3621,
3.6272,,Surface,7,Image 1,1,3622,
5.62488,,Surface,7,Image 1,1,3623,
4.49385,,Surface,7,Image 1,1,3625,
5.12399,,Surface,7,Image 1,1,3626,
3.75081,,Surface,7,Image 1,1,3628,
4.06378,,Surface,7,Image 1,1,3629,
6.49331,,Surface,7,Image 1,1,3631,
3.78538,,Surface,7,Image 1,1,3632,
4.22131,,Surface,7,Image 1,1,3633,
3.01069,,Surface,7,Image 1,1,3635,
3.55013,,Surface,7,Image 1,1,3636,
2.58294,,Surface,7,Image 1,1,3637,
5.41098,,Surface,7,Image 1,1,3638,
3.96294,,Surface,7,Image 1,1,3639,
3.76903,,Surface,7,Image 1,1,3640,
4.72748,,Surface,7,Image 1,1,3641,
2.09253,,Surface,7,Image 1,1,3642,
4.49484,,Surface,7,Image 1,1,3643,
3.83083,,Surface,7,Image 1,1,3645,
3.79504,,Surface,7,Image 1,1,3646,
2.95705,,Surface,7,Image 1,1,3647,
3.44999,,Surface,7,Image 1,1,3649,
3.77049,,Surface,7,Image 1,1,3650,
3.86359,,Surface,7,Image 1,1,3654,
9.06805,,Surface,7,Image 1,1,3655,
4.52569,,Surface,7,Image 1,1,3657,
5.05435,,Surface,7,Image 1,1,3658,
2.5711,,Surface,7,Image 1,1,3659,
3.56215,,Surface,7,Image 1,1,3662,
4.59516,,Surface,7,Image 1,1,3663,
3.03718,,Surface,7,Image 1,1,3664,
4.05822,,Surface,7,Image 1,1,3665,
4.57855,,Surface,7,Image 1,1,3666,
5.43841,,Surface,7,Image 1,1,3667,
3.26854,,Surface,7,Image 1,1,3668,
5.1141,,Surface,7,Image 1,1,3669,
3.14961,,Surface,7,Image 1,1,3671,
5.19115,,Surface,7,Image 1,1,3672,
5.23283,,Surface,7,Image 1,1,3673,
2.61642,,Surface,7,Image 1,1,3674,
6.91056,,Surface,7,Image 1,1,3675,
3.92437,,Surface,7,Image 1,1,3678,
3.00228,,Surface,7,Image 1,1,3679,
3.3406,,Surface,7,Image 1,1,3680,
2.61215,,Surface,7,Image 1,1,3681,
2.33153,,Surface,7,Image 1,1,3682,
3.1124,,Surface,7,Image 1,1,3683,
3.96389,,Surface,7,Image 1,1,3685,
4.15475,,Surface,7,Image 1,1,3686,
4.73396,,Surface,7,Image 1,1,3687,
3.29016,,Surface,7,Image 1,1,3688,
0.748331,,Surface,7,Image 1,1,3689,
2.755,,Surface,7,Image 1,1,3690,
5.36432,,Surface,7,Image 1,1,3691,
5.29487,,Surface,7,Image 1,1,3693,
3.55931,,Surface,7,Image 1,1,3695,
4.28376,,Surface,7,Image 1,1,3697,
5.15928,,Surface,7,Image 1,1,3698,
3.67654,,Surface,7,Image 1,1,3701,
3.53114,,Surface,7,Image 1,1,3703,
5.5591,,Surface,7,Image 1,1,3704,
3.32964,,Surface,7,Image 1,1,3705,
3.06462,,Surface,7,Image 1,1,3706,
3.14008,,Surface,7,Image 1,1,3708,
3.08049,,Surface,7,Image 1,1,3709,
2.4758,,Surface,7,Image 1,1,3710,
3.31397,,Surface,7,Image 1,1,3711,
3.51386,,Surface,7,Image 1,1,3714,
3.7336,,Surface,7,Image 1,1,3720,
3.42439,,Surface,7,Image 1,1,3721,
7.60756,,Surface,7,Image 1,1,3723,
3.85638,,Surface,7,Image 1,1,3725,
4.77261,,Surface,7,Image 1,1,3727,
2.71975,,Surface,7,Image 1,1,3728,
3.44501,,Surface,7,Image 1,1,3729,
4.50081,,Surface,7,Image 1,1,3730,
2.45792,,Surface,7,Image 1,1,3732,
6.63876,,Surface,7,Image 1,1,3733,
4.44673,,Surface,7,Image 1,1,3734,
4.30784,,Surface,7,Image 1,1,3735,
2.78976,,Surface,7,Image 1,1,3736,
1.55346,,Surface,7,Image 1,1,3737,
2.50652,,Surface,7,Image 1,1,3738,
2.94929,,Surface,7,Image 1,1,3740,
4.21633,,Surface,7,Image 1,1,3741,
4.31114,,Surface,7,Image 1,1,3742,
3.10653,,Surface,7,Image 1,1,3743,
3.57109,,Surface,7,Image 1,1,3746,
4.07268,,Surface,7,Image 1,1,3747,
2.81412,,Surface,7,Image 1,1,3748,
3.71585,,Surface,7,Image 1,1,3749,
5.50827,,Surface,7,Image 1,1,3751,
1.63936,,Surface,7,Image 1,1,3753,
2.94438,,Surface,7,Image 1,1,3754,
1.16619,,Surface,7,Image 1,1,3755,
3.90406,,Surface,7,Image 1,1,3756,
3.2277,,Surface,7,Image 1,1,3759,
5.145,,Surface,7,Image 1,1,3760,
3.33884,,Surface,7,Image 1,1,3761,
7.3801,,Surface,7,Image 1,1,3762,
1.85472,,Surface,7,Image 1,1,3764,
2.86825,,Surface,7,Image 1,1,3765,
3.2713,,Surface,7,Image 1,1,3766,
2.79741,,Surface,7,Image 1,1,3768,
2.05317,,Surface,7,Image 1,1,3769,
3.54601,,Surface,7,Image 1,1,3770,
3.69781,,Surface,7,Image 1,1,3773,
3.33877,,Surface,7,Image 1,1,3776,
4.95247,,Surface,7,Image 1,1,3777,
3.54131,,Surface,7,Image 1,1,3778,
3.76293,,Surface,7,Image 1,1,3780,
3.67676,,Surface,7,Image 1,1,3781,
1.853,,Surface,7,Image 1,1,3782,
4.40458,,Surface,7,Image 1,1,3783,
5.00254,,Surface,7,Image 1,1,3784,
2.59159,,Surface,7,Image 1,1,3785,
3.44601,,Surface,7,Image 1,1,3786,
3.079,,Surface,7,Image 1,1,3787,
3.09552,,Surface,7,Image 1,1,3788,
2.84746,,Surface,7,Image 1,1,3789,
2.71637,,Surface,7,Image 1,1,3790,
5.00018,,Surface,7,Image 1,1,3791,
3.03752,,Surface,7,Image 1,1,3792,
4.60562,,Surface,7,Image 1,1,3794,
4.12001,,Surface,7,Image 1,1,3795,
3.06396,,Surface,7,Image 1,1,3796,
2.52862,,Surface,7,Image 1,1,3797,
4.14792,,Surface,7,Image 1,1,3798,
6.93203,,Surface,7,Image 1,1,3799,
2.68602,,Surface,7,Image 1,1,3800,
7.81109,,Surface,7,Image 1,1,3801,
3.29471,,Surface,7,Image 1,1,3805,
4.85282,,Surface,7,Image 1,1,3807,
3.39433,,Surface,7,Image 1,1,3808,
2.895,,Surface,7,Image 1,1,3809,
1.83685,,Surface,7,Image 1,1,3810,
0.695971,,Surface,7,Image 1,1,3811,
1.16619,,Surface,7,Image 1,1,3813,
3.52395,,Surface,7,Image 1,1,3815,
4.24264,,Surface,7,Image 1,1,3817,
1.98977,,Surface,7,Image 1,1,3822,
4.28395,,Surface,7,Image 1,1,3824,
4.84673,,Surface,7,Image 1,1,3825,
5.06876,,Surface,7,Image 1,1,3826,
7.41639,,Surface,7,Image 1,1,3827,
3.32072,,Surface,7,Image 1,1,3828,
4.04038,,Surface,7,Image 1,1,3831,
4.12925,,Surface,7,Image 1,1,3833,
5.29132,,Surface,7,Image 1,1,3834,
2.69924,,Surface,7,Image 1,1,3835,
6.60493,,Surface,7,Image 1,1,3836,
5.52458,,Surface,7,Image 1,1,3838,
6.53282,,Surface,7,Image 1,1,3839,
3.41144,,Surface,7,Image 1,1,3840,
5.17466,,Surface,7,Image 1,1,3841,
1.63902,,Surface,7,Image 1,1,3842,
4.10671,,Surface,7,Image 1,1,3844,
1.84973,,Surface,7,Image 1,1,3847,
4.97012,,Surface,7,Image 1,1,3848,
5.45028,,Surface,7,Image 1,1,3849,
4.53682,,Surface,7,Image 1,1,3850,
2.30572,,Surface,7,Image 1,1,3851,
2.43426,,Surface,7,Image 1,1,3853,
3.78509,,Surface,7,Image 1,1,3854,
2.93323,,Surface,7,Image 1,1,3857,
6.37381,,Surface,7,Image 1,1,3858,
2.97557,,Surface,7,Image 1,1,3860,
2.34061,,Surface,7,Image 1,1,3861,
3.70901,,Surface,7,Image 1,1,3862,
2.86367,,Surface,7,Image 1,1,3863,
4.86567,,Surface,7,Image 1,1,3864,
3.13368,,Surface,7,Image 1,1,3865,
3.90162,,Surface,7,Image 1,1,3866,
3.69203,,Surface,7,Image 1,1,3868,
2.73606,,Surface,7,Image 1,1,3869,
3.30172,,Surface,7,Image 1,1,3870,
2.48965,,Surface,7,Image 1,1,3872,
3.66419,,Surface,7,Image 1,1,3873,
5.53081,,Surface,7,Image 1,1,3876,
5.16663,,Surface,7,Image 1,1,3877,
7.29733,,Surface,7,Image 1,1,3878,
3.35474,,Surface,7,Image 1,1,3879,
5.66022,,Surface,7,Image 1,1,3880,
3.54586,,Surface,7,Image 1,1,3882,
2.70651,,Surface,7,Image 1,1,3883,
5.58177,,Surface,7,Image 1,1,3884,
3.20986,,Surface,7,Image 1,1,3885,
3.19254,,Surface,7,Image 1,1,3886,
3.76238,,Surface,7,Image 1,1,3887,
3.72838,,Surface,7,Image 1,1,3891,
3.74136,,Surface,7,Image 1,1,3893,
3.51766,,Surface,7,Image 1,1,3894,
3.23079,,Surface,7,Image 1,1,3895,
2.53752,,Surface,7,Image 1,1,3897,
4.71321,,Surface,7,Image 1,1,3898,
1.93091,,Surface,7,Image 1,1,3899,
3.89932,,Surface,7,Image 1,1,3900,
1.72452,,Surface,7,Image 1,1,3901,
2.79508,,Surface,7,Image 1,1,3902,
3.76637,,Surface,7,Image 1,1,3905,
3.7384,,Surface,7,Image 1,1,3907,
2.39623,,Surface,7,Image 1,1,3909,
2.9973,,Surface,7,Image 1,1,3912,
4.08208,,Surface,7,Image 1,1,3914,
2.19461,,Surface,7,Image 1,1,3915,
1.46144,,Surface,7,Image 1,1,3918,
3.25343,,Surface,7,Image 1,1,3919,
4.20571,,Surface,7,Image 1,1,3921,
3.10744,,Surface,7,Image 1,1,3922,
3.287,,Surface,7,Image 1,1,3924,
2.58488,,Surface,7,Image 1,1,3926,
4.85229,,Surface,7,Image 1,1,3927,
4.7588,,Surface,7,Image 1,1,3928,
5.55869,,Surface,7,Image 1,1,3929,
8.01943,,Surface,7,Image 1,1,3930,
4.04105,,Surface,7,Image 1,1,3931,
3.96315,,Surface,7,Image 1,1,3932,
4.02192,,Surface,7,Image 1,1,3934,
2.0203,,Surface,7,Image 1,1,3936,
3.94756,,Surface,7,Image 1,1,3939,
2.66667,,Surface,7,Image 1,1,3941,
2.40342,,Surface,7,Image 1,1,3942,
2.08615,,Surface,7,Image 1,1,3943,
5.79616,,Surface,7,Image 1,1,3944,
4.51127,,Surface,7,Image 1,1,3946,
2.14792,,Surface,7,Image 1,1,3949,
1.69589,,Surface,7,Image 1,1,3952,
2.34707,,Surface,7,Image 1,1,3953,
5.06012,,Surface,7,Image 1,1,3954,
5.45208,,Surface,7,Image 1,1,3955,
5.7755,,Surface,7,Image 1,1,3958,
3.80828,,Surface,7,Image 1,1,3959,
3.11133,,Surface,7,Image 1,1,3964,
2.17905,,Surface,7,Image 1,1,3965,
4.16646,,Surface,7,Image 1,1,3966,
3.10482,,Surface,7,Image 1,1,3969,
1.87778,,Surface,7,Image 1,1,3970,
3.42891,,Surface,7,Image 1,1,3971,
3.15137,,Surface,7,Image 1,1,3973,
2.1338,,Surface,7,Image 1,1,3975,
3.78979,,Surface,7,Image 1,1,3977,
7.25029,,Surface,7,Image 1,1,3978,
2.61304,,Surface,7,Image 1,1,3980,
7.6337,,Surface,7,Image 1,1,3981,
5.53235,,Surface,7,Image 1,1,3983,
4.5363,,Surface,7,Image 1,1,3984,
2.71061,,Surface,7,Image 1,1,3986,
2.92583,,Surface,7,Image 1,1,3987,
5.4862,,Surface,7,Image 1,1,3989,
2.81642,,Surface,7,Image 1,1,3991,
1.88562,,Surface,7,Image 1,1,3992,
1.12486,,Surface,7,Image 1,1,3993,
3.81817,,Surface,7,Image 1,1,3994,
2.43638,,Surface,7,Image 1,1,3995,
4.39307,,Surface,7,Image 1,1,3998,
3.55037,,Surface,7,Image 1,1,3999,
3.96029,,Surface,7,Image 1,1,4000,
3.55411,,Surface,7,Image 1,1,4003,
3.37147,,Surface,7,Image 1,1,4004,
3.31638,,Surface,7,Image 1,1,4005,
3.4561,,Surface,7,Image 1,1,4006,
1.34256,,Surface,7,Image 1,1,4008,
3.04263,,Surface,7,Image 1,1,4011,
4.36604,,Surface,7,Image 1,1,4014,
7.56155,,Surface,7,Image 1,1,4017,
1.97231,,Surface,7,Image 1,1,4019,
6.67676,,Surface,7,Image 1,1,4020,
5.29326,,Surface,7,Image 1,1,4023,
5.4061,,Surface,7,Image 1,1,4024,
1.40198,,Surface,7,Image 1,1,4025,
2.61852,,Surface,7,Image 1,1,4027,
2.59722,,Surface,7,Image 1,1,4030,
2.11891,,Surface,7,Image 1,1,4031,
1.90595,,Surface,7,Image 1,1,4032,
3.55373,,Surface,7,Image 1,1,4035,
2.73705,,Surface,7,Image 1,1,4037,
0.897527,,Surface,7,Image 1,1,4039,
6.57448,,Surface,7,Image 1,1,4040,
3.78609,,Surface,7,Image 1,1,4041,
8.48994,,Surface,7,Image 1,1,4046,
5.28757,,Surface,7,Image 1,1,4047,
3.87127,,Surface,7,Image 1,1,4050,
0.955814,,Surface,7,Image 1,1,4051,
2.28546,,Surface,7,Image 1,1,4052,
2.89126,,Surface,7,Image 1,1,4053,
2.0672,,Surface,7,Image 1,1,4054,
5.01351,,Surface,7,Image 1,1,4055,
3.35418,,Surface,7,Image 1,1,4056,
4.37004,,Surface,7,Image 1,1,4059,
2.34813,,Surface,7,Image 1,1,4060,
4.86801,,Surface,7,Image 1,1,4061,
2.50289,,Surface,7,Image 1,1,4062,
3.17737,,Surface,7,Image 1,1,4063,
4.50697,,Surface,7,Image 1,1,4066,
1.85405,,Surface,7,Image 1,1,4067,
2.61404,,Surface,7,Image 1,1,4068,
6.20052,,Surface,7,Image 1,1,4070,
3.38056,,Surface,7,Image 1,1,4071,
3.13859,,Surface,7,Image 1,1,4074,
2.71313,,Surface,7,Image 1,1,4075,
5.30966,,Surface,7,Image 1,1,4077,
3.21167,,Surface,7,Image 1,1,4078,
7.28402,,Surface,7,Image 1,1,4081,
2.65159,,Surface,7,Image 1,1,4082,
2.37284,,Surface,7,Image 1,1,4086,
3.63101,,Surface,7,Image 1,1,4092,
1.7466,,Surface,7,Image 1,1,4093,
2.5357,,Surface,7,Image 1,1,4094,
2.15739,,Surface,7,Image 1,1,4095,
3.72523,,Surface,7,Image 1,1,4096,
3.02181,,Surface,7,Image 1,1,4099,
2.1166,,Surface,7,Image 1,1,4101,
3.39885,,Surface,7,Image 1,1,4103,
3.85455,,Surface,7,Image 1,1,4107,
2.97902,,Surface,7,Image 1,1,4108,
2.7924,,Surface,7,Image 1,1,4109,
4.16912,,Surface,7,Image 1,1,4112,
4.73869,,Surface,7,Image 1,1,4113,
3.19404,,Surface,7,Image 1,1,4114,
3.04795,,Surface,7,Image 1,1,4116,
1.96463,,Surface,7,Image 1,1,4121,
2.90198,,Surface,7,Image 1,1,4124,
2.61693,,Surface,7,Image 1,1,4130,
4.29248,,Surface,7,Image 1,1,4133,
2.66041,,Surface,7,Image 1,1,4136,
5.26598,,Surface,7,Image 1,1,4137,
2.09704,,Surface,7,Image 1,1,4139,
2.60907,,Surface,7,Image 1,1,4142,
4.37501,,Surface,7,Image 1,1,4143,
1.91163,,Surface,7,Image 1,1,4145,
2.04949,,Surface,7,Image 1,1,4146,
5.43781,,Surface,7,Image 1,1,4147,
6.57905,,Surface,7,Image 1,1,4149,
2.63793,,Surface,7,Image 1,1,4150,
3.21023,,Surface,7,Image 1,1,4151,
2.53596,,Surface,7,Image 1,1,4153,
2.71069,,Surface,7,Image 1,1,4155,
1.72615,,Surface,7,Image 1,1,4158,
2.02743,,Surface,7,Image 1,1,4159,
3.80839,,Surface,7,Image 1,1,4160,
2.30545,,Surface,7,Image 1,1,4161,
4.0531,,Surface,7,Image 1,1,4162,
3.29747,,Surface,7,Image 1,1,4165,
1.35923,,Surface,7,Image 1,1,4166,
1.72008,,Surface,7,Image 1,1,4168,
3.79044,,Surface,7,Image 1,1,4173,
1.85109,,Surface,7,Image 1,1,4175,
3.976,,Surface,7,Image 1,1,4176,
6.81765,,Surface,7,Image 1,1,4182,
2.8865,,Surface,7,Image 1,1,4184,
2.87803,,Surface,7,Image 1,1,4185,
2.4077,,Surface,7,Image 1,1,4186,
3.84194,,Surface,7,Image 1,1,4190,
5.25781,,Surface,7,Image 1,1,4193,
1.56125,,Surface,7,Image 1,1,4194,
5.09833,,Surface,7,Image 1,1,4197,
2.1419,,Surface,7,Image 1,1,4199,
1.75536,,Surface,7,Image 1,1,4201,
2.30244,,Surface,7,Image 1,1,4202,
2.41998,,Surface,7,Image 1,1,4203,
2.36713,,Surface,7,Image 1,1,4204,
2.3094,,Surface,7,Image 1,1,4208,
2.74033,,Surface,7,Image 1,1,4209,
3.54351,,Surface,7,Image 1,1,4210,
1.99091,,Surface,7,Image 1,1,4212,
1.52753,,Surface,7,Image 1,1,4213,
4.17569,,Surface,7,Image 1,1,4215,
2.52958,,Surface,7,Image 1,1,4219,
1.0198,,Surface,7,Image 1,1,4229,
1.72848,,Surface,7,Image 1,1,4231,
2.44869,,Surface,7,Image 1,1,4234,
3.74217,,Surface,7,Image 1,1,4238,
2.99184,,Surface,7,Image 1,1,4239,
3.47992,,Surface,7,Image 1,1,4241,
2.27963,,Surface,7,Image 1,1,4243,
2.91647,,Surface,7,Image 1,1,4244,
2.02221,,Surface,7,Image 1,1,4245,
2.86021,,Surface,7,Image 1,1,4252,
2.34401,,Surface,7,Image 1,1,4254,
1.85814,,Surface,7,Image 1,1,4257,
1.78903,,Surface,7,Image 1,1,4264,
3.30387,,Surface,7,Image 1,1,4268,
1.8412,,Surface,7,Image 1,1,4277,
2.83299,,Surface,7,Image 1,1,4279,
3.43884,,Surface,7,Image 1,1,4284,
1.83041,,Surface,7,Image 1,1,4287,
4.56164,,Surface,7,Image 1,1,4293,
2.28522,,Surface,7,Image 1,1,4298,
2.1801,,Surface,7,Image 1,1,4303,
3.09109,,Surface,7,Image 1,1,4304,
1.60576,,Surface,7,Image 1,1,4306,
1.95402,,Surface,7,Image 1,1,4312,
3.52416,,Surface,7,Image 1,1,4315,
3.21552,,Surface,7,Image 1,1,4318,
2.72388,,Surface,7,Image 1,1,4324,
3.1782,,Surface,7,Image 1,1,4332,
2.34008,,Surface,7,Image 1,1,4335,
2.22819,,Surface,7,Image 1,1,4336,
3.66057,,Surface,7,Image 1,1,4338,
2.05163,,Surface,7,Image 1,1,4340,
3.26616,,Surface,7,Image 1,1,4343,
3.32781,,Surface,7,Image 1,1,4345,
2.07498,,Surface,7,Image 1,1,4352,
1.72047,,Surface,7,Image 1,1,4359,
4.0022,,Surface,7,Image 1,1,4363,
1.44314,,Surface,7,Image 1,1,4374,
1.77082,,Surface,7,Image 1,1,4385,
1.2,,Surface,7,Image 1,1,4387,
2.53794,,Surface,7,Image 1,1,4416,
3.50318,,Surface,7,Image 1,1,4420,
2.10819,,Surface,7,Image 1,1,4439,
