
Intensity Median Ch=2 Img=1
 ==================== 
Intensity Median,Unit,Category,Channel,Image,Time,ID,
1.66016,,Surface,2,Image 1,1,320,
1.48242,,Surface,2,Image 1,1,344,
5.23633,,Surface,2,Image 1,1,346,
9.92188,,Surface,2,Image 1,1,349,
125.688,,Surface,2,Image 1,1,351,
3.9375,,Surface,2,Image 1,1,352,
1.85645,,Surface,2,Image 1,1,353,
10.8682,,Surface,2,Image 1,1,354,
63.5312,,Surface,2,Image 1,1,355,
5.5332,,Surface,2,Image 1,1,356,
6.21484,,Surface,2,Image 1,1,357,
4.93945,,Surface,2,Image 1,1,358,
4.75195,,Surface,2,Image 1,1,359,
8.13281,,Surface,2,Image 1,1,362,
242.375,,Surface,2,Image 1,1,363,
4.1709,,Surface,2,Image 1,1,365,
5.625,,Surface,2,Image 1,1,366,
3.25098,,Surface,2,Image 1,1,367,
3.95508,,Surface,2,Image 1,1,369,
4.21582,,Surface,2,Image 1,1,371,
4.57617,,Surface,2,Image 1,1,374,
4.99707,,Surface,2,Image 1,1,377,
3.95898,,Surface,2,Image 1,1,380,
1.76758,,Surface,2,Image 1,1,381,
2.51074,,Surface,2,Image 1,1,382,
5.73828,,Surface,2,Image 1,1,383,
3.87109,,Surface,2,Image 1,1,385,
56.75,,Surface,2,Image 1,1,386,
3.72266,,Surface,2,Image 1,1,387,
5.58398,,Surface,2,Image 1,1,388,
3.6123,,Surface,2,Image 1,1,389,
10.377,,Surface,2,Image 1,1,390,
4.40039,,Surface,2,Image 1,1,391,
6.76172,,Surface,2,Image 1,1,392,
4.71289,,Surface,2,Image 1,1,393,
2.91797,,Surface,2,Image 1,1,395,
3.53125,,Surface,2,Image 1,1,396,
10.9609,,Surface,2,Image 1,1,398,
8.11328,,Surface,2,Image 1,1,399,
3.88867,,Surface,2,Image 1,1,401,
5.04688,,Surface,2,Image 1,1,403,
21.8125,,Surface,2,Image 1,1,404,
83.9297,,Surface,2,Image 1,1,405,
8.30469,,Surface,2,Image 1,1,406,
4.77881,,Surface,2,Image 1,1,409,
3.14453,,Surface,2,Image 1,1,410,
8.25781,,Surface,2,Image 1,1,411,
5.63086,,Surface,2,Image 1,1,412,
9.25391,,Surface,2,Image 1,1,413,
6.89453,,Surface,2,Image 1,1,414,
5.28906,,Surface,2,Image 1,1,415,
111.125,,Surface,2,Image 1,1,416,
4.24023,,Surface,2,Image 1,1,418,
4.58984,,Surface,2,Image 1,1,419,
71.125,,Surface,2,Image 1,1,420,
12.0938,,Surface,2,Image 1,1,421,
3.44141,,Surface,2,Image 1,1,423,
3.95898,,Surface,2,Image 1,1,424,
3.50195,,Surface,2,Image 1,1,425,
10.0312,,Surface,2,Image 1,1,426,
12.5312,,Surface,2,Image 1,1,427,
3.42578,,Surface,2,Image 1,1,429,
26.25,,Surface,2,Image 1,1,430,
9.49219,,Surface,2,Image 1,1,431,
2.82031,,Surface,2,Image 1,1,432,
2.76709,,Surface,2,Image 1,1,433,
1.34473,,Surface,2,Image 1,1,434,
218.25,,Surface,2,Image 1,1,436,
10.5039,,Surface,2,Image 1,1,437,
7.91211,,Surface,2,Image 1,1,439,
10.1719,,Surface,2,Image 1,1,440,
68.375,,Surface,2,Image 1,1,442,
6.56836,,Surface,2,Image 1,1,443,
5.26953,,Surface,2,Image 1,1,445,
86.1953,,Surface,2,Image 1,1,446,
2.51465,,Surface,2,Image 1,1,447,
4.2793,,Surface,2,Image 1,1,448,
5.55176,,Surface,2,Image 1,1,449,
5.05469,,Surface,2,Image 1,1,450,
1.96777,,Surface,2,Image 1,1,451,
2.50049,,Surface,2,Image 1,1,453,
4.20117,,Surface,2,Image 1,1,454,
8.375,,Surface,2,Image 1,1,455,
24,,Surface,2,Image 1,1,456,
3.64258,,Surface,2,Image 1,1,457,
5.55469,,Surface,2,Image 1,1,458,
3.62207,,Surface,2,Image 1,1,459,
3.23633,,Surface,2,Image 1,1,461,
3.20508,,Surface,2,Image 1,1,462,
4.37305,,Surface,2,Image 1,1,463,
13.9375,,Surface,2,Image 1,1,464,
3.57617,,Surface,2,Image 1,1,465,
4.09375,,Surface,2,Image 1,1,466,
4.76172,,Surface,2,Image 1,1,467,
79.6562,,Surface,2,Image 1,1,469,
81,,Surface,2,Image 1,1,470,
1.75732,,Surface,2,Image 1,1,472,
2.44336,,Surface,2,Image 1,1,473,
104.5,,Surface,2,Image 1,1,474,
2.20117,,Surface,2,Image 1,1,476,
5.52344,,Surface,2,Image 1,1,477,
2.91016,,Surface,2,Image 1,1,478,
3.83984,,Surface,2,Image 1,1,479,
67.375,,Surface,2,Image 1,1,480,
126.375,,Surface,2,Image 1,1,481,
8.75,,Surface,2,Image 1,1,482,
3.25391,,Surface,2,Image 1,1,483,
5.27734,,Surface,2,Image 1,1,485,
7.67578,,Surface,2,Image 1,1,487,
34.9062,,Surface,2,Image 1,1,488,
8.625,,Surface,2,Image 1,1,489,
4.00684,,Surface,2,Image 1,1,490,
4.90625,,Surface,2,Image 1,1,491,
5.37109,,Surface,2,Image 1,1,493,
5.66406,,Surface,2,Image 1,1,494,
2.94922,,Surface,2,Image 1,1,495,
3.83984,,Surface,2,Image 1,1,496,
4.39453,,Surface,2,Image 1,1,497,
4.50977,,Surface,2,Image 1,1,498,
4.72461,,Surface,2,Image 1,1,500,
5.8418,,Surface,2,Image 1,1,501,
3.58008,,Surface,2,Image 1,1,502,
22.125,,Surface,2,Image 1,1,506,
5.57422,,Surface,2,Image 1,1,508,
73.75,,Surface,2,Image 1,1,511,
2.71875,,Surface,2,Image 1,1,512,
4.70898,,Surface,2,Image 1,1,513,
5.625,,Surface,2,Image 1,1,514,
4.41992,,Surface,2,Image 1,1,515,
5.25,,Surface,2,Image 1,1,516,
8.02539,,Surface,2,Image 1,1,518,
95.5,,Surface,2,Image 1,1,520,
5.04492,,Surface,2,Image 1,1,521,
19.4375,,Surface,2,Image 1,1,522,
6.79004,,Surface,2,Image 1,1,523,
5.64453,,Surface,2,Image 1,1,524,
11.0625,,Surface,2,Image 1,1,525,
4.62109,,Surface,2,Image 1,1,526,
162.125,,Surface,2,Image 1,1,527,
3.5625,,Surface,2,Image 1,1,528,
3.63477,,Surface,2,Image 1,1,532,
5.76562,,Surface,2,Image 1,1,533,
47.6875,,Surface,2,Image 1,1,534,
6.90625,,Surface,2,Image 1,1,535,
6.33789,,Surface,2,Image 1,1,536,
17.2734,,Surface,2,Image 1,1,538,
15.0703,,Surface,2,Image 1,1,539,
4.30273,,Surface,2,Image 1,1,540,
23.4688,,Surface,2,Image 1,1,541,
4.01367,,Surface,2,Image 1,1,542,
6.77734,,Surface,2,Image 1,1,543,
7.5625,,Surface,2,Image 1,1,544,
6.10547,,Surface,2,Image 1,1,545,
16.3633,,Surface,2,Image 1,1,546,
8.61914,,Surface,2,Image 1,1,547,
7.34375,,Surface,2,Image 1,1,548,
38.1875,,Surface,2,Image 1,1,550,
4.60938,,Surface,2,Image 1,1,551,
7.41016,,Surface,2,Image 1,1,552,
6.46484,,Surface,2,Image 1,1,553,
6.38867,,Surface,2,Image 1,1,554,
2.69336,,Surface,2,Image 1,1,556,
5.42188,,Surface,2,Image 1,1,557,
32,,Surface,2,Image 1,1,559,
6.97461,,Surface,2,Image 1,1,562,
8.48438,,Surface,2,Image 1,1,563,
128,,Surface,2,Image 1,1,564,
7.32227,,Surface,2,Image 1,1,565,
10.125,,Surface,2,Image 1,1,566,
47.125,,Surface,2,Image 1,1,568,
3.61646,,Surface,2,Image 1,1,569,
2.50732,,Surface,2,Image 1,1,570,
2.854,,Surface,2,Image 1,1,571,
21.9375,,Surface,2,Image 1,1,572,
3.07825,,Surface,2,Image 1,1,573,
4.08105,,Surface,2,Image 1,1,577,
4.83789,,Surface,2,Image 1,1,578,
2.50391,,Surface,2,Image 1,1,579,
8.54688,,Surface,2,Image 1,1,580,
18.375,,Surface,2,Image 1,1,582,
2.88672,,Surface,2,Image 1,1,583,
1.4043,,Surface,2,Image 1,1,584,
3.93555,,Surface,2,Image 1,1,585,
3.375,,Surface,2,Image 1,1,586,
5.61719,,Surface,2,Image 1,1,588,
4.09766,,Surface,2,Image 1,1,589,
5.14453,,Surface,2,Image 1,1,591,
66.25,,Surface,2,Image 1,1,592,
4.08203,,Surface,2,Image 1,1,593,
5.35547,,Surface,2,Image 1,1,594,
7.10547,,Surface,2,Image 1,1,595,
9.85156,,Surface,2,Image 1,1,596,
3.93848,,Surface,2,Image 1,1,597,
4.1416,,Surface,2,Image 1,1,598,
3.51953,,Surface,2,Image 1,1,599,
4.47461,,Surface,2,Image 1,1,600,
2.88086,,Surface,2,Image 1,1,602,
51.375,,Surface,2,Image 1,1,603,
3.58398,,Surface,2,Image 1,1,604,
7.53711,,Surface,2,Image 1,1,605,
21.375,,Surface,2,Image 1,1,606,
9.48047,,Surface,2,Image 1,1,607,
3.61816,,Surface,2,Image 1,1,608,
2.30664,,Surface,2,Image 1,1,609,
5.19141,,Surface,2,Image 1,1,611,
3.23242,,Surface,2,Image 1,1,612,
3.93945,,Surface,2,Image 1,1,613,
10.6875,,Surface,2,Image 1,1,614,
2.22754,,Surface,2,Image 1,1,617,
8.96484,,Surface,2,Image 1,1,618,
9.7207,,Surface,2,Image 1,1,619,
5.97266,,Surface,2,Image 1,1,620,
5.35254,,Surface,2,Image 1,1,621,
4.75781,,Surface,2,Image 1,1,623,
5.49609,,Surface,2,Image 1,1,624,
37.8125,,Surface,2,Image 1,1,626,
3.17578,,Surface,2,Image 1,1,627,
6.40039,,Surface,2,Image 1,1,628,
4.72266,,Surface,2,Image 1,1,629,
3.97461,,Surface,2,Image 1,1,630,
263.75,,Surface,2,Image 1,1,631,
5.32031,,Surface,2,Image 1,1,632,
2.86523,,Surface,2,Image 1,1,633,
6.02734,,Surface,2,Image 1,1,634,
10.7578,,Surface,2,Image 1,1,635,
3.49805,,Surface,2,Image 1,1,636,
5.27051,,Surface,2,Image 1,1,637,
2.84961,,Surface,2,Image 1,1,638,
5.05469,,Surface,2,Image 1,1,639,
4.43945,,Surface,2,Image 1,1,641,
5.18945,,Surface,2,Image 1,1,642,
9.12109,,Surface,2,Image 1,1,643,
3.27148,,Surface,2,Image 1,1,644,
4.04688,,Surface,2,Image 1,1,645,
2.32129,,Surface,2,Image 1,1,646,
4.68555,,Surface,2,Image 1,1,648,
6.77344,,Surface,2,Image 1,1,649,
5.34375,,Surface,2,Image 1,1,651,
5.25,,Surface,2,Image 1,1,652,
13.9688,,Surface,2,Image 1,1,653,
3.4834,,Surface,2,Image 1,1,654,
5.95117,,Surface,2,Image 1,1,656,
5.15625,,Surface,2,Image 1,1,657,
5.03516,,Surface,2,Image 1,1,659,
4.47266,,Surface,2,Image 1,1,661,
41.5,,Surface,2,Image 1,1,662,
7.53125,,Surface,2,Image 1,1,663,
8.89453,,Surface,2,Image 1,1,665,
2.52148,,Surface,2,Image 1,1,666,
4.71484,,Surface,2,Image 1,1,667,
11.375,,Surface,2,Image 1,1,669,
8.32031,,Surface,2,Image 1,1,671,
5.01172,,Surface,2,Image 1,1,672,
7.31641,,Surface,2,Image 1,1,673,
5.41016,,Surface,2,Image 1,1,674,
2.6582,,Surface,2,Image 1,1,675,
3.21973,,Surface,2,Image 1,1,676,
6.14453,,Surface,2,Image 1,1,677,
4.92578,,Surface,2,Image 1,1,678,
6.5957,,Surface,2,Image 1,1,679,
5.43359,,Surface,2,Image 1,1,681,
4.43359,,Surface,2,Image 1,1,683,
3.68359,,Surface,2,Image 1,1,684,
1.70703,,Surface,2,Image 1,1,687,
4.90039,,Surface,2,Image 1,1,688,
9.82422,,Surface,2,Image 1,1,689,
4.81836,,Surface,2,Image 1,1,691,
7.40625,,Surface,2,Image 1,1,692,
4.61914,,Surface,2,Image 1,1,693,
4.86328,,Surface,2,Image 1,1,695,
9.53125,,Surface,2,Image 1,1,696,
7.78711,,Surface,2,Image 1,1,697,
9.07031,,Surface,2,Image 1,1,698,
4.48828,,Surface,2,Image 1,1,699,
3.75781,,Surface,2,Image 1,1,700,
3.6748,,Surface,2,Image 1,1,701,
4.86328,,Surface,2,Image 1,1,702,
7.1709,,Surface,2,Image 1,1,703,
2.67969,,Surface,2,Image 1,1,705,
4.59766,,Surface,2,Image 1,1,707,
6.63672,,Surface,2,Image 1,1,708,
11.9648,,Surface,2,Image 1,1,709,
6.09375,,Surface,2,Image 1,1,711,
5.13867,,Surface,2,Image 1,1,712,
3.72852,,Surface,2,Image 1,1,713,
5.78711,,Surface,2,Image 1,1,714,
6.12891,,Surface,2,Image 1,1,717,
2.98047,,Surface,2,Image 1,1,719,
6.85547,,Surface,2,Image 1,1,720,
7.79102,,Surface,2,Image 1,1,721,
10.7812,,Surface,2,Image 1,1,723,
2.13672,,Surface,2,Image 1,1,724,
9.875,,Surface,2,Image 1,1,725,
2.01709,,Surface,2,Image 1,1,726,
4.74609,,Surface,2,Image 1,1,727,
1.83789,,Surface,2,Image 1,1,728,
4.21826,,Surface,2,Image 1,1,729,
6.75977,,Surface,2,Image 1,1,730,
3.14062,,Surface,2,Image 1,1,731,
3.45898,,Surface,2,Image 1,1,734,
4.28516,,Surface,2,Image 1,1,735,
3.28271,,Surface,2,Image 1,1,736,
3.14453,,Surface,2,Image 1,1,737,
8.5,,Surface,2,Image 1,1,739,
13.0312,,Surface,2,Image 1,1,743,
7.125,,Surface,2,Image 1,1,744,
9.19531,,Surface,2,Image 1,1,745,
4.54688,,Surface,2,Image 1,1,746,
6.36426,,Surface,2,Image 1,1,747,
1.20386,,Surface,2,Image 1,1,748,
2.67969,,Surface,2,Image 1,1,749,
6.375,,Surface,2,Image 1,1,750,
4.0625,,Surface,2,Image 1,1,753,
4.43359,,Surface,2,Image 1,1,754,
3.08203,,Surface,2,Image 1,1,757,
3.37012,,Surface,2,Image 1,1,760,
4.34961,,Surface,2,Image 1,1,762,
2.5918,,Surface,2,Image 1,1,763,
4.02344,,Surface,2,Image 1,1,764,
8.27734,,Surface,2,Image 1,1,765,
3.42188,,Surface,2,Image 1,1,766,
5.74219,,Surface,2,Image 1,1,767,
4.27539,,Surface,2,Image 1,1,768,
5.375,,Surface,2,Image 1,1,769,
7.89453,,Surface,2,Image 1,1,770,
5.45312,,Surface,2,Image 1,1,771,
5,,Surface,2,Image 1,1,772,
5.69922,,Surface,2,Image 1,1,776,
19.7188,,Surface,2,Image 1,1,779,
13.7695,,Surface,2,Image 1,1,780,
6.24609,,Surface,2,Image 1,1,781,
102.75,,Surface,2,Image 1,1,783,
4.27832,,Surface,2,Image 1,1,786,
7.34375,,Surface,2,Image 1,1,787,
3.00684,,Surface,2,Image 1,1,789,
9.62207,,Surface,2,Image 1,1,790,
5.65234,,Surface,2,Image 1,1,791,
5.80469,,Surface,2,Image 1,1,792,
5.99609,,Surface,2,Image 1,1,793,
6.10547,,Surface,2,Image 1,1,794,
4.89648,,Surface,2,Image 1,1,796,
7.5625,,Surface,2,Image 1,1,797,
15.1719,,Surface,2,Image 1,1,798,
3.36914,,Surface,2,Image 1,1,799,
2.25244,,Surface,2,Image 1,1,800,
5.3418,,Surface,2,Image 1,1,801,
23.75,,Surface,2,Image 1,1,803,
7.49219,,Surface,2,Image 1,1,804,
3.40039,,Surface,2,Image 1,1,805,
2.42871,,Surface,2,Image 1,1,807,
2.15186,,Surface,2,Image 1,1,809,
1.8324,,Surface,2,Image 1,1,810,
29.2578,,Surface,2,Image 1,1,811,
2.12305,,Surface,2,Image 1,1,812,
4.86719,,Surface,2,Image 1,1,813,
8.85938,,Surface,2,Image 1,1,815,
5.65625,,Surface,2,Image 1,1,817,
3.39453,,Surface,2,Image 1,1,818,
6.91797,,Surface,2,Image 1,1,819,
4.50977,,Surface,2,Image 1,1,820,
258.75,,Surface,2,Image 1,1,821,
7.24805,,Surface,2,Image 1,1,823,
4.52246,,Surface,2,Image 1,1,824,
3.17285,,Surface,2,Image 1,1,825,
1.79004,,Surface,2,Image 1,1,826,
2.36426,,Surface,2,Image 1,1,827,
3.125,,Surface,2,Image 1,1,828,
2.79492,,Surface,2,Image 1,1,829,
5.28906,,Surface,2,Image 1,1,830,
5.72656,,Surface,2,Image 1,1,833,
4.83984,,Surface,2,Image 1,1,836,
8.78125,,Surface,2,Image 1,1,837,
5.28125,,Surface,2,Image 1,1,840,
3.26758,,Surface,2,Image 1,1,843,
7.8125,,Surface,2,Image 1,1,846,
4.86035,,Surface,2,Image 1,1,847,
5.14062,,Surface,2,Image 1,1,848,
4.45703,,Surface,2,Image 1,1,849,
5.92188,,Surface,2,Image 1,1,851,
5.69531,,Surface,2,Image 1,1,852,
9.21094,,Surface,2,Image 1,1,854,
2.88281,,Surface,2,Image 1,1,857,
2.29395,,Surface,2,Image 1,1,860,
4.86719,,Surface,2,Image 1,1,862,
3.33984,,Surface,2,Image 1,1,863,
5.77734,,Surface,2,Image 1,1,865,
3.85059,,Surface,2,Image 1,1,870,
13.7969,,Surface,2,Image 1,1,873,
10.6172,,Surface,2,Image 1,1,875,
8.69531,,Surface,2,Image 1,1,877,
11.9688,,Surface,2,Image 1,1,879,
6.96094,,Surface,2,Image 1,1,881,
8.91406,,Surface,2,Image 1,1,883,
1.86914,,Surface,2,Image 1,1,885,
2.08105,,Surface,2,Image 1,1,886,
4.36328,,Surface,2,Image 1,1,887,
3.35547,,Surface,2,Image 1,1,891,
6.52344,,Surface,2,Image 1,1,892,
5.20312,,Surface,2,Image 1,1,899,
3.48486,,Surface,2,Image 1,1,901,
7.22656,,Surface,2,Image 1,1,903,
9.125,,Surface,2,Image 1,1,905,
3.17676,,Surface,2,Image 1,1,906,
12.75,,Surface,2,Image 1,1,907,
1.31958,,Surface,2,Image 1,1,908,
4.84766,,Surface,2,Image 1,1,909,
3.19824,,Surface,2,Image 1,1,920,
9.75,,Surface,2,Image 1,1,922,
4.94531,,Surface,2,Image 1,1,924,
7.37891,,Surface,2,Image 1,1,929,
20.25,,Surface,2,Image 1,1,935,
6.98438,,Surface,2,Image 1,1,937,
3.57617,,Surface,2,Image 1,1,938,
112.75,,Surface,2,Image 1,1,943,
4.1582,,Surface,2,Image 1,1,949,
0.910645,,Surface,2,Image 1,1,953,
91.75,,Surface,2,Image 1,1,956,
9.625,,Surface,2,Image 1,1,960,
17.875,,Surface,2,Image 1,1,962,
6.29297,,Surface,2,Image 1,1,964,
2.07129,,Surface,2,Image 1,1,965,
4.50781,,Surface,2,Image 1,1,968,
7.52344,,Surface,2,Image 1,1,977,
3.80078,,Surface,2,Image 1,1,978,
5.58203,,Surface,2,Image 1,1,987,
7.62109,,Surface,2,Image 1,1,990,
5.60938,,Surface,2,Image 1,1,991,
7.61719,,Surface,2,Image 1,1,995,
5.25,,Surface,2,Image 1,1,996,
4.03711,,Surface,2,Image 1,1,1002,
2.81641,,Surface,2,Image 1,1,1004,
4.44922,,Surface,2,Image 1,1,1006,
7.19531,,Surface,2,Image 1,1,1010,
6.73438,,Surface,2,Image 1,1,1011,
131.75,,Surface,2,Image 1,1,1013,
1.15625,,Surface,2,Image 1,1,1019,
8,,Surface,2,Image 1,1,1024,
5.125,,Surface,2,Image 1,1,1026,
1.26953,,Surface,2,Image 1,1,1031,
7.39062,,Surface,2,Image 1,1,1033,
11,,Surface,2,Image 1,1,1044,
8.46094,,Surface,2,Image 1,1,1045,
10.75,,Surface,2,Image 1,1,1047,
6.53906,,Surface,2,Image 1,1,1052,
5.19336,,Surface,2,Image 1,1,1055,
38.5,,Surface,2,Image 1,1,1056,
6.70312,,Surface,2,Image 1,1,1061,
8.52344,,Surface,2,Image 1,1,1064,
5.77734,,Surface,2,Image 1,1,1077,
6.9375,,Surface,2,Image 1,1,1084,
7.24609,,Surface,2,Image 1,1,1089,
6.82422,,Surface,2,Image 1,1,1098,
7.53125,,Surface,2,Image 1,1,1104,
3.30859,,Surface,2,Image 1,1,1107,
6.50391,,Surface,2,Image 1,1,1109,
2.22559,,Surface,2,Image 1,1,1110,
5.72266,,Surface,2,Image 1,1,1114,
6.24609,,Surface,2,Image 1,1,1115,
4.54736,,Surface,2,Image 1,1,1130,
4.88867,,Surface,2,Image 1,1,1131,
5.82031,,Surface,2,Image 1,1,1139,
3.34375,,Surface,2,Image 1,1,1150,
9.125,,Surface,2,Image 1,1,1152,
2.60791,,Surface,2,Image 1,1,1156,
6.11328,,Surface,2,Image 1,1,1159,
2.84766,,Surface,2,Image 1,1,1161,
5.97266,,Surface,2,Image 1,1,1164,
6.11328,,Surface,2,Image 1,1,1168,
6.18359,,Surface,2,Image 1,1,1182,
4.8125,,Surface,2,Image 1,1,1186,
6.03125,,Surface,2,Image 1,1,1197,
7.23438,,Surface,2,Image 1,1,1201,
6.39062,,Surface,2,Image 1,1,1209,
7.78516,,Surface,2,Image 1,1,1213,
7.04297,,Surface,2,Image 1,1,1218,
17.25,,Surface,2,Image 1,1,1228,
8.875,,Surface,2,Image 1,1,1235,
7.77344,,Surface,2,Image 1,1,1252,
8.375,,Surface,2,Image 1,1,1257,
7.1875,,Surface,2,Image 1,1,1259,
5.54297,,Surface,2,Image 1,1,1262,
6.53418,,Surface,2,Image 1,1,1269,
18.5,,Surface,2,Image 1,1,1276,
6.39844,,Surface,2,Image 1,1,1281,
7.74414,,Surface,2,Image 1,1,1283,
5.68555,,Surface,2,Image 1,1,1284,
9.625,,Surface,2,Image 1,1,1288,
5.61328,,Surface,2,Image 1,1,1302,
8.15625,,Surface,2,Image 1,1,1303,
6.14453,,Surface,2,Image 1,1,1310,
5.47266,,Surface,2,Image 1,1,1317,
5.38281,,Surface,2,Image 1,1,1326,
16.2734,,Surface,2,Image 1,1,1328,
5.32422,,Surface,2,Image 1,1,1331,
6.33594,,Surface,2,Image 1,1,1336,
6.42578,,Surface,2,Image 1,1,1337,
7.83984,,Surface,2,Image 1,1,1345,
8.23438,,Surface,2,Image 1,1,1352,
3.7124,,Surface,2,Image 1,1,1353,
5.91797,,Surface,2,Image 1,1,1356,
9.40625,,Surface,2,Image 1,1,1358,
7.33594,,Surface,2,Image 1,1,1359,
5.23828,,Surface,2,Image 1,1,1360,
6.5,,Surface,2,Image 1,1,1363,
6.00781,,Surface,2,Image 1,1,1374,
7.48438,,Surface,2,Image 1,1,1376,
4.46094,,Surface,2,Image 1,1,1377,
19.8047,,Surface,2,Image 1,1,1378,
10.3828,,Surface,2,Image 1,1,1380,
12.1875,,Surface,2,Image 1,1,1382,
8.22266,,Surface,2,Image 1,1,1383,
1.80457,,Surface,2,Image 1,1,1387,
10.6641,,Surface,2,Image 1,1,1388,
8.24609,,Surface,2,Image 1,1,1389,
7.46094,,Surface,2,Image 1,1,1390,
8.34375,,Surface,2,Image 1,1,1392,
11.3359,,Surface,2,Image 1,1,1393,
13.3594,,Surface,2,Image 1,1,1398,
6.78125,,Surface,2,Image 1,1,1400,
9.26953,,Surface,2,Image 1,1,1401,
0.820557,,Surface,2,Image 1,1,1402,
6.53516,,Surface,2,Image 1,1,1404,
8.92969,,Surface,2,Image 1,1,1407,
18.0273,,Surface,2,Image 1,1,1410,
17.2812,,Surface,2,Image 1,1,1411,
2.68457,,Surface,2,Image 1,1,1412,
13.2031,,Surface,2,Image 1,1,1414,
12.5,,Surface,2,Image 1,1,1417,
6.77344,,Surface,2,Image 1,1,1418,
8.50781,,Surface,2,Image 1,1,1424,
14.5312,,Surface,2,Image 1,1,1425,
10.0742,,Surface,2,Image 1,1,1426,
9.78906,,Surface,2,Image 1,1,1432,
7.375,,Surface,2,Image 1,1,1434,
1.53174,,Surface,2,Image 1,1,1438,
20.8203,,Surface,2,Image 1,1,1441,
21.5234,,Surface,2,Image 1,1,1444,
25.5781,,Surface,2,Image 1,1,1445,
12.7891,,Surface,2,Image 1,1,1446,
14.25,,Surface,2,Image 1,1,1450,
20.5703,,Surface,2,Image 1,1,1453,
17.4668,,Surface,2,Image 1,1,1455,
18.8203,,Surface,2,Image 1,1,1460,
20.2266,,Surface,2,Image 1,1,1461,
22.1484,,Surface,2,Image 1,1,1462,
23.0781,,Surface,2,Image 1,1,1464,
15.4141,,Surface,2,Image 1,1,1465,
20.7812,,Surface,2,Image 1,1,1466,
30.3438,,Surface,2,Image 1,1,1469,
6.63281,,Surface,2,Image 1,1,1470,
14.8906,,Surface,2,Image 1,1,1471,
20.125,,Surface,2,Image 1,1,1477,
12.6406,,Surface,2,Image 1,1,1479,
23.2734,,Surface,2,Image 1,1,1480,
27.1484,,Surface,2,Image 1,1,1481,
25.8594,,Surface,2,Image 1,1,1485,
33.6719,,Surface,2,Image 1,1,1487,
7.03906,,Surface,2,Image 1,1,1488,
17.9297,,Surface,2,Image 1,1,1489,
6.62891,,Surface,2,Image 1,1,1491,
12.5781,,Surface,2,Image 1,1,1495,
19.2891,,Surface,2,Image 1,1,1496,
2.09619,,Surface,2,Image 1,1,1497,
24.4219,,Surface,2,Image 1,1,1503,
12.0625,,Surface,2,Image 1,1,1505,
17.5938,,Surface,2,Image 1,1,1506,
27.3906,,Surface,2,Image 1,1,1508,
19.2656,,Surface,2,Image 1,1,1509,
5.8291,,Surface,2,Image 1,1,1511,
29.2344,,Surface,2,Image 1,1,1516,
8.82031,,Surface,2,Image 1,1,1518,
10.9062,,Surface,2,Image 1,1,1519,
5.33789,,Surface,2,Image 1,1,1520,
19.7461,,Surface,2,Image 1,1,1523,
4.70898,,Surface,2,Image 1,1,1524,
19.9453,,Surface,2,Image 1,1,1527,
5.83496,,Surface,2,Image 1,1,1528,
18.4531,,Surface,2,Image 1,1,1529,
23.0312,,Surface,2,Image 1,1,1530,
29.2656,,Surface,2,Image 1,1,1532,
20.5781,,Surface,2,Image 1,1,1533,
8.15625,,Surface,2,Image 1,1,1536,
31.6719,,Surface,2,Image 1,1,1538,
13.9766,,Surface,2,Image 1,1,1541,
19.3281,,Surface,2,Image 1,1,1543,
27.6641,,Surface,2,Image 1,1,1548,
22.2344,,Surface,2,Image 1,1,1549,
13.1094,,Surface,2,Image 1,1,1550,
26.0391,,Surface,2,Image 1,1,1551,
25.1094,,Surface,2,Image 1,1,1552,
26.1328,,Surface,2,Image 1,1,1553,
6.09375,,Surface,2,Image 1,1,1554,
27.8594,,Surface,2,Image 1,1,1556,
16.1719,,Surface,2,Image 1,1,1557,
14.6719,,Surface,2,Image 1,1,1558,
17.9141,,Surface,2,Image 1,1,1559,
22.2891,,Surface,2,Image 1,1,1561,
28.1484,,Surface,2,Image 1,1,1563,
22.3906,,Surface,2,Image 1,1,1569,
15.7891,,Surface,2,Image 1,1,1571,
21.3203,,Surface,2,Image 1,1,1572,
16.6641,,Surface,2,Image 1,1,1574,
18.1719,,Surface,2,Image 1,1,1578,
25.9844,,Surface,2,Image 1,1,1582,
20.8672,,Surface,2,Image 1,1,1583,
9.79688,,Surface,2,Image 1,1,1584,
22.3906,,Surface,2,Image 1,1,1585,
26.2734,,Surface,2,Image 1,1,1586,
5.29688,,Surface,2,Image 1,1,1587,
28.918,,Surface,2,Image 1,1,1588,
18.2969,,Surface,2,Image 1,1,1589,
19.7773,,Surface,2,Image 1,1,1592,
23.9766,,Surface,2,Image 1,1,1595,
9.70312,,Surface,2,Image 1,1,1597,
23.4375,,Surface,2,Image 1,1,1598,
21.1641,,Surface,2,Image 1,1,1601,
19.6875,,Surface,2,Image 1,1,1604,
27.3047,,Surface,2,Image 1,1,1605,
9.64062,,Surface,2,Image 1,1,1606,
19.4219,,Surface,2,Image 1,1,1607,
16.1641,,Surface,2,Image 1,1,1611,
27.9062,,Surface,2,Image 1,1,1615,
27.1719,,Surface,2,Image 1,1,1616,
11.1328,,Surface,2,Image 1,1,1618,
23.9453,,Surface,2,Image 1,1,1619,
26.3203,,Surface,2,Image 1,1,1621,
18.5625,,Surface,2,Image 1,1,1622,
11.25,,Surface,2,Image 1,1,1624,
22.1172,,Surface,2,Image 1,1,1625,
10.125,,Surface,2,Image 1,1,1626,
19.5781,,Surface,2,Image 1,1,1627,
34.5469,,Surface,2,Image 1,1,1630,
17.6562,,Surface,2,Image 1,1,1631,
20.4609,,Surface,2,Image 1,1,1634,
25.1484,,Surface,2,Image 1,1,1635,
11.125,,Surface,2,Image 1,1,1638,
27.6328,,Surface,2,Image 1,1,1639,
6.82422,,Surface,2,Image 1,1,1640,
9.34766,,Surface,2,Image 1,1,1641,
26.2344,,Surface,2,Image 1,1,1645,
17.8477,,Surface,2,Image 1,1,1655,
19.3594,,Surface,2,Image 1,1,1658,
17.1016,,Surface,2,Image 1,1,1659,
27.6172,,Surface,2,Image 1,1,1660,
31.5234,,Surface,2,Image 1,1,1664,
29.9766,,Surface,2,Image 1,1,1665,
14.6719,,Surface,2,Image 1,1,1666,
27.625,,Surface,2,Image 1,1,1667,
26.8906,,Surface,2,Image 1,1,1670,
18.125,,Surface,2,Image 1,1,1672,
18.7734,,Surface,2,Image 1,1,1673,
17.2812,,Surface,2,Image 1,1,1675,
20.6328,,Surface,2,Image 1,1,1677,
9.13672,,Surface,2,Image 1,1,1678,
20.8125,,Surface,2,Image 1,1,1679,
29.1875,,Surface,2,Image 1,1,1680,
7.22656,,Surface,2,Image 1,1,1682,
17.3594,,Surface,2,Image 1,1,1684,
11.8203,,Surface,2,Image 1,1,1688,
17.0469,,Surface,2,Image 1,1,1690,
32.5391,,Surface,2,Image 1,1,1691,
21.7891,,Surface,2,Image 1,1,1692,
24.8984,,Surface,2,Image 1,1,1695,
24.5547,,Surface,2,Image 1,1,1697,
10.3984,,Surface,2,Image 1,1,1699,
18.6836,,Surface,2,Image 1,1,1701,
20.2344,,Surface,2,Image 1,1,1710,
3.89062,,Surface,2,Image 1,1,1711,
17.9922,,Surface,2,Image 1,1,1714,
7.07422,,Surface,2,Image 1,1,1715,
3.06836,,Surface,2,Image 1,1,1716,
10.0781,,Surface,2,Image 1,1,1718,
13.8125,,Surface,2,Image 1,1,1719,
15.2656,,Surface,2,Image 1,1,1722,
13.1328,,Surface,2,Image 1,1,1724,
5.4502,,Surface,2,Image 1,1,1726,
12,,Surface,2,Image 1,1,1727,
5.96094,,Surface,2,Image 1,1,1730,
8.79688,,Surface,2,Image 1,1,1734,
20.918,,Surface,2,Image 1,1,1735,
18.418,,Surface,2,Image 1,1,1738,
14.125,,Surface,2,Image 1,1,1740,
15.5078,,Surface,2,Image 1,1,1741,
15.3477,,Surface,2,Image 1,1,1744,
27.5352,,Surface,2,Image 1,1,1747,
24.6328,,Surface,2,Image 1,1,1748,
17.2188,,Surface,2,Image 1,1,1749,
25.1641,,Surface,2,Image 1,1,1750,
23.6328,,Surface,2,Image 1,1,1755,
8.55078,,Surface,2,Image 1,1,1757,
4.96289,,Surface,2,Image 1,1,1761,
16.7109,,Surface,2,Image 1,1,1762,
23.6406,,Surface,2,Image 1,1,1763,
32.4688,,Surface,2,Image 1,1,1764,
23.6641,,Surface,2,Image 1,1,1765,
33.2344,,Surface,2,Image 1,1,1767,
8.21875,,Surface,2,Image 1,1,1770,
22.9375,,Surface,2,Image 1,1,1771,
14.1016,,Surface,2,Image 1,1,1773,
8.30078,,Surface,2,Image 1,1,1775,
30.6172,,Surface,2,Image 1,1,1777,
29.3203,,Surface,2,Image 1,1,1778,
91.125,,Surface,2,Image 1,1,1780,
25.9531,,Surface,2,Image 1,1,1782,
22.8828,,Surface,2,Image 1,1,1783,
24.1328,,Surface,2,Image 1,1,1784,
13.2188,,Surface,2,Image 1,1,1786,
23.1953,,Surface,2,Image 1,1,1787,
19.1328,,Surface,2,Image 1,1,1789,
7.80469,,Surface,2,Image 1,1,1793,
22.4844,,Surface,2,Image 1,1,1796,
16.9297,,Surface,2,Image 1,1,1797,
10.8438,,Surface,2,Image 1,1,1800,
14.4688,,Surface,2,Image 1,1,1806,
19.1758,,Surface,2,Image 1,1,1807,
24.4453,,Surface,2,Image 1,1,1809,
26.2031,,Surface,2,Image 1,1,1810,
7.21094,,Surface,2,Image 1,1,1812,
12.6641,,Surface,2,Image 1,1,1813,
12.6992,,Surface,2,Image 1,1,1814,
26.3906,,Surface,2,Image 1,1,1817,
17.4766,,Surface,2,Image 1,1,1818,
20.5273,,Surface,2,Image 1,1,1821,
16.4062,,Surface,2,Image 1,1,1822,
20.2891,,Surface,2,Image 1,1,1824,
21.4688,,Surface,2,Image 1,1,1825,
27.0469,,Surface,2,Image 1,1,1827,
17.5547,,Surface,2,Image 1,1,1828,
30.8438,,Surface,2,Image 1,1,1829,
8.79297,,Surface,2,Image 1,1,1830,
6.00195,,Surface,2,Image 1,1,1832,
22.6445,,Surface,2,Image 1,1,1834,
3.96387,,Surface,2,Image 1,1,1836,
11.3984,,Surface,2,Image 1,1,1837,
8.33203,,Surface,2,Image 1,1,1839,
18.2656,,Surface,2,Image 1,1,1840,
11.8281,,Surface,2,Image 1,1,1844,
25.2188,,Surface,2,Image 1,1,1846,
17.6641,,Surface,2,Image 1,1,1847,
37.8594,,Surface,2,Image 1,1,1849,
11.5781,,Surface,2,Image 1,1,1852,
6.03125,,Surface,2,Image 1,1,1853,
28.3516,,Surface,2,Image 1,1,1856,
17.207,,Surface,2,Image 1,1,1858,
14.2422,,Surface,2,Image 1,1,1861,
24.4844,,Surface,2,Image 1,1,1866,
6.73242,,Surface,2,Image 1,1,1867,
10.4414,,Surface,2,Image 1,1,1869,
21.5938,,Surface,2,Image 1,1,1872,
4.58789,,Surface,2,Image 1,1,1874,
5.89453,,Surface,2,Image 1,1,1877,
8.66406,,Surface,2,Image 1,1,1878,
26.3438,,Surface,2,Image 1,1,1879,
6.08398,,Surface,2,Image 1,1,1882,
5.98828,,Surface,2,Image 1,1,1884,
22.6875,,Surface,2,Image 1,1,1885,
24.3984,,Surface,2,Image 1,1,1886,
21.2617,,Surface,2,Image 1,1,1887,
6.16406,,Surface,2,Image 1,1,1889,
9.73438,,Surface,2,Image 1,1,1890,
6.64062,,Surface,2,Image 1,1,1891,
27.5977,,Surface,2,Image 1,1,1894,
3.57227,,Surface,2,Image 1,1,1898,
20.2578,,Surface,2,Image 1,1,1899,
17.9062,,Surface,2,Image 1,1,1901,
21.8555,,Surface,2,Image 1,1,1903,
5.14648,,Surface,2,Image 1,1,1904,
19.0859,,Surface,2,Image 1,1,1906,
23.4297,,Surface,2,Image 1,1,1908,
13.3906,,Surface,2,Image 1,1,1909,
34.2891,,Surface,2,Image 1,1,1910,
14.4062,,Surface,2,Image 1,1,1911,
16.0469,,Surface,2,Image 1,1,1913,
14.8281,,Surface,2,Image 1,1,1916,
10.3008,,Surface,2,Image 1,1,1918,
19.4609,,Surface,2,Image 1,1,1920,
24.5156,,Surface,2,Image 1,1,1921,
11.7422,,Surface,2,Image 1,1,1922,
7.41016,,Surface,2,Image 1,1,1924,
10.2422,,Surface,2,Image 1,1,1925,
8.14844,,Surface,2,Image 1,1,1926,
27.9453,,Surface,2,Image 1,1,1927,
7.33203,,Surface,2,Image 1,1,1928,
4.76172,,Surface,2,Image 1,1,1930,
14.4844,,Surface,2,Image 1,1,1932,
5.33789,,Surface,2,Image 1,1,1933,
23.8359,,Surface,2,Image 1,1,1934,
6.86719,,Surface,2,Image 1,1,1935,
4.70898,,Surface,2,Image 1,1,1936,
6.02246,,Surface,2,Image 1,1,1940,
31.2891,,Surface,2,Image 1,1,1941,
14.5156,,Surface,2,Image 1,1,1942,
9.375,,Surface,2,Image 1,1,1943,
12.3008,,Surface,2,Image 1,1,1945,
5.38867,,Surface,2,Image 1,1,1948,
15.2891,,Surface,2,Image 1,1,1950,
7.16797,,Surface,2,Image 1,1,1951,
31.2969,,Surface,2,Image 1,1,1954,
8.67969,,Surface,2,Image 1,1,1955,
21.9141,,Surface,2,Image 1,1,1961,
12.2109,,Surface,2,Image 1,1,1962,
31.1484,,Surface,2,Image 1,1,1963,
16.8281,,Surface,2,Image 1,1,1966,
3.58984,,Surface,2,Image 1,1,1967,
2.82227,,Surface,2,Image 1,1,1973,
7.71875,,Surface,2,Image 1,1,1975,
30.3594,,Surface,2,Image 1,1,1977,
16.0469,,Surface,2,Image 1,1,1979,
3.29297,,Surface,2,Image 1,1,1980,
17.6094,,Surface,2,Image 1,1,1981,
7.48047,,Surface,2,Image 1,1,1982,
10.4141,,Surface,2,Image 1,1,1983,
23.8125,,Surface,2,Image 1,1,1984,
22.2422,,Surface,2,Image 1,1,1987,
20.5547,,Surface,2,Image 1,1,1988,
19.5781,,Surface,2,Image 1,1,1989,
13.1758,,Surface,2,Image 1,1,1990,
10.9844,,Surface,2,Image 1,1,1992,
15.3438,,Surface,2,Image 1,1,1993,
17.7812,,Surface,2,Image 1,1,1995,
18.4688,,Surface,2,Image 1,1,1997,
7.62891,,Surface,2,Image 1,1,1999,
5.23633,,Surface,2,Image 1,1,2000,
9.47656,,Surface,2,Image 1,1,2001,
10.1641,,Surface,2,Image 1,1,2002,
23.7617,,Surface,2,Image 1,1,2006,
7.90625,,Surface,2,Image 1,1,2007,
5.57031,,Surface,2,Image 1,1,2008,
16.4297,,Surface,2,Image 1,1,2010,
13.5234,,Surface,2,Image 1,1,2012,
5.86719,,Surface,2,Image 1,1,2013,
17.5625,,Surface,2,Image 1,1,2015,
25.7188,,Surface,2,Image 1,1,2016,
5.69727,,Surface,2,Image 1,1,2020,
22.5156,,Surface,2,Image 1,1,2023,
8.39062,,Surface,2,Image 1,1,2024,
5.55078,,Surface,2,Image 1,1,2025,
7.86328,,Surface,2,Image 1,1,2027,
7.37891,,Surface,2,Image 1,1,2028,
4.03516,,Surface,2,Image 1,1,2029,
5.52148,,Surface,2,Image 1,1,2030,
4.58008,,Surface,2,Image 1,1,2033,
5.88086,,Surface,2,Image 1,1,2034,
2.57568,,Surface,2,Image 1,1,2035,
13.8125,,Surface,2,Image 1,1,2036,
6.56152,,Surface,2,Image 1,1,2038,
8.32617,,Surface,2,Image 1,1,2039,
4.58984,,Surface,2,Image 1,1,2040,
5.13574,,Surface,2,Image 1,1,2041,
15.7969,,Surface,2,Image 1,1,2042,
4.03418,,Surface,2,Image 1,1,2044,
19.3281,,Surface,2,Image 1,1,2046,
6.27344,,Surface,2,Image 1,1,2048,
5.87012,,Surface,2,Image 1,1,2049,
6.69141,,Surface,2,Image 1,1,2051,
6.53711,,Surface,2,Image 1,1,2052,
3.59766,,Surface,2,Image 1,1,2053,
6.75,,Surface,2,Image 1,1,2054,
23.9766,,Surface,2,Image 1,1,2059,
9.125,,Surface,2,Image 1,1,2060,
11.6328,,Surface,2,Image 1,1,2062,
9.86328,,Surface,2,Image 1,1,2063,
7.73047,,Surface,2,Image 1,1,2064,
11.0859,,Surface,2,Image 1,1,2066,
3.30859,,Surface,2,Image 1,1,2068,
11.9531,,Surface,2,Image 1,1,2071,
5.00586,,Surface,2,Image 1,1,2072,
4.55176,,Surface,2,Image 1,1,2075,
5.54199,,Surface,2,Image 1,1,2076,
5.9834,,Surface,2,Image 1,1,2082,
6.76172,,Surface,2,Image 1,1,2083,
15.3281,,Surface,2,Image 1,1,2088,
5.37891,,Surface,2,Image 1,1,2090,
4.23535,,Surface,2,Image 1,1,2092,
6.42969,,Surface,2,Image 1,1,2097,
4.70898,,Surface,2,Image 1,1,2098,
5.10742,,Surface,2,Image 1,1,2101,
7.32031,,Surface,2,Image 1,1,2103,
6.35547,,Surface,2,Image 1,1,2106,
7.41016,,Surface,2,Image 1,1,2107,
5.08789,,Surface,2,Image 1,1,2108,
10.8516,,Surface,2,Image 1,1,2109,
10.002,,Surface,2,Image 1,1,2112,
4.24023,,Surface,2,Image 1,1,2113,
4.71289,,Surface,2,Image 1,1,2116,
6.85938,,Surface,2,Image 1,1,2117,
5.1748,,Surface,2,Image 1,1,2118,
6.57617,,Surface,2,Image 1,1,2120,
8.07031,,Surface,2,Image 1,1,2122,
7.96875,,Surface,2,Image 1,1,2123,
12.8594,,Surface,2,Image 1,1,2124,
7.05469,,Surface,2,Image 1,1,2126,
3.94336,,Surface,2,Image 1,1,2127,
3.39648,,Surface,2,Image 1,1,2130,
8.29688,,Surface,2,Image 1,1,2131,
9.19922,,Surface,2,Image 1,1,2132,
4.66504,,Surface,2,Image 1,1,2133,
3.94922,,Surface,2,Image 1,1,2137,
7.90234,,Surface,2,Image 1,1,2138,
5.33008,,Surface,2,Image 1,1,2140,
7.85547,,Surface,2,Image 1,1,2142,
5.62988,,Surface,2,Image 1,1,2145,
4.1167,,Surface,2,Image 1,1,2146,
8.44141,,Surface,2,Image 1,1,2147,
4.61719,,Surface,2,Image 1,1,2148,
4.48438,,Surface,2,Image 1,1,2150,
6.09766,,Surface,2,Image 1,1,2151,
6.05078,,Surface,2,Image 1,1,2152,
8.45703,,Surface,2,Image 1,1,2154,
6.23438,,Surface,2,Image 1,1,2155,
7.16602,,Surface,2,Image 1,1,2156,
4.05273,,Surface,2,Image 1,1,2158,
4.74512,,Surface,2,Image 1,1,2159,
5.54395,,Surface,2,Image 1,1,2160,
5.57422,,Surface,2,Image 1,1,2161,
5.94824,,Surface,2,Image 1,1,2162,
3.58789,,Surface,2,Image 1,1,2163,
7.83984,,Surface,2,Image 1,1,2164,
8.47656,,Surface,2,Image 1,1,2167,
8.14453,,Surface,2,Image 1,1,2168,
8.37891,,Surface,2,Image 1,1,2170,
5.65234,,Surface,2,Image 1,1,2171,
4.30859,,Surface,2,Image 1,1,2172,
5.60156,,Surface,2,Image 1,1,2174,
6.28516,,Surface,2,Image 1,1,2176,
6.27344,,Surface,2,Image 1,1,2177,
7.58984,,Surface,2,Image 1,1,2178,
6.44922,,Surface,2,Image 1,1,2179,
7.41016,,Surface,2,Image 1,1,2182,
10.6484,,Surface,2,Image 1,1,2183,
10.8867,,Surface,2,Image 1,1,2184,
37.375,,Surface,2,Image 1,1,2185,
7.44531,,Surface,2,Image 1,1,2190,
3.47119,,Surface,2,Image 1,1,2191,
6.39453,,Surface,2,Image 1,1,2192,
13.3281,,Surface,2,Image 1,1,2193,
7.02734,,Surface,2,Image 1,1,2194,
4.75195,,Surface,2,Image 1,1,2195,
8.40234,,Surface,2,Image 1,1,2196,
9.53125,,Surface,2,Image 1,1,2197,
3.82129,,Surface,2,Image 1,1,2199,
7.1084,,Surface,2,Image 1,1,2200,
6.71875,,Surface,2,Image 1,1,2202,
4.83203,,Surface,2,Image 1,1,2207,
5.83984,,Surface,2,Image 1,1,2209,
9.08594,,Surface,2,Image 1,1,2211,
9.46094,,Surface,2,Image 1,1,2212,
6.49219,,Surface,2,Image 1,1,2214,
4.91699,,Surface,2,Image 1,1,2217,
4.04199,,Surface,2,Image 1,1,2218,
6.86914,,Surface,2,Image 1,1,2220,
9.63281,,Surface,2,Image 1,1,2224,
8.14453,,Surface,2,Image 1,1,2226,
10.0312,,Surface,2,Image 1,1,2229,
6.00781,,Surface,2,Image 1,1,2232,
8.36719,,Surface,2,Image 1,1,2233,
7.32031,,Surface,2,Image 1,1,2235,
5.06055,,Surface,2,Image 1,1,2236,
9.30859,,Surface,2,Image 1,1,2239,
5.17383,,Surface,2,Image 1,1,2241,
8.35547,,Surface,2,Image 1,1,2243,
8.07812,,Surface,2,Image 1,1,2244,
9.50781,,Surface,2,Image 1,1,2245,
4.35352,,Surface,2,Image 1,1,2248,
6.42188,,Surface,2,Image 1,1,2249,
4.07227,,Surface,2,Image 1,1,2251,
3.62695,,Surface,2,Image 1,1,2254,
7.375,,Surface,2,Image 1,1,2257,
7.57227,,Surface,2,Image 1,1,2259,
10.3164,,Surface,2,Image 1,1,2260,
8.92969,,Surface,2,Image 1,1,2262,
9.65234,,Surface,2,Image 1,1,2263,
6.36328,,Surface,2,Image 1,1,2264,
8.75977,,Surface,2,Image 1,1,2267,
9.19922,,Surface,2,Image 1,1,2269,
4.96875,,Surface,2,Image 1,1,2270,
5.21777,,Surface,2,Image 1,1,2271,
7.06152,,Surface,2,Image 1,1,2274,
7.02344,,Surface,2,Image 1,1,2277,
5.17578,,Surface,2,Image 1,1,2279,
10.2109,,Surface,2,Image 1,1,2280,
3.57617,,Surface,2,Image 1,1,2281,
11.8008,,Surface,2,Image 1,1,2282,
13.8008,,Surface,2,Image 1,1,2283,
7.34375,,Surface,2,Image 1,1,2284,
4.02539,,Surface,2,Image 1,1,2289,
10.3789,,Surface,2,Image 1,1,2290,
4.51367,,Surface,2,Image 1,1,2296,
10.5078,,Surface,2,Image 1,1,2297,
15.9844,,Surface,2,Image 1,1,2303,
7.24121,,Surface,2,Image 1,1,2306,
3.19678,,Surface,2,Image 1,1,2307,
11.4883,,Surface,2,Image 1,1,2311,
8.41797,,Surface,2,Image 1,1,2312,
6.86719,,Surface,2,Image 1,1,2315,
4.71094,,Surface,2,Image 1,1,2316,
4.58203,,Surface,2,Image 1,1,2317,
9.57031,,Surface,2,Image 1,1,2320,
4.79883,,Surface,2,Image 1,1,2321,
5.19727,,Surface,2,Image 1,1,2322,
4.62891,,Surface,2,Image 1,1,2324,
5.92969,,Surface,2,Image 1,1,2325,
9.67969,,Surface,2,Image 1,1,2326,
5.53516,,Surface,2,Image 1,1,2328,
4.89062,,Surface,2,Image 1,1,2329,
7.07422,,Surface,2,Image 1,1,2331,
9.38672,,Surface,2,Image 1,1,2332,
4.99414,,Surface,2,Image 1,1,2334,
4.01758,,Surface,2,Image 1,1,2336,
6.68359,,Surface,2,Image 1,1,2338,
7.40625,,Surface,2,Image 1,1,2339,
4.06836,,Surface,2,Image 1,1,2341,
9.06641,,Surface,2,Image 1,1,2342,
4.60547,,Surface,2,Image 1,1,2344,
7.25781,,Surface,2,Image 1,1,2345,
4.59766,,Surface,2,Image 1,1,2346,
5.57617,,Surface,2,Image 1,1,2349,
6.98438,,Surface,2,Image 1,1,2353,
8.56445,,Surface,2,Image 1,1,2354,
6.94922,,Surface,2,Image 1,1,2356,
11.6875,,Surface,2,Image 1,1,2357,
4.89062,,Surface,2,Image 1,1,2359,
8.19141,,Surface,2,Image 1,1,2362,
8.22266,,Surface,2,Image 1,1,2363,
5.20117,,Surface,2,Image 1,1,2364,
5.83594,,Surface,2,Image 1,1,2365,
4.89062,,Surface,2,Image 1,1,2366,
6.90039,,Surface,2,Image 1,1,2371,
5.83594,,Surface,2,Image 1,1,2372,
2.99756,,Surface,2,Image 1,1,2373,
4.20898,,Surface,2,Image 1,1,2374,
9.24219,,Surface,2,Image 1,1,2375,
10.2656,,Surface,2,Image 1,1,2376,
7.71094,,Surface,2,Image 1,1,2378,
4.8125,,Surface,2,Image 1,1,2379,
5.82617,,Surface,2,Image 1,1,2380,
16.3164,,Surface,2,Image 1,1,2382,
4.78516,,Surface,2,Image 1,1,2383,
9.86719,,Surface,2,Image 1,1,2384,
5.48438,,Surface,2,Image 1,1,2385,
10.9688,,Surface,2,Image 1,1,2386,
4.92578,,Surface,2,Image 1,1,2387,
4.70508,,Surface,2,Image 1,1,2390,
11.5,,Surface,2,Image 1,1,2392,
9.30469,,Surface,2,Image 1,1,2393,
8.45703,,Surface,2,Image 1,1,2395,
8.58594,,Surface,2,Image 1,1,2396,
12.1172,,Surface,2,Image 1,1,2397,
3.90137,,Surface,2,Image 1,1,2398,
5.21484,,Surface,2,Image 1,1,2400,
15.2969,,Surface,2,Image 1,1,2402,
16.2344,,Surface,2,Image 1,1,2405,
3.52539,,Surface,2,Image 1,1,2406,
5.88672,,Surface,2,Image 1,1,2407,
5.28711,,Surface,2,Image 1,1,2409,
10.3086,,Surface,2,Image 1,1,2411,
7.35547,,Surface,2,Image 1,1,2412,
17.4922,,Surface,2,Image 1,1,2413,
8.65234,,Surface,2,Image 1,1,2414,
7.11523,,Surface,2,Image 1,1,2415,
24.3047,,Surface,2,Image 1,1,2416,
12.0781,,Surface,2,Image 1,1,2417,
8.5625,,Surface,2,Image 1,1,2419,
24.4766,,Surface,2,Image 1,1,2420,
35.125,,Surface,2,Image 1,1,2422,
6.47656,,Surface,2,Image 1,1,2423,
5.48633,,Surface,2,Image 1,1,2424,
11.7188,,Surface,2,Image 1,1,2425,
6.11523,,Surface,2,Image 1,1,2428,
8.41406,,Surface,2,Image 1,1,2433,
30.625,,Surface,2,Image 1,1,2434,
5.16797,,Surface,2,Image 1,1,2435,
5.60547,,Surface,2,Image 1,1,2436,
10.75,,Surface,2,Image 1,1,2437,
10.3613,,Surface,2,Image 1,1,2438,
8.11719,,Surface,2,Image 1,1,2439,
7.95312,,Surface,2,Image 1,1,2441,
15.5078,,Surface,2,Image 1,1,2443,
5.95703,,Surface,2,Image 1,1,2444,
9.04688,,Surface,2,Image 1,1,2445,
6.42578,,Surface,2,Image 1,1,2446,
5.89844,,Surface,2,Image 1,1,2447,
151.25,,Surface,2,Image 1,1,2448,
8.63281,,Surface,2,Image 1,1,2453,
20.0938,,Surface,2,Image 1,1,2454,
6.02734,,Surface,2,Image 1,1,2455,
10.875,,Surface,2,Image 1,1,2457,
4.39648,,Surface,2,Image 1,1,2458,
15.5,,Surface,2,Image 1,1,2460,
9.01562,,Surface,2,Image 1,1,2462,
21.4688,,Surface,2,Image 1,1,2463,
19,,Surface,2,Image 1,1,2465,
23.5156,,Surface,2,Image 1,1,2468,
6.31445,,Surface,2,Image 1,1,2469,
23.6875,,Surface,2,Image 1,1,2470,
21.7969,,Surface,2,Image 1,1,2472,
7.70703,,Surface,2,Image 1,1,2473,
8.82812,,Surface,2,Image 1,1,2475,
14.1797,,Surface,2,Image 1,1,2476,
6.875,,Surface,2,Image 1,1,2478,
10.25,,Surface,2,Image 1,1,2479,
8.17969,,Surface,2,Image 1,1,2480,
21.8906,,Surface,2,Image 1,1,2481,
5.14258,,Surface,2,Image 1,1,2485,
15.0078,,Surface,2,Image 1,1,2487,
5.38281,,Surface,2,Image 1,1,2489,
19.4609,,Surface,2,Image 1,1,2491,
26.2422,,Surface,2,Image 1,1,2492,
30.8125,,Surface,2,Image 1,1,2494,
6.25391,,Surface,2,Image 1,1,2495,
26.6406,,Surface,2,Image 1,1,2496,
21.6562,,Surface,2,Image 1,1,2498,
11.418,,Surface,2,Image 1,1,2500,
28.1562,,Surface,2,Image 1,1,2502,
5.19922,,Surface,2,Image 1,1,2504,
24.0469,,Surface,2,Image 1,1,2506,
12.4102,,Surface,2,Image 1,1,2507,
18.0781,,Surface,2,Image 1,1,2508,
5.375,,Surface,2,Image 1,1,2509,
6.03906,,Surface,2,Image 1,1,2510,
6.11523,,Surface,2,Image 1,1,2511,
10.5156,,Surface,2,Image 1,1,2512,
10.6523,,Surface,2,Image 1,1,2515,
19.8359,,Surface,2,Image 1,1,2517,
14.875,,Surface,2,Image 1,1,2518,
11.875,,Surface,2,Image 1,1,2519,
22.375,,Surface,2,Image 1,1,2521,
26.6094,,Surface,2,Image 1,1,2522,
25,,Surface,2,Image 1,1,2524,
20.9297,,Surface,2,Image 1,1,2528,
12.8672,,Surface,2,Image 1,1,2529,
7.1875,,Surface,2,Image 1,1,2531,
9.75,,Surface,2,Image 1,1,2536,
7.52051,,Surface,2,Image 1,1,2537,
27.9141,,Surface,2,Image 1,1,2538,
14.0625,,Surface,2,Image 1,1,2539,
6.27344,,Surface,2,Image 1,1,2540,
7.8125,,Surface,2,Image 1,1,2543,
7.11719,,Surface,2,Image 1,1,2544,
27.2422,,Surface,2,Image 1,1,2548,
22.3281,,Surface,2,Image 1,1,2549,
8,,Surface,2,Image 1,1,2550,
22.2656,,Surface,2,Image 1,1,2552,
30.4297,,Surface,2,Image 1,1,2553,
10.375,,Surface,2,Image 1,1,2554,
14.9688,,Surface,2,Image 1,1,2555,
7.5625,,Surface,2,Image 1,1,2556,
22.5547,,Surface,2,Image 1,1,2557,
17.4844,,Surface,2,Image 1,1,2558,
14.5625,,Surface,2,Image 1,1,2559,
25.25,,Surface,2,Image 1,1,2560,
24.5234,,Surface,2,Image 1,1,2561,
11.7344,,Surface,2,Image 1,1,2563,
28.5156,,Surface,2,Image 1,1,2564,
29.9531,,Surface,2,Image 1,1,2565,
6.29297,,Surface,2,Image 1,1,2566,
22.3281,,Surface,2,Image 1,1,2567,
13.375,,Surface,2,Image 1,1,2569,
23.7422,,Surface,2,Image 1,1,2570,
21.6406,,Surface,2,Image 1,1,2571,
28.1406,,Surface,2,Image 1,1,2572,
13.3828,,Surface,2,Image 1,1,2573,
24.5312,,Surface,2,Image 1,1,2574,
12.7422,,Surface,2,Image 1,1,2575,
15.4531,,Surface,2,Image 1,1,2578,
29.5312,,Surface,2,Image 1,1,2579,
9.625,,Surface,2,Image 1,1,2581,
9.3125,,Surface,2,Image 1,1,2583,
8.85938,,Surface,2,Image 1,1,2585,
13.4922,,Surface,2,Image 1,1,2586,
14.9453,,Surface,2,Image 1,1,2587,
21.25,,Surface,2,Image 1,1,2589,
11.125,,Surface,2,Image 1,1,2591,
9.5,,Surface,2,Image 1,1,2592,
23.7891,,Surface,2,Image 1,1,2593,
23.1406,,Surface,2,Image 1,1,2594,
10.2812,,Surface,2,Image 1,1,2596,
20.6328,,Surface,2,Image 1,1,2597,
15.125,,Surface,2,Image 1,1,2598,
13.5938,,Surface,2,Image 1,1,2599,
18.3594,,Surface,2,Image 1,1,2602,
13.0078,,Surface,2,Image 1,1,2603,
25.5625,,Surface,2,Image 1,1,2604,
27.5625,,Surface,2,Image 1,1,2605,
10.7578,,Surface,2,Image 1,1,2608,
9.5625,,Surface,2,Image 1,1,2609,
28.4688,,Surface,2,Image 1,1,2611,
10.875,,Surface,2,Image 1,1,2612,
8.33594,,Surface,2,Image 1,1,2613,
23.7969,,Surface,2,Image 1,1,2614,
26.1484,,Surface,2,Image 1,1,2615,
9.35938,,Surface,2,Image 1,1,2616,
14.1172,,Surface,2,Image 1,1,2617,
9.15625,,Surface,2,Image 1,1,2619,
6.08594,,Surface,2,Image 1,1,2620,
10.3359,,Surface,2,Image 1,1,2621,
25.1797,,Surface,2,Image 1,1,2622,
19.3984,,Surface,2,Image 1,1,2623,
26.6875,,Surface,2,Image 1,1,2624,
11.125,,Surface,2,Image 1,1,2626,
15.875,,Surface,2,Image 1,1,2627,
21.6328,,Surface,2,Image 1,1,2629,
10.832,,Surface,2,Image 1,1,2632,
13.2285,,Surface,2,Image 1,1,2636,
27.7656,,Surface,2,Image 1,1,2641,
4.35938,,Surface,2,Image 1,1,2645,
29.25,,Surface,2,Image 1,1,2646,
5.94727,,Surface,2,Image 1,1,2647,
26.5156,,Surface,2,Image 1,1,2649,
10.625,,Surface,2,Image 1,1,2650,
25.7812,,Surface,2,Image 1,1,2651,
23.8281,,Surface,2,Image 1,1,2652,
13.8125,,Surface,2,Image 1,1,2654,
6.76172,,Surface,2,Image 1,1,2656,
20.125,,Surface,2,Image 1,1,2657,
18.7969,,Surface,2,Image 1,1,2658,
17.375,,Surface,2,Image 1,1,2663,
28.6016,,Surface,2,Image 1,1,2667,
23.7969,,Surface,2,Image 1,1,2668,
21.9375,,Surface,2,Image 1,1,2670,
38.75,,Surface,2,Image 1,1,2671,
26.5469,,Surface,2,Image 1,1,2672,
23.8906,,Surface,2,Image 1,1,2673,
18.9062,,Surface,2,Image 1,1,2675,
17.7891,,Surface,2,Image 1,1,2678,
22.0078,,Surface,2,Image 1,1,2680,
15.1641,,Surface,2,Image 1,1,2681,
28.125,,Surface,2,Image 1,1,2682,
7.05859,,Surface,2,Image 1,1,2683,
11.625,,Surface,2,Image 1,1,2684,
24.75,,Surface,2,Image 1,1,2685,
21.9609,,Surface,2,Image 1,1,2688,
15.3906,,Surface,2,Image 1,1,2689,
13.8984,,Surface,2,Image 1,1,2690,
7.00391,,Surface,2,Image 1,1,2693,
14.0312,,Surface,2,Image 1,1,2695,
18.3516,,Surface,2,Image 1,1,2696,
15.4688,,Surface,2,Image 1,1,2697,
13.8125,,Surface,2,Image 1,1,2698,
23.4609,,Surface,2,Image 1,1,2699,
24.8906,,Surface,2,Image 1,1,2700,
17.7969,,Surface,2,Image 1,1,2702,
4.58203,,Surface,2,Image 1,1,2703,
26.7109,,Surface,2,Image 1,1,2704,
24.5078,,Surface,2,Image 1,1,2706,
8.83594,,Surface,2,Image 1,1,2707,
5.20117,,Surface,2,Image 1,1,2709,
18.3828,,Surface,2,Image 1,1,2710,
6.80957,,Surface,2,Image 1,1,2713,
14.8281,,Surface,2,Image 1,1,2715,
23.4453,,Surface,2,Image 1,1,2716,
13.625,,Surface,2,Image 1,1,2717,
22.7891,,Surface,2,Image 1,1,2718,
14.1328,,Surface,2,Image 1,1,2719,
22.5625,,Surface,2,Image 1,1,2721,
25.3047,,Surface,2,Image 1,1,2722,
26.2344,,Surface,2,Image 1,1,2723,
7.46875,,Surface,2,Image 1,1,2725,
34.2109,,Surface,2,Image 1,1,2726,
22.5938,,Surface,2,Image 1,1,2727,
16.625,,Surface,2,Image 1,1,2728,
7.6875,,Surface,2,Image 1,1,2729,
24.3984,,Surface,2,Image 1,1,2730,
26.6797,,Surface,2,Image 1,1,2731,
27.5742,,Surface,2,Image 1,1,2732,
17.2422,,Surface,2,Image 1,1,2733,
24.0781,,Surface,2,Image 1,1,2734,
22.9219,,Surface,2,Image 1,1,2737,
24.6484,,Surface,2,Image 1,1,2738,
20.0898,,Surface,2,Image 1,1,2740,
21.7422,,Surface,2,Image 1,1,2742,
20.9922,,Surface,2,Image 1,1,2744,
21.8203,,Surface,2,Image 1,1,2746,
11.1562,,Surface,2,Image 1,1,2747,
23.7109,,Surface,2,Image 1,1,2748,
22.4141,,Surface,2,Image 1,1,2750,
19.4609,,Surface,2,Image 1,1,2751,
16.6328,,Surface,2,Image 1,1,2752,
8.5332,,Surface,2,Image 1,1,2753,
28.0391,,Surface,2,Image 1,1,2754,
26.5469,,Surface,2,Image 1,1,2755,
20.6406,,Surface,2,Image 1,1,2756,
15.7422,,Surface,2,Image 1,1,2757,
22.6875,,Surface,2,Image 1,1,2759,
22.6641,,Surface,2,Image 1,1,2760,
23.0625,,Surface,2,Image 1,1,2761,
23.1953,,Surface,2,Image 1,1,2765,
11.0547,,Surface,2,Image 1,1,2766,
11.5586,,Surface,2,Image 1,1,2767,
26.4531,,Surface,2,Image 1,1,2768,
15.7031,,Surface,2,Image 1,1,2770,
13.4453,,Surface,2,Image 1,1,2771,
27.9844,,Surface,2,Image 1,1,2772,
13.4688,,Surface,2,Image 1,1,2773,
20.0703,,Surface,2,Image 1,1,2776,
27.9062,,Surface,2,Image 1,1,2778,
25.2578,,Surface,2,Image 1,1,2779,
17.3672,,Surface,2,Image 1,1,2780,
9.5,,Surface,2,Image 1,1,2781,
17.125,,Surface,2,Image 1,1,2782,
23.5703,,Surface,2,Image 1,1,2783,
15.6953,,Surface,2,Image 1,1,2784,
13.3203,,Surface,2,Image 1,1,2785,
18.6094,,Surface,2,Image 1,1,2786,
24.3516,,Surface,2,Image 1,1,2788,
23.7422,,Surface,2,Image 1,1,2789,
28.0938,,Surface,2,Image 1,1,2791,
28.1406,,Surface,2,Image 1,1,2793,
9.96875,,Surface,2,Image 1,1,2794,
23.4922,,Surface,2,Image 1,1,2798,
15.1641,,Surface,2,Image 1,1,2800,
24.0312,,Surface,2,Image 1,1,2801,
20.3125,,Surface,2,Image 1,1,2803,
30.0312,,Surface,2,Image 1,1,2805,
26.4531,,Surface,2,Image 1,1,2806,
9.90625,,Surface,2,Image 1,1,2807,
14.7578,,Surface,2,Image 1,1,2809,
19.0078,,Surface,2,Image 1,1,2811,
9.45703,,Surface,2,Image 1,1,2812,
25.9258,,Surface,2,Image 1,1,2813,
20.9062,,Surface,2,Image 1,1,2814,
57,,Surface,2,Image 1,1,2815,
112,,Surface,2,Image 1,1,2818,
17.9766,,Surface,2,Image 1,1,2820,
25.6953,,Surface,2,Image 1,1,2821,
26.375,,Surface,2,Image 1,1,2823,
14.2422,,Surface,2,Image 1,1,2824,
22.4219,,Surface,2,Image 1,1,2825,
6.42188,,Surface,2,Image 1,1,2826,
8.08984,,Surface,2,Image 1,1,2827,
19.2578,,Surface,2,Image 1,1,2830,
27.2266,,Surface,2,Image 1,1,2831,
28.1172,,Surface,2,Image 1,1,2832,
7.31641,,Surface,2,Image 1,1,2834,
24.3047,,Surface,2,Image 1,1,2835,
23.1719,,Surface,2,Image 1,1,2836,
27.3594,,Surface,2,Image 1,1,2837,
40.75,,Surface,2,Image 1,1,2839,
19.0391,,Surface,2,Image 1,1,2840,
14.7969,,Surface,2,Image 1,1,2842,
27.9141,,Surface,2,Image 1,1,2844,
9.52344,,Surface,2,Image 1,1,2845,
14.9844,,Surface,2,Image 1,1,2846,
23.8047,,Surface,2,Image 1,1,2847,
22.1719,,Surface,2,Image 1,1,2849,
13.4688,,Surface,2,Image 1,1,2850,
25.4766,,Surface,2,Image 1,1,2851,
26.0859,,Surface,2,Image 1,1,2852,
33.2891,,Surface,2,Image 1,1,2853,
23.4141,,Surface,2,Image 1,1,2856,
26.6172,,Surface,2,Image 1,1,2858,
6.72656,,Surface,2,Image 1,1,2859,
12.6641,,Surface,2,Image 1,1,2860,
24.0312,,Surface,2,Image 1,1,2862,
21.6641,,Surface,2,Image 1,1,2863,
30.7734,,Surface,2,Image 1,1,2866,
6.66797,,Surface,2,Image 1,1,2867,
10.3828,,Surface,2,Image 1,1,2868,
19.5312,,Surface,2,Image 1,1,2869,
28.8516,,Surface,2,Image 1,1,2871,
22.375,,Surface,2,Image 1,1,2872,
23.3672,,Surface,2,Image 1,1,2873,
29.3359,,Surface,2,Image 1,1,2878,
7.39453,,Surface,2,Image 1,1,2879,
19.2734,,Surface,2,Image 1,1,2880,
27.3125,,Surface,2,Image 1,1,2882,
27.3125,,Surface,2,Image 1,1,2883,
27.4453,,Surface,2,Image 1,1,2884,
7.28125,,Surface,2,Image 1,1,2886,
24.8672,,Surface,2,Image 1,1,2887,
7.51953,,Surface,2,Image 1,1,2888,
16.75,,Surface,2,Image 1,1,2890,
13.3555,,Surface,2,Image 1,1,2891,
8.66797,,Surface,2,Image 1,1,2893,
11.6875,,Surface,2,Image 1,1,2895,
15.2891,,Surface,2,Image 1,1,2897,
17.3906,,Surface,2,Image 1,1,2898,
11.8516,,Surface,2,Image 1,1,2899,
16.8203,,Surface,2,Image 1,1,2900,
23.9375,,Surface,2,Image 1,1,2901,
30.1328,,Surface,2,Image 1,1,2902,
23.3164,,Surface,2,Image 1,1,2903,
5.98242,,Surface,2,Image 1,1,2904,
18.4219,,Surface,2,Image 1,1,2905,
27.5547,,Surface,2,Image 1,1,2908,
23.1875,,Surface,2,Image 1,1,2909,
27.2344,,Surface,2,Image 1,1,2910,
22.9297,,Surface,2,Image 1,1,2912,
13.2344,,Surface,2,Image 1,1,2914,
19.0234,,Surface,2,Image 1,1,2915,
19.375,,Surface,2,Image 1,1,2917,
27.8281,,Surface,2,Image 1,1,2918,
25.9844,,Surface,2,Image 1,1,2919,
18.6172,,Surface,2,Image 1,1,2921,
22.5391,,Surface,2,Image 1,1,2923,
18.125,,Surface,2,Image 1,1,2924,
27.4375,,Surface,2,Image 1,1,2926,
27.5938,,Surface,2,Image 1,1,2929,
27.1328,,Surface,2,Image 1,1,2931,
26.0703,,Surface,2,Image 1,1,2933,
26.4375,,Surface,2,Image 1,1,2934,
24.9141,,Surface,2,Image 1,1,2935,
8.625,,Surface,2,Image 1,1,2937,
25.0938,,Surface,2,Image 1,1,2938,
26.875,,Surface,2,Image 1,1,2939,
18.2539,,Surface,2,Image 1,1,2942,
13.8047,,Surface,2,Image 1,1,2943,
9.38281,,Surface,2,Image 1,1,2944,
12.043,,Surface,2,Image 1,1,2946,
21.5859,,Surface,2,Image 1,1,2947,
27.1641,,Surface,2,Image 1,1,2948,
21.8906,,Surface,2,Image 1,1,2951,
24.2109,,Surface,2,Image 1,1,2952,
15.8516,,Surface,2,Image 1,1,2953,
18.9805,,Surface,2,Image 1,1,2954,
11.3828,,Surface,2,Image 1,1,2955,
30.0312,,Surface,2,Image 1,1,2956,
19.7188,,Surface,2,Image 1,1,2958,
26.1484,,Surface,2,Image 1,1,2959,
25.4062,,Surface,2,Image 1,1,2960,
23.0156,,Surface,2,Image 1,1,2962,
21.8125,,Surface,2,Image 1,1,2963,
18.1328,,Surface,2,Image 1,1,2964,
14.875,,Surface,2,Image 1,1,2965,
8.60156,,Surface,2,Image 1,1,2966,
30.9219,,Surface,2,Image 1,1,2967,
18.1016,,Surface,2,Image 1,1,2968,
24.9766,,Surface,2,Image 1,1,2969,
16.6953,,Surface,2,Image 1,1,2970,
12.4922,,Surface,2,Image 1,1,2972,
8.9375,,Surface,2,Image 1,1,2973,
30.3281,,Surface,2,Image 1,1,2974,
25.5469,,Surface,2,Image 1,1,2975,
10.25,,Surface,2,Image 1,1,2976,
8.64844,,Surface,2,Image 1,1,2977,
8.94531,,Surface,2,Image 1,1,2978,
26.7266,,Surface,2,Image 1,1,2979,
29.3281,,Surface,2,Image 1,1,2980,
27.5391,,Surface,2,Image 1,1,2981,
18.7383,,Surface,2,Image 1,1,2982,
23.4766,,Surface,2,Image 1,1,2988,
27.7734,,Surface,2,Image 1,1,2989,
21.8828,,Surface,2,Image 1,1,2991,
13.0156,,Surface,2,Image 1,1,2993,
5.31738,,Surface,2,Image 1,1,2994,
14.1406,,Surface,2,Image 1,1,2995,
22.3672,,Surface,2,Image 1,1,2998,
24.8984,,Surface,2,Image 1,1,2999,
27.4141,,Surface,2,Image 1,1,3000,
13.4453,,Surface,2,Image 1,1,3001,
23.0156,,Surface,2,Image 1,1,3002,
22.5391,,Surface,2,Image 1,1,3004,
12.9141,,Surface,2,Image 1,1,3005,
27.3438,,Surface,2,Image 1,1,3006,
16.1875,,Surface,2,Image 1,1,3007,
17.0156,,Surface,2,Image 1,1,3008,
25.3828,,Surface,2,Image 1,1,3009,
26.9531,,Surface,2,Image 1,1,3010,
6.56836,,Surface,2,Image 1,1,3011,
23.125,,Surface,2,Image 1,1,3013,
27.8125,,Surface,2,Image 1,1,3014,
25.0625,,Surface,2,Image 1,1,3015,
8.94531,,Surface,2,Image 1,1,3016,
30.1328,,Surface,2,Image 1,1,3019,
7.8125,,Surface,2,Image 1,1,3020,
20.2891,,Surface,2,Image 1,1,3021,
17.3281,,Surface,2,Image 1,1,3022,
15.4766,,Surface,2,Image 1,1,3024,
17.375,,Surface,2,Image 1,1,3027,
27.3281,,Surface,2,Image 1,1,3028,
26.3594,,Surface,2,Image 1,1,3030,
23.3594,,Surface,2,Image 1,1,3031,
22.5859,,Surface,2,Image 1,1,3032,
24.4844,,Surface,2,Image 1,1,3033,
28.1328,,Surface,2,Image 1,1,3035,
13.3359,,Surface,2,Image 1,1,3036,
23.125,,Surface,2,Image 1,1,3037,
25.4375,,Surface,2,Image 1,1,3038,
22.3867,,Surface,2,Image 1,1,3039,
28.3047,,Surface,2,Image 1,1,3043,
19.6797,,Surface,2,Image 1,1,3046,
25.2656,,Surface,2,Image 1,1,3048,
28.7969,,Surface,2,Image 1,1,3050,
14.4023,,Surface,2,Image 1,1,3051,
22.8281,,Surface,2,Image 1,1,3052,
27.3438,,Surface,2,Image 1,1,3053,
14.3672,,Surface,2,Image 1,1,3054,
21.3281,,Surface,2,Image 1,1,3055,
15.4609,,Surface,2,Image 1,1,3056,
15.9375,,Surface,2,Image 1,1,3057,
18.4141,,Surface,2,Image 1,1,3059,
25.1797,,Surface,2,Image 1,1,3060,
5.54297,,Surface,2,Image 1,1,3061,
26.3281,,Surface,2,Image 1,1,3062,
17.0859,,Surface,2,Image 1,1,3063,
21.2109,,Surface,2,Image 1,1,3064,
15.3672,,Surface,2,Image 1,1,3066,
25.6562,,Surface,2,Image 1,1,3067,
12.1875,,Surface,2,Image 1,1,3068,
23.5625,,Surface,2,Image 1,1,3069,
30.2344,,Surface,2,Image 1,1,3071,
9.30078,,Surface,2,Image 1,1,3073,
28.2031,,Surface,2,Image 1,1,3074,
32.7969,,Surface,2,Image 1,1,3075,
24.4141,,Surface,2,Image 1,1,3076,
23.2031,,Surface,2,Image 1,1,3077,
21.5234,,Surface,2,Image 1,1,3078,
16.0312,,Surface,2,Image 1,1,3079,
17.4922,,Surface,2,Image 1,1,3080,
28.9844,,Surface,2,Image 1,1,3081,
20.3047,,Surface,2,Image 1,1,3083,
27.2031,,Surface,2,Image 1,1,3084,
19.75,,Surface,2,Image 1,1,3085,
28.6641,,Surface,2,Image 1,1,3086,
16.418,,Surface,2,Image 1,1,3087,
8.76562,,Surface,2,Image 1,1,3088,
15.8828,,Surface,2,Image 1,1,3089,
25.8281,,Surface,2,Image 1,1,3090,
14.5938,,Surface,2,Image 1,1,3092,
18.1328,,Surface,2,Image 1,1,3093,
21.8906,,Surface,2,Image 1,1,3094,
14.2344,,Surface,2,Image 1,1,3095,
18.3203,,Surface,2,Image 1,1,3096,
26.7969,,Surface,2,Image 1,1,3097,
26.2539,,Surface,2,Image 1,1,3099,
22.7422,,Surface,2,Image 1,1,3100,
27.6719,,Surface,2,Image 1,1,3101,
14.2109,,Surface,2,Image 1,1,3105,
23.0469,,Surface,2,Image 1,1,3106,
24.5078,,Surface,2,Image 1,1,3108,
12.5156,,Surface,2,Image 1,1,3109,
16.0469,,Surface,2,Image 1,1,3110,
22.2266,,Surface,2,Image 1,1,3111,
52.75,,Surface,2,Image 1,1,3112,
6.05859,,Surface,2,Image 1,1,3113,
3.7959,,Surface,2,Image 1,1,3115,
17.1562,,Surface,2,Image 1,1,3116,
7.66797,,Surface,2,Image 1,1,3117,
23.5156,,Surface,2,Image 1,1,3118,
7.54297,,Surface,2,Image 1,1,3120,
20.793,,Surface,2,Image 1,1,3121,
23.0508,,Surface,2,Image 1,1,3124,
24.8984,,Surface,2,Image 1,1,3125,
27.3438,,Surface,2,Image 1,1,3126,
14.5234,,Surface,2,Image 1,1,3127,
28.1016,,Surface,2,Image 1,1,3128,
16.8125,,Surface,2,Image 1,1,3129,
15.9922,,Surface,2,Image 1,1,3130,
20,,Surface,2,Image 1,1,3131,
26.3203,,Surface,2,Image 1,1,3132,
19.5781,,Surface,2,Image 1,1,3134,
27.0781,,Surface,2,Image 1,1,3135,
21.3984,,Surface,2,Image 1,1,3136,
13.625,,Surface,2,Image 1,1,3137,
31.0078,,Surface,2,Image 1,1,3139,
29.1406,,Surface,2,Image 1,1,3141,
31.6562,,Surface,2,Image 1,1,3142,
23.3203,,Surface,2,Image 1,1,3143,
24.9688,,Surface,2,Image 1,1,3144,
16.0938,,Surface,2,Image 1,1,3145,
33.4531,,Surface,2,Image 1,1,3146,
23.3281,,Surface,2,Image 1,1,3148,
19.5273,,Surface,2,Image 1,1,3151,
29.8047,,Surface,2,Image 1,1,3154,
26.0625,,Surface,2,Image 1,1,3157,
8.13672,,Surface,2,Image 1,1,3158,
27.2109,,Surface,2,Image 1,1,3161,
28.1406,,Surface,2,Image 1,1,3162,
2.91406,,Surface,2,Image 1,1,3163,
31.125,,Surface,2,Image 1,1,3165,
27.4844,,Surface,2,Image 1,1,3166,
20.7109,,Surface,2,Image 1,1,3167,
22.2344,,Surface,2,Image 1,1,3169,
9.14062,,Surface,2,Image 1,1,3170,
22.3047,,Surface,2,Image 1,1,3172,
18.2578,,Surface,2,Image 1,1,3173,
28.5156,,Surface,2,Image 1,1,3176,
29.6172,,Surface,2,Image 1,1,3177,
22.1016,,Surface,2,Image 1,1,3178,
8.16992,,Surface,2,Image 1,1,3179,
22.6836,,Surface,2,Image 1,1,3180,
23.5469,,Surface,2,Image 1,1,3181,
20.9297,,Surface,2,Image 1,1,3183,
13.2109,,Surface,2,Image 1,1,3184,
22.0859,,Surface,2,Image 1,1,3185,
5.60547,,Surface,2,Image 1,1,3187,
21.4297,,Surface,2,Image 1,1,3188,
15.2188,,Surface,2,Image 1,1,3189,
32.0469,,Surface,2,Image 1,1,3190,
22.2188,,Surface,2,Image 1,1,3191,
28.3125,,Surface,2,Image 1,1,3192,
27.5156,,Surface,2,Image 1,1,3194,
23.1484,,Surface,2,Image 1,1,3195,
10.2852,,Surface,2,Image 1,1,3198,
24.9219,,Surface,2,Image 1,1,3200,
28.0547,,Surface,2,Image 1,1,3201,
26.8047,,Surface,2,Image 1,1,3202,
15.3594,,Surface,2,Image 1,1,3205,
14.1484,,Surface,2,Image 1,1,3207,
17.2031,,Surface,2,Image 1,1,3208,
21.9922,,Surface,2,Image 1,1,3209,
12.2891,,Surface,2,Image 1,1,3210,
28.6953,,Surface,2,Image 1,1,3211,
27.5312,,Surface,2,Image 1,1,3212,
14.4609,,Surface,2,Image 1,1,3214,
8.41797,,Surface,2,Image 1,1,3215,
25.9453,,Surface,2,Image 1,1,3216,
19.2578,,Surface,2,Image 1,1,3217,
13.8672,,Surface,2,Image 1,1,3218,
21.3516,,Surface,2,Image 1,1,3219,
9.75,,Surface,2,Image 1,1,3220,
21.0234,,Surface,2,Image 1,1,3221,
21.5547,,Surface,2,Image 1,1,3223,
27.4453,,Surface,2,Image 1,1,3224,
12.7227,,Surface,2,Image 1,1,3225,
28.0781,,Surface,2,Image 1,1,3226,
7.66406,,Surface,2,Image 1,1,3229,
15.8125,,Surface,2,Image 1,1,3230,
24.1016,,Surface,2,Image 1,1,3231,
29.8281,,Surface,2,Image 1,1,3232,
19.4062,,Surface,2,Image 1,1,3234,
18.2578,,Surface,2,Image 1,1,3237,
14.8672,,Surface,2,Image 1,1,3238,
26.0547,,Surface,2,Image 1,1,3239,
30.7812,,Surface,2,Image 1,1,3240,
15.875,,Surface,2,Image 1,1,3241,
23.6641,,Surface,2,Image 1,1,3242,
25.3047,,Surface,2,Image 1,1,3243,
10.3906,,Surface,2,Image 1,1,3244,
27.4844,,Surface,2,Image 1,1,3245,
8.66992,,Surface,2,Image 1,1,3246,
25.2344,,Surface,2,Image 1,1,3247,
17.8008,,Surface,2,Image 1,1,3249,
19.9141,,Surface,2,Image 1,1,3250,
6.80078,,Surface,2,Image 1,1,3253,
24.3281,,Surface,2,Image 1,1,3255,
12.9844,,Surface,2,Image 1,1,3256,
24.8008,,Surface,2,Image 1,1,3258,
23.9766,,Surface,2,Image 1,1,3259,
5.90918,,Surface,2,Image 1,1,3260,
25.4609,,Surface,2,Image 1,1,3261,
22.8945,,Surface,2,Image 1,1,3262,
15.25,,Surface,2,Image 1,1,3263,
32.8906,,Surface,2,Image 1,1,3264,
28.7656,,Surface,2,Image 1,1,3266,
24.2656,,Surface,2,Image 1,1,3267,
9.66797,,Surface,2,Image 1,1,3268,
10.0391,,Surface,2,Image 1,1,3269,
33.5781,,Surface,2,Image 1,1,3270,
7.21875,,Surface,2,Image 1,1,3271,
30.2891,,Surface,2,Image 1,1,3272,
9.73438,,Surface,2,Image 1,1,3273,
27.7344,,Surface,2,Image 1,1,3274,
19.8828,,Surface,2,Image 1,1,3277,
13.1953,,Surface,2,Image 1,1,3278,
19.6758,,Surface,2,Image 1,1,3279,
20.1406,,Surface,2,Image 1,1,3280,
18.2266,,Surface,2,Image 1,1,3281,
28.3594,,Surface,2,Image 1,1,3282,
26.5312,,Surface,2,Image 1,1,3283,
6.51172,,Surface,2,Image 1,1,3285,
19.625,,Surface,2,Image 1,1,3287,
23.8047,,Surface,2,Image 1,1,3288,
18.4141,,Surface,2,Image 1,1,3289,
12.2344,,Surface,2,Image 1,1,3290,
23.5156,,Surface,2,Image 1,1,3291,
32.2344,,Surface,2,Image 1,1,3292,
21.4688,,Surface,2,Image 1,1,3295,
14.4375,,Surface,2,Image 1,1,3296,
8.99609,,Surface,2,Image 1,1,3298,
8.6875,,Surface,2,Image 1,1,3299,
24.375,,Surface,2,Image 1,1,3302,
6.50391,,Surface,2,Image 1,1,3303,
17.6016,,Surface,2,Image 1,1,3304,
17.9453,,Surface,2,Image 1,1,3306,
20.6953,,Surface,2,Image 1,1,3307,
38.0938,,Surface,2,Image 1,1,3308,
19.9219,,Surface,2,Image 1,1,3310,
23.0469,,Surface,2,Image 1,1,3313,
15.2422,,Surface,2,Image 1,1,3314,
16,,Surface,2,Image 1,1,3315,
114.25,,Surface,2,Image 1,1,3316,
1.08765,,Surface,2,Image 1,1,3317,
8,,Surface,2,Image 1,1,3318,
18.9922,,Surface,2,Image 1,1,3320,
21.9531,,Surface,2,Image 1,1,3321,
22.0234,,Surface,2,Image 1,1,3322,
20.5859,,Surface,2,Image 1,1,3323,
21.2109,,Surface,2,Image 1,1,3324,
9.46484,,Surface,2,Image 1,1,3325,
14.6875,,Surface,2,Image 1,1,3330,
15.6016,,Surface,2,Image 1,1,3332,
24.8281,,Surface,2,Image 1,1,3333,
32.25,,Surface,2,Image 1,1,3334,
23.3672,,Surface,2,Image 1,1,3335,
12.4375,,Surface,2,Image 1,1,3337,
12.8125,,Surface,2,Image 1,1,3338,
18.9297,,Surface,2,Image 1,1,3339,
18.875,,Surface,2,Image 1,1,3342,
20.3047,,Surface,2,Image 1,1,3343,
28,,Surface,2,Image 1,1,3344,
24.9531,,Surface,2,Image 1,1,3347,
9.33594,,Surface,2,Image 1,1,3350,
1.77393,,Surface,2,Image 1,1,3352,
9.6875,,Surface,2,Image 1,1,3356,
10.9062,,Surface,2,Image 1,1,3358,
13.875,,Surface,2,Image 1,1,3360,
2.53955,,Surface,2,Image 1,1,3361,
12.1094,,Surface,2,Image 1,1,3366,
4.44238,,Surface,2,Image 1,1,3368,
5.94531,,Surface,2,Image 1,1,3369,
20.9219,,Surface,2,Image 1,1,3370,
21.9844,,Surface,2,Image 1,1,3376,
23.25,,Surface,2,Image 1,1,3377,
22.6172,,Surface,2,Image 1,1,3380,
8.75,,Surface,2,Image 1,1,3391,
7.95312,,Surface,2,Image 1,1,3395,
38.25,,Surface,2,Image 1,1,3396,
11.8516,,Surface,2,Image 1,1,3397,
17.25,,Surface,2,Image 1,1,3404,
4.53125,,Surface,2,Image 1,1,3411,
0.300171,,Surface,2,Image 1,1,3412,
4.96289,,Surface,2,Image 1,1,3413,
8.125,,Surface,2,Image 1,1,3416,
4.66211,,Surface,2,Image 1,1,3417,
2.25391,,Surface,2,Image 1,1,3424,
2.01733,,Surface,2,Image 1,1,3425,
11.6875,,Surface,2,Image 1,1,3426,
5.2832,,Surface,2,Image 1,1,3430,
15.1094,,Surface,2,Image 1,1,3433,
6.19922,,Surface,2,Image 1,1,3434,
4.79492,,Surface,2,Image 1,1,3438,
4.5332,,Surface,2,Image 1,1,3439,
5.88672,,Surface,2,Image 1,1,3442,
1.3623,,Surface,2,Image 1,1,3443,
3.58008,,Surface,2,Image 1,1,3444,
6.14453,,Surface,2,Image 1,1,3448,
4.40234,,Surface,2,Image 1,1,3450,
23.5625,,Surface,2,Image 1,1,3459,
8.58984,,Surface,2,Image 1,1,3467,
4.24023,,Surface,2,Image 1,1,3471,
4.48047,,Surface,2,Image 1,1,3476,
3.25586,,Surface,2,Image 1,1,3480,
3.41016,,Surface,2,Image 1,1,3481,
5.27734,,Surface,2,Image 1,1,3485,
6.83594,,Surface,2,Image 1,1,3488,
2.729,,Surface,2,Image 1,1,3491,
5.23047,,Surface,2,Image 1,1,3492,
3.92383,,Surface,2,Image 1,1,3493,
12.125,,Surface,2,Image 1,1,3501,
7.18164,,Surface,2,Image 1,1,3511,
5.17969,,Surface,2,Image 1,1,3521,
3.4043,,Surface,2,Image 1,1,3522,
2.50293,,Surface,2,Image 1,1,3523,
2.29688,,Surface,2,Image 1,1,3530,
6.875,,Surface,2,Image 1,1,3535,
7.5,,Surface,2,Image 1,1,3536,
6.0332,,Surface,2,Image 1,1,3546,
2.68213,,Surface,2,Image 1,1,3561,
4.65137,,Surface,2,Image 1,1,3576,
4.17969,,Surface,2,Image 1,1,3581,
6.24219,,Surface,2,Image 1,1,3587,
5.19922,,Surface,2,Image 1,1,3598,
1.7749,,Surface,2,Image 1,1,3605,
2.7998,,Surface,2,Image 1,1,3607,
5.66113,,Surface,2,Image 1,1,3617,
3.41602,,Surface,2,Image 1,1,3638,
2.89062,,Surface,2,Image 1,1,3661,
2.79297,,Surface,2,Image 1,1,3690,
4.89258,,Surface,2,Image 1,1,3719,
3.69336,,Surface,2,Image 1,1,3724,
4.53516,,Surface,2,Image 1,1,3734,
3.53516,,Surface,2,Image 1,1,3747,
2.87891,,Surface,2,Image 1,1,3792,
2.6875,,Surface,2,Image 1,1,3815,
2.37402,,Surface,2,Image 1,1,3844,
3.3457,,Surface,2,Image 1,1,3858,
