
Intensity Max Ch=3 Img=1
 ==================== 
Intensity Max,Unit,Category,Channel,Image,Time,ID,
1.08939,,Surface,3,Image 1,1,320,
0.0413835,,Surface,3,Image 1,1,344,
74.2279,,Surface,3,Image 1,1,346,
29.7526,,Surface,3,Image 1,1,349,
26.345,,Surface,3,Image 1,1,351,
53.1336,,Surface,3,Image 1,1,352,
4.60686,,Surface,3,Image 1,1,353,
20.5004,,Surface,3,Image 1,1,354,
27.5336,,Surface,3,Image 1,1,355,
8.01216,,Surface,3,Image 1,1,356,
23.5495,,Surface,3,Image 1,1,357,
3.72601,,Surface,3,Image 1,1,358,
94.5762,,Surface,3,Image 1,1,359,
212.674,,Surface,3,Image 1,1,362,
6.50565,,Surface,3,Image 1,1,363,
1.91074,,Surface,3,Image 1,1,365,
5.64917,,Surface,3,Image 1,1,366,
4.24578,,Surface,3,Image 1,1,367,
47.4091,,Surface,3,Image 1,1,369,
0.912553,,Surface,3,Image 1,1,371,
11.3541,,Surface,3,Image 1,1,374,
12.4903,,Surface,3,Image 1,1,377,
106.247,,Surface,3,Image 1,1,380,
35.1411,,Surface,3,Image 1,1,381,
12.1458,,Surface,3,Image 1,1,382,
40.5322,,Surface,3,Image 1,1,383,
19.41,,Surface,3,Image 1,1,385,
79.1646,,Surface,3,Image 1,1,386,
6.11466,,Surface,3,Image 1,1,387,
58.685,,Surface,3,Image 1,1,388,
59.522,,Surface,3,Image 1,1,389,
5.81574,,Surface,3,Image 1,1,390,
80.2661,,Surface,3,Image 1,1,391,
6.09843,,Surface,3,Image 1,1,392,
100.816,,Surface,3,Image 1,1,393,
28.8144,,Surface,3,Image 1,1,395,
15.3259,,Surface,3,Image 1,1,396,
58.4038,,Surface,3,Image 1,1,398,
42.6948,,Surface,3,Image 1,1,399,
20.3385,,Surface,3,Image 1,1,401,
30.207,,Surface,3,Image 1,1,403,
81.2322,,Surface,3,Image 1,1,404,
0.972227,,Surface,3,Image 1,1,405,
17.8568,,Surface,3,Image 1,1,406,
82.1902,,Surface,3,Image 1,1,409,
15.1497,,Surface,3,Image 1,1,410,
13.4429,,Surface,3,Image 1,1,411,
20.8978,,Surface,3,Image 1,1,412,
21.1413,,Surface,3,Image 1,1,413,
33.638,,Surface,3,Image 1,1,414,
26.9449,,Surface,3,Image 1,1,415,
96.7831,,Surface,3,Image 1,1,416,
84.3027,,Surface,3,Image 1,1,418,
88.4395,,Surface,3,Image 1,1,419,
143.824,,Surface,3,Image 1,1,420,
7.60004,,Surface,3,Image 1,1,421,
13.8923,,Surface,3,Image 1,1,423,
57.4485,,Surface,3,Image 1,1,424,
60.1889,,Surface,3,Image 1,1,425,
31.7409,,Surface,3,Image 1,1,426,
23.9793,,Surface,3,Image 1,1,427,
92.5095,,Surface,3,Image 1,1,429,
71.5546,,Surface,3,Image 1,1,430,
54.3083,,Surface,3,Image 1,1,431,
38.9212,,Surface,3,Image 1,1,432,
0.772494,,Surface,3,Image 1,1,433,
2.53366,,Surface,3,Image 1,1,434,
26.5288,,Surface,3,Image 1,1,436,
49.0898,,Surface,3,Image 1,1,437,
40.5642,,Surface,3,Image 1,1,439,
44.2089,,Surface,3,Image 1,1,440,
71.6692,,Surface,3,Image 1,1,442,
32.1196,,Surface,3,Image 1,1,443,
49.9101,,Surface,3,Image 1,1,445,
10.6387,,Surface,3,Image 1,1,446,
4.89638,,Surface,3,Image 1,1,447,
60.7339,,Surface,3,Image 1,1,448,
6.65164,,Surface,3,Image 1,1,449,
45.7028,,Surface,3,Image 1,1,450,
34.2224,,Surface,3,Image 1,1,451,
3.04613,,Surface,3,Image 1,1,453,
24.4557,,Surface,3,Image 1,1,454,
23.9582,,Surface,3,Image 1,1,455,
31.1851,,Surface,3,Image 1,1,456,
21.7024,,Surface,3,Image 1,1,457,
31.392,,Surface,3,Image 1,1,458,
24.9062,,Surface,3,Image 1,1,459,
2.13799,,Surface,3,Image 1,1,461,
24.3776,,Surface,3,Image 1,1,462,
1.99436,,Surface,3,Image 1,1,463,
83.2709,,Surface,3,Image 1,1,464,
73.1541,,Surface,3,Image 1,1,465,
63.8999,,Surface,3,Image 1,1,466,
74.7177,,Surface,3,Image 1,1,467,
12.1632,,Surface,3,Image 1,1,469,
55.0446,,Surface,3,Image 1,1,470,
13.085,,Surface,3,Image 1,1,472,
2.75646,,Surface,3,Image 1,1,473,
68.2541,,Surface,3,Image 1,1,474,
4.94087,,Surface,3,Image 1,1,476,
23.1108,,Surface,3,Image 1,1,477,
16.1968,,Surface,3,Image 1,1,478,
40.9298,,Surface,3,Image 1,1,479,
35.554,,Surface,3,Image 1,1,480,
98.4316,,Surface,3,Image 1,1,481,
84.311,,Surface,3,Image 1,1,482,
26.7996,,Surface,3,Image 1,1,483,
12.6234,,Surface,3,Image 1,1,485,
54.6201,,Surface,3,Image 1,1,487,
3.95811,,Surface,3,Image 1,1,488,
70.7656,,Surface,3,Image 1,1,489,
15.656,,Surface,3,Image 1,1,490,
30.6425,,Surface,3,Image 1,1,491,
32.903,,Surface,3,Image 1,1,493,
37.8905,,Surface,3,Image 1,1,494,
1.24581,,Surface,3,Image 1,1,495,
1.2784,,Surface,3,Image 1,1,496,
36.4193,,Surface,3,Image 1,1,497,
36.66,,Surface,3,Image 1,1,498,
17.5566,,Surface,3,Image 1,1,500,
62.358,,Surface,3,Image 1,1,501,
58.7287,,Surface,3,Image 1,1,502,
36.245,,Surface,3,Image 1,1,506,
19.1789,,Surface,3,Image 1,1,508,
52.0882,,Surface,3,Image 1,1,511,
20.8499,,Surface,3,Image 1,1,512,
5.91479,,Surface,3,Image 1,1,513,
72.0443,,Surface,3,Image 1,1,514,
4.95736,,Surface,3,Image 1,1,515,
39.6772,,Surface,3,Image 1,1,516,
4.05977,,Surface,3,Image 1,1,518,
44.5768,,Surface,3,Image 1,1,520,
30.7759,,Surface,3,Image 1,1,521,
3.24777,,Surface,3,Image 1,1,522,
2.39908,,Surface,3,Image 1,1,523,
74.1865,,Surface,3,Image 1,1,524,
29.8664,,Surface,3,Image 1,1,525,
76.1947,,Surface,3,Image 1,1,526,
1.28944,,Surface,3,Image 1,1,527,
46.88,,Surface,3,Image 1,1,528,
1.10181,,Surface,3,Image 1,1,532,
55.2842,,Surface,3,Image 1,1,533,
204.612,,Surface,3,Image 1,1,534,
44.5865,,Surface,3,Image 1,1,535,
0.347786,,Surface,3,Image 1,1,536,
13.0446,,Surface,3,Image 1,1,538,
43.117,,Surface,3,Image 1,1,539,
10.083,,Surface,3,Image 1,1,540,
26.4914,,Surface,3,Image 1,1,541,
49.5394,,Surface,3,Image 1,1,542,
37.1543,,Surface,3,Image 1,1,543,
65.7129,,Surface,3,Image 1,1,544,
1.36332,,Surface,3,Image 1,1,545,
7.16259,,Surface,3,Image 1,1,546,
4.3831,,Surface,3,Image 1,1,547,
13.9812,,Surface,3,Image 1,1,548,
42.5976,,Surface,3,Image 1,1,550,
23.4253,,Surface,3,Image 1,1,551,
38.4669,,Surface,3,Image 1,1,552,
58.3139,,Surface,3,Image 1,1,553,
12.397,,Surface,3,Image 1,1,554,
124.977,,Surface,3,Image 1,1,556,
81.3969,,Surface,3,Image 1,1,557,
24.0883,,Surface,3,Image 1,1,559,
0.915281,,Surface,3,Image 1,1,562,
7.39516,,Surface,3,Image 1,1,563,
32.4303,,Surface,3,Image 1,1,564,
17.1278,,Surface,3,Image 1,1,565,
20.9009,,Surface,3,Image 1,1,566,
54.252,,Surface,3,Image 1,1,568,
37.7863,,Surface,3,Image 1,1,569,
13.2474,,Surface,3,Image 1,1,570,
12.2496,,Surface,3,Image 1,1,571,
31.9529,,Surface,3,Image 1,1,572,
0.332223,,Surface,3,Image 1,1,573,
95.9646,,Surface,3,Image 1,1,577,
39.0336,,Surface,3,Image 1,1,578,
128.085,,Surface,3,Image 1,1,579,
61.4161,,Surface,3,Image 1,1,580,
9.27956,,Surface,3,Image 1,1,582,
37.7087,,Surface,3,Image 1,1,583,
3.51935,,Surface,3,Image 1,1,584,
8.20059,,Surface,3,Image 1,1,585,
46.0199,,Surface,3,Image 1,1,586,
9.37783,,Surface,3,Image 1,1,588,
15.0621,,Surface,3,Image 1,1,589,
29.3832,,Surface,3,Image 1,1,591,
36.7591,,Surface,3,Image 1,1,592,
39.8053,,Surface,3,Image 1,1,593,
17.3475,,Surface,3,Image 1,1,594,
57.9411,,Surface,3,Image 1,1,595,
20.2279,,Surface,3,Image 1,1,596,
26.092,,Surface,3,Image 1,1,597,
49.2464,,Surface,3,Image 1,1,598,
8.31426,,Surface,3,Image 1,1,599,
27.1666,,Surface,3,Image 1,1,600,
11.5472,,Surface,3,Image 1,1,602,
27.7291,,Surface,3,Image 1,1,603,
29.6783,,Surface,3,Image 1,1,604,
16.3603,,Surface,3,Image 1,1,605,
50.2436,,Surface,3,Image 1,1,606,
4.85009,,Surface,3,Image 1,1,607,
18.3524,,Surface,3,Image 1,1,608,
1.95129,,Surface,3,Image 1,1,609,
82.2061,,Surface,3,Image 1,1,611,
11.6619,,Surface,3,Image 1,1,612,
41.8486,,Surface,3,Image 1,1,613,
107.96,,Surface,3,Image 1,1,614,
0.269445,,Surface,3,Image 1,1,617,
67.5532,,Surface,3,Image 1,1,618,
4.79803,,Surface,3,Image 1,1,619,
50.6708,,Surface,3,Image 1,1,620,
39.9572,,Surface,3,Image 1,1,621,
91.2186,,Surface,3,Image 1,1,623,
31.2805,,Surface,3,Image 1,1,624,
78.7415,,Surface,3,Image 1,1,626,
80.8679,,Surface,3,Image 1,1,627,
6.50139,,Surface,3,Image 1,1,628,
35.4653,,Surface,3,Image 1,1,629,
7.37403,,Surface,3,Image 1,1,630,
3.3596,,Surface,3,Image 1,1,631,
80.5288,,Surface,3,Image 1,1,632,
42.581,,Surface,3,Image 1,1,633,
36.0598,,Surface,3,Image 1,1,634,
204.276,,Surface,3,Image 1,1,635,
71.0156,,Surface,3,Image 1,1,636,
49.5453,,Surface,3,Image 1,1,637,
15.8692,,Surface,3,Image 1,1,638,
91.4106,,Surface,3,Image 1,1,639,
65.2007,,Surface,3,Image 1,1,641,
15.8365,,Surface,3,Image 1,1,642,
101.792,,Surface,3,Image 1,1,643,
12.5372,,Surface,3,Image 1,1,644,
22.0903,,Surface,3,Image 1,1,645,
4.30125,,Surface,3,Image 1,1,646,
369.015,,Surface,3,Image 1,1,648,
74.7632,,Surface,3,Image 1,1,649,
14.942,,Surface,3,Image 1,1,651,
46.4261,,Surface,3,Image 1,1,652,
39.7802,,Surface,3,Image 1,1,653,
91.707,,Surface,3,Image 1,1,654,
55.9255,,Surface,3,Image 1,1,656,
266.408,,Surface,3,Image 1,1,657,
51.9342,,Surface,3,Image 1,1,659,
31.4777,,Surface,3,Image 1,1,661,
24.9488,,Surface,3,Image 1,1,662,
139.132,,Surface,3,Image 1,1,663,
82.2868,,Surface,3,Image 1,1,665,
88.3124,,Surface,3,Image 1,1,666,
13.0432,,Surface,3,Image 1,1,667,
32.2135,,Surface,3,Image 1,1,669,
112.661,,Surface,3,Image 1,1,671,
61.2008,,Surface,3,Image 1,1,672,
20.8969,,Surface,3,Image 1,1,673,
33.1198,,Surface,3,Image 1,1,674,
9.58393,,Surface,3,Image 1,1,675,
25.689,,Surface,3,Image 1,1,676,
168.171,,Surface,3,Image 1,1,677,
49.3852,,Surface,3,Image 1,1,678,
30.6831,,Surface,3,Image 1,1,679,
67.5336,,Surface,3,Image 1,1,681,
190.332,,Surface,3,Image 1,1,683,
7.85495,,Surface,3,Image 1,1,684,
18.0686,,Surface,3,Image 1,1,687,
35.6506,,Surface,3,Image 1,1,688,
115.386,,Surface,3,Image 1,1,689,
10.3536,,Surface,3,Image 1,1,691,
38.7285,,Surface,3,Image 1,1,692,
31.4371,,Surface,3,Image 1,1,693,
25.2485,,Surface,3,Image 1,1,695,
52.7733,,Surface,3,Image 1,1,696,
31.4453,,Surface,3,Image 1,1,697,
48.1819,,Surface,3,Image 1,1,698,
95.4801,,Surface,3,Image 1,1,699,
25.1418,,Surface,3,Image 1,1,700,
22.4127,,Surface,3,Image 1,1,701,
73.4942,,Surface,3,Image 1,1,702,
12.1177,,Surface,3,Image 1,1,703,
24.7639,,Surface,3,Image 1,1,705,
51.3265,,Surface,3,Image 1,1,707,
135.918,,Surface,3,Image 1,1,708,
34.3661,,Surface,3,Image 1,1,709,
88.2705,,Surface,3,Image 1,1,711,
123.22,,Surface,3,Image 1,1,712,
32.2694,,Surface,3,Image 1,1,713,
51.4946,,Surface,3,Image 1,1,714,
28.1245,,Surface,3,Image 1,1,717,
2.47039,,Surface,3,Image 1,1,719,
5.57439,,Surface,3,Image 1,1,720,
3.79599,,Surface,3,Image 1,1,721,
37.8159,,Surface,3,Image 1,1,723,
24.8894,,Surface,3,Image 1,1,724,
118.541,,Surface,3,Image 1,1,725,
14.0522,,Surface,3,Image 1,1,726,
58.5908,,Surface,3,Image 1,1,727,
222.868,,Surface,3,Image 1,1,728,
1.13127,,Surface,3,Image 1,1,729,
74.0417,,Surface,3,Image 1,1,730,
9.04976,,Surface,3,Image 1,1,731,
6.28946,,Surface,3,Image 1,1,734,
51.7545,,Surface,3,Image 1,1,735,
14.3477,,Surface,3,Image 1,1,736,
28.928,,Surface,3,Image 1,1,737,
75.741,,Surface,3,Image 1,1,739,
51.3907,,Surface,3,Image 1,1,743,
74.901,,Surface,3,Image 1,1,744,
89.0075,,Surface,3,Image 1,1,745,
34.8456,,Surface,3,Image 1,1,746,
5.42199,,Surface,3,Image 1,1,747,
29.49,,Surface,3,Image 1,1,748,
41.6382,,Surface,3,Image 1,1,749,
32.9879,,Surface,3,Image 1,1,750,
23.9358,,Surface,3,Image 1,1,753,
95.5098,,Surface,3,Image 1,1,754,
24.4661,,Surface,3,Image 1,1,757,
8.32841,,Surface,3,Image 1,1,760,
11.2742,,Surface,3,Image 1,1,762,
5.90759,,Surface,3,Image 1,1,763,
226.78,,Surface,3,Image 1,1,764,
236.768,,Surface,3,Image 1,1,765,
15.5085,,Surface,3,Image 1,1,766,
91.5985,,Surface,3,Image 1,1,767,
13.6994,,Surface,3,Image 1,1,768,
49.9467,,Surface,3,Image 1,1,769,
82.9008,,Surface,3,Image 1,1,770,
29.9862,,Surface,3,Image 1,1,771,
6.4464,,Surface,3,Image 1,1,772,
98.0401,,Surface,3,Image 1,1,776,
78.3972,,Surface,3,Image 1,1,779,
53.7585,,Surface,3,Image 1,1,780,
15.3748,,Surface,3,Image 1,1,781,
71.1785,,Surface,3,Image 1,1,783,
20.8578,,Surface,3,Image 1,1,786,
27.6181,,Surface,3,Image 1,1,787,
2.33181,,Surface,3,Image 1,1,789,
22.1429,,Surface,3,Image 1,1,790,
95.7565,,Surface,3,Image 1,1,791,
30.9311,,Surface,3,Image 1,1,792,
19.7965,,Surface,3,Image 1,1,793,
22.7773,,Surface,3,Image 1,1,794,
23.9161,,Surface,3,Image 1,1,796,
111.511,,Surface,3,Image 1,1,797,
100.819,,Surface,3,Image 1,1,798,
5.30759,,Surface,3,Image 1,1,799,
13.4411,,Surface,3,Image 1,1,800,
19.4781,,Surface,3,Image 1,1,801,
88.8502,,Surface,3,Image 1,1,803,
19.3592,,Surface,3,Image 1,1,804,
17.2472,,Surface,3,Image 1,1,805,
39.4114,,Surface,3,Image 1,1,807,
13.701,,Surface,3,Image 1,1,809,
0.833551,,Surface,3,Image 1,1,810,
8.84889,,Surface,3,Image 1,1,811,
30.9364,,Surface,3,Image 1,1,812,
11.8283,,Surface,3,Image 1,1,813,
40.0696,,Surface,3,Image 1,1,815,
42.3461,,Surface,3,Image 1,1,817,
53.283,,Surface,3,Image 1,1,818,
52.9757,,Surface,3,Image 1,1,819,
158.92,,Surface,3,Image 1,1,820,
57.8874,,Surface,3,Image 1,1,821,
63.8958,,Surface,3,Image 1,1,823,
4.65364,,Surface,3,Image 1,1,824,
46.7676,,Surface,3,Image 1,1,825,
0.607683,,Surface,3,Image 1,1,826,
1.61778,,Surface,3,Image 1,1,827,
19.9259,,Surface,3,Image 1,1,828,
42.5094,,Surface,3,Image 1,1,829,
188.292,,Surface,3,Image 1,1,830,
73.2732,,Surface,3,Image 1,1,833,
97.7578,,Surface,3,Image 1,1,836,
98.6708,,Surface,3,Image 1,1,837,
265.488,,Surface,3,Image 1,1,840,
71.2095,,Surface,3,Image 1,1,843,
164.253,,Surface,3,Image 1,1,846,
27.353,,Surface,3,Image 1,1,847,
61.7718,,Surface,3,Image 1,1,848,
310.267,,Surface,3,Image 1,1,849,
155.084,,Surface,3,Image 1,1,851,
81.6207,,Surface,3,Image 1,1,852,
173.632,,Surface,3,Image 1,1,854,
135.193,,Surface,3,Image 1,1,857,
24.0247,,Surface,3,Image 1,1,860,
118.011,,Surface,3,Image 1,1,862,
51.5329,,Surface,3,Image 1,1,863,
91.0416,,Surface,3,Image 1,1,865,
2.72861,,Surface,3,Image 1,1,870,
258.934,,Surface,3,Image 1,1,873,
334.705,,Surface,3,Image 1,1,875,
113.628,,Surface,3,Image 1,1,877,
168.627,,Surface,3,Image 1,1,879,
66.5865,,Surface,3,Image 1,1,881,
46.9074,,Surface,3,Image 1,1,883,
0.325968,,Surface,3,Image 1,1,885,
14.7514,,Surface,3,Image 1,1,886,
84.8578,,Surface,3,Image 1,1,887,
6.58339,,Surface,3,Image 1,1,891,
51.6698,,Surface,3,Image 1,1,892,
102.116,,Surface,3,Image 1,1,899,
2.97152,,Surface,3,Image 1,1,901,
30.4433,,Surface,3,Image 1,1,903,
228.633,,Surface,3,Image 1,1,905,
42.4877,,Surface,3,Image 1,1,906,
289.233,,Surface,3,Image 1,1,907,
2.40918,,Surface,3,Image 1,1,908,
64.4103,,Surface,3,Image 1,1,909,
0.678082,,Surface,3,Image 1,1,920,
53.0111,,Surface,3,Image 1,1,922,
57.9023,,Surface,3,Image 1,1,924,
54.3769,,Surface,3,Image 1,1,929,
88.2748,,Surface,3,Image 1,1,935,
89.3886,,Surface,3,Image 1,1,937,
7.91288,,Surface,3,Image 1,1,938,
42.0889,,Surface,3,Image 1,1,943,
30.4052,,Surface,3,Image 1,1,949,
7.35199,,Surface,3,Image 1,1,953,
177.68,,Surface,3,Image 1,1,956,
56.577,,Surface,3,Image 1,1,960,
129.102,,Surface,3,Image 1,1,962,
56.2017,,Surface,3,Image 1,1,964,
0.839782,,Surface,3,Image 1,1,965,
89.19,,Surface,3,Image 1,1,968,
112.751,,Surface,3,Image 1,1,977,
78.459,,Surface,3,Image 1,1,978,
141.977,,Surface,3,Image 1,1,987,
25.2662,,Surface,3,Image 1,1,990,
115.487,,Surface,3,Image 1,1,991,
65.9456,,Surface,3,Image 1,1,995,
128.189,,Surface,3,Image 1,1,996,
36.7226,,Surface,3,Image 1,1,1002,
1.81772,,Surface,3,Image 1,1,1004,
91.8336,,Surface,3,Image 1,1,1006,
78.7166,,Surface,3,Image 1,1,1010,
138.491,,Surface,3,Image 1,1,1011,
57.6108,,Surface,3,Image 1,1,1013,
0.159851,,Surface,3,Image 1,1,1019,
39.9203,,Surface,3,Image 1,1,1024,
357.268,,Surface,3,Image 1,1,1026,
49.8676,,Surface,3,Image 1,1,1031,
99.3522,,Surface,3,Image 1,1,1033,
359.021,,Surface,3,Image 1,1,1044,
44.5803,,Surface,3,Image 1,1,1045,
57.0729,,Surface,3,Image 1,1,1047,
94.5389,,Surface,3,Image 1,1,1052,
28.5508,,Surface,3,Image 1,1,1055,
136.93,,Surface,3,Image 1,1,1056,
24.9441,,Surface,3,Image 1,1,1061,
13.4292,,Surface,3,Image 1,1,1064,
70.2078,,Surface,3,Image 1,1,1077,
120.794,,Surface,3,Image 1,1,1084,
160.003,,Surface,3,Image 1,1,1089,
122.729,,Surface,3,Image 1,1,1098,
144.024,,Surface,3,Image 1,1,1104,
78.0221,,Surface,3,Image 1,1,1107,
66.7337,,Surface,3,Image 1,1,1109,
12.5628,,Surface,3,Image 1,1,1110,
186.699,,Surface,3,Image 1,1,1114,
120.746,,Surface,3,Image 1,1,1115,
5.74541,,Surface,3,Image 1,1,1130,
14.6109,,Surface,3,Image 1,1,1131,
133.227,,Surface,3,Image 1,1,1139,
89.3661,,Surface,3,Image 1,1,1150,
102.433,,Surface,3,Image 1,1,1152,
0.208866,,Surface,3,Image 1,1,1156,
296.81,,Surface,3,Image 1,1,1159,
52.3778,,Surface,3,Image 1,1,1161,
148.497,,Surface,3,Image 1,1,1164,
216.006,,Surface,3,Image 1,1,1168,
87.118,,Surface,3,Image 1,1,1182,
41.2026,,Surface,3,Image 1,1,1186,
172.637,,Surface,3,Image 1,1,1197,
195.859,,Surface,3,Image 1,1,1201,
62.3341,,Surface,3,Image 1,1,1209,
62.4526,,Surface,3,Image 1,1,1213,
133.895,,Surface,3,Image 1,1,1218,
26.0336,,Surface,3,Image 1,1,1228,
66.2145,,Surface,3,Image 1,1,1235,
109.828,,Surface,3,Image 1,1,1252,
108.398,,Surface,3,Image 1,1,1257,
89.5715,,Surface,3,Image 1,1,1259,
146.265,,Surface,3,Image 1,1,1262,
27.9291,,Surface,3,Image 1,1,1269,
92.6815,,Surface,3,Image 1,1,1276,
200.025,,Surface,3,Image 1,1,1281,
31.0071,,Surface,3,Image 1,1,1283,
164.883,,Surface,3,Image 1,1,1284,
59.9373,,Surface,3,Image 1,1,1288,
75.2254,,Surface,3,Image 1,1,1302,
57.5545,,Surface,3,Image 1,1,1303,
55.9293,,Surface,3,Image 1,1,1310,
74.1239,,Surface,3,Image 1,1,1317,
66.6088,,Surface,3,Image 1,1,1326,
39.6193,,Surface,3,Image 1,1,1328,
71.6353,,Surface,3,Image 1,1,1331,
76.4785,,Surface,3,Image 1,1,1336,
60.8819,,Surface,3,Image 1,1,1337,
48.8149,,Surface,3,Image 1,1,1345,
131.495,,Surface,3,Image 1,1,1352,
18.183,,Surface,3,Image 1,1,1353,
89.692,,Surface,3,Image 1,1,1356,
39.2802,,Surface,3,Image 1,1,1358,
91.8299,,Surface,3,Image 1,1,1359,
148.275,,Surface,3,Image 1,1,1360,
36.9054,,Surface,3,Image 1,1,1363,
110.338,,Surface,3,Image 1,1,1374,
48.6328,,Surface,3,Image 1,1,1376,
49.2742,,Surface,3,Image 1,1,1377,
33.482,,Surface,3,Image 1,1,1378,
70.3205,,Surface,3,Image 1,1,1380,
45.1654,,Surface,3,Image 1,1,1382,
28.2673,,Surface,3,Image 1,1,1383,
0.0109429,,Surface,3,Image 1,1,1387,
28.4612,,Surface,3,Image 1,1,1388,
48.0569,,Surface,3,Image 1,1,1389,
77.0181,,Surface,3,Image 1,1,1390,
79.5017,,Surface,3,Image 1,1,1392,
81.5652,,Surface,3,Image 1,1,1393,
413.236,,Surface,3,Image 1,1,1398,
32.2964,,Surface,3,Image 1,1,1400,
47.7223,,Surface,3,Image 1,1,1401,
0.0108295,,Surface,3,Image 1,1,1402,
15.5427,,Surface,3,Image 1,1,1404,
87.6051,,Surface,3,Image 1,1,1407,
21.5563,,Surface,3,Image 1,1,1410,
138.206,,Surface,3,Image 1,1,1411,
3.25634,,Surface,3,Image 1,1,1412,
17.8234,,Surface,3,Image 1,1,1414,
98.4385,,Surface,3,Image 1,1,1417,
47.1567,,Surface,3,Image 1,1,1418,
41.5852,,Surface,3,Image 1,1,1424,
456.156,,Surface,3,Image 1,1,1425,
43.6226,,Surface,3,Image 1,1,1426,
54.9841,,Surface,3,Image 1,1,1432,
89.1354,,Surface,3,Image 1,1,1434,
0.627198,,Surface,3,Image 1,1,1438,
21.8846,,Surface,3,Image 1,1,1441,
126.478,,Surface,3,Image 1,1,1444,
72.1393,,Surface,3,Image 1,1,1445,
30.7834,,Surface,3,Image 1,1,1446,
229.486,,Surface,3,Image 1,1,1450,
27.3083,,Surface,3,Image 1,1,1453,
13.0458,,Surface,3,Image 1,1,1455,
102.853,,Surface,3,Image 1,1,1460,
13.9725,,Surface,3,Image 1,1,1461,
33.5391,,Surface,3,Image 1,1,1462,
215.587,,Surface,3,Image 1,1,1464,
114.371,,Surface,3,Image 1,1,1465,
224.09,,Surface,3,Image 1,1,1466,
34.3299,,Surface,3,Image 1,1,1469,
66.4545,,Surface,3,Image 1,1,1470,
240.806,,Surface,3,Image 1,1,1471,
58.797,,Surface,3,Image 1,1,1477,
74.8942,,Surface,3,Image 1,1,1479,
67.04,,Surface,3,Image 1,1,1480,
660.08,,Surface,3,Image 1,1,1481,
176.347,,Surface,3,Image 1,1,1485,
48.0682,,Surface,3,Image 1,1,1487,
132.268,,Surface,3,Image 1,1,1488,
59.5304,,Surface,3,Image 1,1,1489,
41.1079,,Surface,3,Image 1,1,1491,
396.042,,Surface,3,Image 1,1,1495,
70.5262,,Surface,3,Image 1,1,1496,
0.567115,,Surface,3,Image 1,1,1497,
99.3157,,Surface,3,Image 1,1,1503,
277.792,,Surface,3,Image 1,1,1505,
17.3618,,Surface,3,Image 1,1,1506,
407.22,,Surface,3,Image 1,1,1508,
67.5427,,Surface,3,Image 1,1,1509,
23.4008,,Surface,3,Image 1,1,1511,
32.8058,,Surface,3,Image 1,1,1516,
60.7178,,Surface,3,Image 1,1,1518,
35.1975,,Surface,3,Image 1,1,1519,
92.1543,,Surface,3,Image 1,1,1520,
26.4066,,Surface,3,Image 1,1,1523,
28.287,,Surface,3,Image 1,1,1524,
61.2663,,Surface,3,Image 1,1,1527,
19.7129,,Surface,3,Image 1,1,1528,
107.013,,Surface,3,Image 1,1,1529,
125.881,,Surface,3,Image 1,1,1530,
64.1438,,Surface,3,Image 1,1,1532,
420.542,,Surface,3,Image 1,1,1533,
192.122,,Surface,3,Image 1,1,1536,
277.38,,Surface,3,Image 1,1,1538,
58.9081,,Surface,3,Image 1,1,1541,
21.6665,,Surface,3,Image 1,1,1543,
40.7816,,Surface,3,Image 1,1,1548,
60.2791,,Surface,3,Image 1,1,1549,
281.407,,Surface,3,Image 1,1,1550,
24.6308,,Surface,3,Image 1,1,1551,
114.36,,Surface,3,Image 1,1,1552,
35.0026,,Surface,3,Image 1,1,1553,
43.9228,,Surface,3,Image 1,1,1554,
55.7817,,Surface,3,Image 1,1,1556,
75.9119,,Surface,3,Image 1,1,1557,
858.485,,Surface,3,Image 1,1,1558,
24.5702,,Surface,3,Image 1,1,1559,
216.86,,Surface,3,Image 1,1,1561,
45.9929,,Surface,3,Image 1,1,1563,
207.505,,Surface,3,Image 1,1,1569,
33.34,,Surface,3,Image 1,1,1571,
36.3131,,Surface,3,Image 1,1,1572,
20.4641,,Surface,3,Image 1,1,1574,
108.944,,Surface,3,Image 1,1,1578,
85.0773,,Surface,3,Image 1,1,1582,
11.6239,,Surface,3,Image 1,1,1583,
99.3799,,Surface,3,Image 1,1,1584,
419.968,,Surface,3,Image 1,1,1585,
46.0058,,Surface,3,Image 1,1,1586,
37.5252,,Surface,3,Image 1,1,1587,
36.6905,,Surface,3,Image 1,1,1588,
106.135,,Surface,3,Image 1,1,1589,
33.0886,,Surface,3,Image 1,1,1592,
71.6573,,Surface,3,Image 1,1,1595,
63.2088,,Surface,3,Image 1,1,1597,
70.6628,,Surface,3,Image 1,1,1598,
35.4035,,Surface,3,Image 1,1,1601,
116.199,,Surface,3,Image 1,1,1604,
246.952,,Surface,3,Image 1,1,1605,
61.122,,Surface,3,Image 1,1,1606,
28.1774,,Surface,3,Image 1,1,1607,
37.6573,,Surface,3,Image 1,1,1611,
69.9443,,Surface,3,Image 1,1,1615,
69.9128,,Surface,3,Image 1,1,1616,
51.3514,,Surface,3,Image 1,1,1618,
44.8811,,Surface,3,Image 1,1,1619,
54.0858,,Surface,3,Image 1,1,1621,
26.207,,Surface,3,Image 1,1,1622,
219.414,,Surface,3,Image 1,1,1624,
54.7555,,Surface,3,Image 1,1,1625,
737.064,,Surface,3,Image 1,1,1626,
88.1124,,Surface,3,Image 1,1,1627,
215.418,,Surface,3,Image 1,1,1630,
101.048,,Surface,3,Image 1,1,1631,
84.2386,,Surface,3,Image 1,1,1634,
58.6563,,Surface,3,Image 1,1,1635,
80.6829,,Surface,3,Image 1,1,1638,
134.049,,Surface,3,Image 1,1,1639,
102.515,,Surface,3,Image 1,1,1640,
24.5018,,Surface,3,Image 1,1,1641,
264.287,,Surface,3,Image 1,1,1645,
31.7707,,Surface,3,Image 1,1,1655,
177.243,,Surface,3,Image 1,1,1658,
65.1579,,Surface,3,Image 1,1,1659,
348.09,,Surface,3,Image 1,1,1660,
613.717,,Surface,3,Image 1,1,1664,
163.691,,Surface,3,Image 1,1,1665,
129.981,,Surface,3,Image 1,1,1666,
64.3465,,Surface,3,Image 1,1,1667,
343.288,,Surface,3,Image 1,1,1670,
131.426,,Surface,3,Image 1,1,1672,
42.5132,,Surface,3,Image 1,1,1673,
55.3942,,Surface,3,Image 1,1,1675,
31.8198,,Surface,3,Image 1,1,1677,
63.0548,,Surface,3,Image 1,1,1678,
33.9282,,Surface,3,Image 1,1,1679,
87.01,,Surface,3,Image 1,1,1680,
51.281,,Surface,3,Image 1,1,1682,
112.836,,Surface,3,Image 1,1,1684,
11.5487,,Surface,3,Image 1,1,1688,
43.8971,,Surface,3,Image 1,1,1690,
171.014,,Surface,3,Image 1,1,1691,
14.2827,,Surface,3,Image 1,1,1692,
26.0565,,Surface,3,Image 1,1,1695,
68.1133,,Surface,3,Image 1,1,1697,
195.47,,Surface,3,Image 1,1,1699,
43.7935,,Surface,3,Image 1,1,1701,
80.8322,,Surface,3,Image 1,1,1710,
3.81395,,Surface,3,Image 1,1,1711,
54.2309,,Surface,3,Image 1,1,1714,
44.4658,,Surface,3,Image 1,1,1715,
50.4578,,Surface,3,Image 1,1,1716,
55.0106,,Surface,3,Image 1,1,1718,
35.7344,,Surface,3,Image 1,1,1719,
81.8601,,Surface,3,Image 1,1,1722,
243.932,,Surface,3,Image 1,1,1724,
3.0106,,Surface,3,Image 1,1,1726,
85.0146,,Surface,3,Image 1,1,1727,
25.5437,,Surface,3,Image 1,1,1730,
33.9215,,Surface,3,Image 1,1,1734,
46.1649,,Surface,3,Image 1,1,1735,
29.0316,,Surface,3,Image 1,1,1738,
70.0944,,Surface,3,Image 1,1,1740,
15.9526,,Surface,3,Image 1,1,1741,
23.9028,,Surface,3,Image 1,1,1744,
78.8576,,Surface,3,Image 1,1,1747,
53.0482,,Surface,3,Image 1,1,1748,
46.6558,,Surface,3,Image 1,1,1749,
38.3312,,Surface,3,Image 1,1,1750,
232.734,,Surface,3,Image 1,1,1755,
29.6269,,Surface,3,Image 1,1,1757,
0.253447,,Surface,3,Image 1,1,1761,
16.3432,,Surface,3,Image 1,1,1762,
36.5661,,Surface,3,Image 1,1,1763,
558.208,,Surface,3,Image 1,1,1764,
28.0055,,Surface,3,Image 1,1,1765,
432.828,,Surface,3,Image 1,1,1767,
192.973,,Surface,3,Image 1,1,1770,
286.455,,Surface,3,Image 1,1,1771,
64.5139,,Surface,3,Image 1,1,1773,
27.6544,,Surface,3,Image 1,1,1775,
230.008,,Surface,3,Image 1,1,1777,
59.9365,,Surface,3,Image 1,1,1778,
17.1272,,Surface,3,Image 1,1,1780,
218.371,,Surface,3,Image 1,1,1782,
20.5071,,Surface,3,Image 1,1,1783,
18.4647,,Surface,3,Image 1,1,1784,
94.0119,,Surface,3,Image 1,1,1786,
421.562,,Surface,3,Image 1,1,1787,
18.1976,,Surface,3,Image 1,1,1789,
20.7602,,Surface,3,Image 1,1,1793,
20.7705,,Surface,3,Image 1,1,1796,
28.2329,,Surface,3,Image 1,1,1797,
311.901,,Surface,3,Image 1,1,1800,
74.7062,,Surface,3,Image 1,1,1806,
51.813,,Surface,3,Image 1,1,1807,
217.851,,Surface,3,Image 1,1,1809,
51.6589,,Surface,3,Image 1,1,1810,
42.8669,,Surface,3,Image 1,1,1812,
50.5133,,Surface,3,Image 1,1,1813,
24.8888,,Surface,3,Image 1,1,1814,
586.029,,Surface,3,Image 1,1,1817,
47.8046,,Surface,3,Image 1,1,1818,
25.9363,,Surface,3,Image 1,1,1821,
28.5872,,Surface,3,Image 1,1,1822,
55.5996,,Surface,3,Image 1,1,1824,
787.235,,Surface,3,Image 1,1,1825,
90.3496,,Surface,3,Image 1,1,1827,
22.9128,,Surface,3,Image 1,1,1828,
436.902,,Surface,3,Image 1,1,1829,
19.8853,,Surface,3,Image 1,1,1830,
2.49932,,Surface,3,Image 1,1,1832,
19.3179,,Surface,3,Image 1,1,1834,
17.246,,Surface,3,Image 1,1,1836,
70.6529,,Surface,3,Image 1,1,1837,
20.9476,,Surface,3,Image 1,1,1839,
47.1425,,Surface,3,Image 1,1,1840,
54.0603,,Surface,3,Image 1,1,1844,
48.3272,,Surface,3,Image 1,1,1846,
376.65,,Surface,3,Image 1,1,1847,
156.339,,Surface,3,Image 1,1,1849,
150.635,,Surface,3,Image 1,1,1852,
33.6264,,Surface,3,Image 1,1,1853,
55.683,,Surface,3,Image 1,1,1856,
18.4711,,Surface,3,Image 1,1,1858,
23.0408,,Surface,3,Image 1,1,1861,
80.7883,,Surface,3,Image 1,1,1866,
103.396,,Surface,3,Image 1,1,1867,
21.0365,,Surface,3,Image 1,1,1869,
76.1654,,Surface,3,Image 1,1,1872,
15.6143,,Surface,3,Image 1,1,1874,
174.432,,Surface,3,Image 1,1,1877,
12.1689,,Surface,3,Image 1,1,1878,
440.294,,Surface,3,Image 1,1,1879,
43.8373,,Surface,3,Image 1,1,1882,
100.252,,Surface,3,Image 1,1,1884,
105.146,,Surface,3,Image 1,1,1885,
79.159,,Surface,3,Image 1,1,1886,
24.0769,,Surface,3,Image 1,1,1887,
62.3499,,Surface,3,Image 1,1,1889,
84.3427,,Surface,3,Image 1,1,1890,
27.3971,,Surface,3,Image 1,1,1891,
50.1172,,Surface,3,Image 1,1,1894,
20.0923,,Surface,3,Image 1,1,1898,
34.9872,,Surface,3,Image 1,1,1899,
104.014,,Surface,3,Image 1,1,1901,
18.4503,,Surface,3,Image 1,1,1903,
11.0918,,Surface,3,Image 1,1,1904,
17.6949,,Surface,3,Image 1,1,1906,
43.3238,,Surface,3,Image 1,1,1908,
79.1853,,Surface,3,Image 1,1,1909,
138.214,,Surface,3,Image 1,1,1910,
148.082,,Surface,3,Image 1,1,1911,
144.042,,Surface,3,Image 1,1,1913,
121.846,,Surface,3,Image 1,1,1916,
60.7021,,Surface,3,Image 1,1,1918,
39.9223,,Surface,3,Image 1,1,1920,
22.8659,,Surface,3,Image 1,1,1921,
41.3994,,Surface,3,Image 1,1,1922,
68.9663,,Surface,3,Image 1,1,1924,
68.8199,,Surface,3,Image 1,1,1925,
68.8322,,Surface,3,Image 1,1,1926,
736.717,,Surface,3,Image 1,1,1927,
32.2367,,Surface,3,Image 1,1,1928,
42.3979,,Surface,3,Image 1,1,1930,
130.406,,Surface,3,Image 1,1,1932,
93.548,,Surface,3,Image 1,1,1933,
27.3983,,Surface,3,Image 1,1,1934,
53.3207,,Surface,3,Image 1,1,1935,
92.1775,,Surface,3,Image 1,1,1936,
57.0039,,Surface,3,Image 1,1,1940,
44.0916,,Surface,3,Image 1,1,1941,
48.0634,,Surface,3,Image 1,1,1942,
68.5601,,Surface,3,Image 1,1,1943,
92.3689,,Surface,3,Image 1,1,1945,
47.8435,,Surface,3,Image 1,1,1948,
31.5716,,Surface,3,Image 1,1,1950,
69.3503,,Surface,3,Image 1,1,1951,
327.381,,Surface,3,Image 1,1,1954,
129.386,,Surface,3,Image 1,1,1955,
231.966,,Surface,3,Image 1,1,1961,
81.8876,,Surface,3,Image 1,1,1962,
48.6413,,Surface,3,Image 1,1,1963,
712.724,,Surface,3,Image 1,1,1966,
27.9326,,Surface,3,Image 1,1,1967,
3.78423,,Surface,3,Image 1,1,1973,
83.4723,,Surface,3,Image 1,1,1975,
678.345,,Surface,3,Image 1,1,1977,
82.6457,,Surface,3,Image 1,1,1979,
51.2994,,Surface,3,Image 1,1,1980,
29.9002,,Surface,3,Image 1,1,1981,
51.8354,,Surface,3,Image 1,1,1982,
57.1418,,Surface,3,Image 1,1,1983,
127.634,,Surface,3,Image 1,1,1984,
186.33,,Surface,3,Image 1,1,1987,
12.224,,Surface,3,Image 1,1,1988,
454.945,,Surface,3,Image 1,1,1989,
77.6501,,Surface,3,Image 1,1,1990,
495.85,,Surface,3,Image 1,1,1992,
69.3558,,Surface,3,Image 1,1,1993,
209.341,,Surface,3,Image 1,1,1995,
34.3457,,Surface,3,Image 1,1,1997,
66.6022,,Surface,3,Image 1,1,1999,
15.6051,,Surface,3,Image 1,1,2000,
356.257,,Surface,3,Image 1,1,2001,
15.6001,,Surface,3,Image 1,1,2002,
626.497,,Surface,3,Image 1,1,2006,
25.1138,,Surface,3,Image 1,1,2007,
30.161,,Surface,3,Image 1,1,2008,
35.3438,,Surface,3,Image 1,1,2010,
92.2908,,Surface,3,Image 1,1,2012,
210.824,,Surface,3,Image 1,1,2013,
131.072,,Surface,3,Image 1,1,2015,
254.865,,Surface,3,Image 1,1,2016,
24.3388,,Surface,3,Image 1,1,2020,
85.431,,Surface,3,Image 1,1,2023,
22.9811,,Surface,3,Image 1,1,2024,
272.948,,Surface,3,Image 1,1,2025,
70.3168,,Surface,3,Image 1,1,2027,
51.1137,,Surface,3,Image 1,1,2028,
72.8435,,Surface,3,Image 1,1,2029,
22.7382,,Surface,3,Image 1,1,2030,
65.306,,Surface,3,Image 1,1,2033,
23.6481,,Surface,3,Image 1,1,2034,
16.2269,,Surface,3,Image 1,1,2035,
56.9048,,Surface,3,Image 1,1,2036,
15.1582,,Surface,3,Image 1,1,2038,
21.2922,,Surface,3,Image 1,1,2039,
50.3746,,Surface,3,Image 1,1,2040,
38.7323,,Surface,3,Image 1,1,2041,
86.5932,,Surface,3,Image 1,1,2042,
45.9269,,Surface,3,Image 1,1,2044,
882.607,,Surface,3,Image 1,1,2046,
13.471,,Surface,3,Image 1,1,2048,
13.1731,,Surface,3,Image 1,1,2049,
50.2797,,Surface,3,Image 1,1,2051,
4.57609,,Surface,3,Image 1,1,2052,
125.875,,Surface,3,Image 1,1,2053,
97.3917,,Surface,3,Image 1,1,2054,
16.4527,,Surface,3,Image 1,1,2059,
183.415,,Surface,3,Image 1,1,2060,
644.954,,Surface,3,Image 1,1,2062,
32.7187,,Surface,3,Image 1,1,2063,
170.4,,Surface,3,Image 1,1,2064,
78.2077,,Surface,3,Image 1,1,2066,
12.1612,,Surface,3,Image 1,1,2068,
155.044,,Surface,3,Image 1,1,2071,
21.33,,Surface,3,Image 1,1,2072,
7.31324,,Surface,3,Image 1,1,2075,
47.1068,,Surface,3,Image 1,1,2076,
26.5477,,Surface,3,Image 1,1,2082,
102.014,,Surface,3,Image 1,1,2083,
75.0227,,Surface,3,Image 1,1,2088,
101.401,,Surface,3,Image 1,1,2090,
5.55597,,Surface,3,Image 1,1,2092,
54.7096,,Surface,3,Image 1,1,2097,
9.18006,,Surface,3,Image 1,1,2098,
146.101,,Surface,3,Image 1,1,2101,
85.8291,,Surface,3,Image 1,1,2103,
51.627,,Surface,3,Image 1,1,2106,
141.667,,Surface,3,Image 1,1,2107,
11.7225,,Surface,3,Image 1,1,2108,
103.182,,Surface,3,Image 1,1,2109,
46.9893,,Surface,3,Image 1,1,2112,
128.355,,Surface,3,Image 1,1,2113,
130.447,,Surface,3,Image 1,1,2116,
152.437,,Surface,3,Image 1,1,2117,
10.9087,,Surface,3,Image 1,1,2118,
28.6104,,Surface,3,Image 1,1,2120,
239.379,,Surface,3,Image 1,1,2122,
49.0418,,Surface,3,Image 1,1,2123,
95.3474,,Surface,3,Image 1,1,2124,
115.415,,Surface,3,Image 1,1,2126,
149.584,,Surface,3,Image 1,1,2127,
83.7483,,Surface,3,Image 1,1,2130,
169.584,,Surface,3,Image 1,1,2131,
1003.45,,Surface,3,Image 1,1,2132,
27.4942,,Surface,3,Image 1,1,2133,
264.665,,Surface,3,Image 1,1,2137,
67.6863,,Surface,3,Image 1,1,2138,
41.5069,,Surface,3,Image 1,1,2140,
32.9811,,Surface,3,Image 1,1,2142,
31.7727,,Surface,3,Image 1,1,2145,
86.551,,Surface,3,Image 1,1,2146,
239.508,,Surface,3,Image 1,1,2147,
30.0425,,Surface,3,Image 1,1,2148,
15.3786,,Surface,3,Image 1,1,2150,
144.083,,Surface,3,Image 1,1,2151,
92.0949,,Surface,3,Image 1,1,2152,
103.749,,Surface,3,Image 1,1,2154,
132.911,,Surface,3,Image 1,1,2155,
27.6876,,Surface,3,Image 1,1,2156,
10.0635,,Surface,3,Image 1,1,2158,
20.9004,,Surface,3,Image 1,1,2159,
50.4326,,Surface,3,Image 1,1,2160,
162.763,,Surface,3,Image 1,1,2161,
5.46532,,Surface,3,Image 1,1,2162,
6.66227,,Surface,3,Image 1,1,2163,
70.5129,,Surface,3,Image 1,1,2164,
141.989,,Surface,3,Image 1,1,2167,
59.8094,,Surface,3,Image 1,1,2168,
105.251,,Surface,3,Image 1,1,2170,
68.7536,,Surface,3,Image 1,1,2171,
21.3696,,Surface,3,Image 1,1,2172,
81.7964,,Surface,3,Image 1,1,2174,
67.5939,,Surface,3,Image 1,1,2176,
196.253,,Surface,3,Image 1,1,2177,
6.59702,,Surface,3,Image 1,1,2178,
65.2321,,Surface,3,Image 1,1,2179,
26.6164,,Surface,3,Image 1,1,2182,
133.321,,Surface,3,Image 1,1,2183,
110.272,,Surface,3,Image 1,1,2184,
67.4079,,Surface,3,Image 1,1,2185,
78.7795,,Surface,3,Image 1,1,2190,
7.86482,,Surface,3,Image 1,1,2191,
64.1593,,Surface,3,Image 1,1,2192,
226.205,,Surface,3,Image 1,1,2193,
80.679,,Surface,3,Image 1,1,2194,
40.8638,,Surface,3,Image 1,1,2195,
110.767,,Surface,3,Image 1,1,2196,
176.496,,Surface,3,Image 1,1,2197,
24.4855,,Surface,3,Image 1,1,2199,
4.96583,,Surface,3,Image 1,1,2200,
218.416,,Surface,3,Image 1,1,2202,
8.69188,,Surface,3,Image 1,1,2207,
24.3077,,Surface,3,Image 1,1,2209,
136.359,,Surface,3,Image 1,1,2211,
55.9024,,Surface,3,Image 1,1,2212,
63.7841,,Surface,3,Image 1,1,2214,
6.55036,,Surface,3,Image 1,1,2217,
30.7786,,Surface,3,Image 1,1,2218,
378.056,,Surface,3,Image 1,1,2220,
134.33,,Surface,3,Image 1,1,2224,
34.1721,,Surface,3,Image 1,1,2226,
71.7182,,Surface,3,Image 1,1,2229,
20.6866,,Surface,3,Image 1,1,2232,
70.287,,Surface,3,Image 1,1,2233,
101.19,,Surface,3,Image 1,1,2235,
17.7373,,Surface,3,Image 1,1,2236,
112.857,,Surface,3,Image 1,1,2239,
15.5388,,Surface,3,Image 1,1,2241,
56.5083,,Surface,3,Image 1,1,2243,
108.851,,Surface,3,Image 1,1,2244,
131.37,,Surface,3,Image 1,1,2245,
20.6556,,Surface,3,Image 1,1,2248,
39.5191,,Surface,3,Image 1,1,2249,
16.6556,,Surface,3,Image 1,1,2251,
33.6737,,Surface,3,Image 1,1,2254,
80.5316,,Surface,3,Image 1,1,2257,
25.9465,,Surface,3,Image 1,1,2259,
120.816,,Surface,3,Image 1,1,2260,
119.57,,Surface,3,Image 1,1,2262,
56.6158,,Surface,3,Image 1,1,2263,
19.7168,,Surface,3,Image 1,1,2264,
25.2324,,Surface,3,Image 1,1,2267,
132.409,,Surface,3,Image 1,1,2269,
35.7679,,Surface,3,Image 1,1,2270,
10.0043,,Surface,3,Image 1,1,2271,
38.8252,,Surface,3,Image 1,1,2274,
106.122,,Surface,3,Image 1,1,2277,
16.0556,,Surface,3,Image 1,1,2279,
164.423,,Surface,3,Image 1,1,2280,
125.571,,Surface,3,Image 1,1,2281,
104.054,,Surface,3,Image 1,1,2282,
68.7642,,Surface,3,Image 1,1,2283,
57.3664,,Surface,3,Image 1,1,2284,
19.2301,,Surface,3,Image 1,1,2289,
153.799,,Surface,3,Image 1,1,2290,
14.4599,,Surface,3,Image 1,1,2296,
93.316,,Surface,3,Image 1,1,2297,
66.9229,,Surface,3,Image 1,1,2303,
23.117,,Surface,3,Image 1,1,2306,
10.3779,,Surface,3,Image 1,1,2307,
101.783,,Surface,3,Image 1,1,2311,
30.4552,,Surface,3,Image 1,1,2312,
5.29709,,Surface,3,Image 1,1,2315,
88.6435,,Surface,3,Image 1,1,2316,
165.542,,Surface,3,Image 1,1,2317,
103.575,,Surface,3,Image 1,1,2320,
4.66648,,Surface,3,Image 1,1,2321,
12.1643,,Surface,3,Image 1,1,2322,
339.245,,Surface,3,Image 1,1,2324,
135.558,,Surface,3,Image 1,1,2325,
88.761,,Surface,3,Image 1,1,2326,
55.266,,Surface,3,Image 1,1,2328,
65.5706,,Surface,3,Image 1,1,2329,
83.0352,,Surface,3,Image 1,1,2331,
28.1037,,Surface,3,Image 1,1,2332,
42.9404,,Surface,3,Image 1,1,2334,
43.4946,,Surface,3,Image 1,1,2336,
42.1419,,Surface,3,Image 1,1,2338,
35.0712,,Surface,3,Image 1,1,2339,
38.1195,,Surface,3,Image 1,1,2341,
195.655,,Surface,3,Image 1,1,2342,
115.716,,Surface,3,Image 1,1,2344,
33.5297,,Surface,3,Image 1,1,2345,
30.1043,,Surface,3,Image 1,1,2346,
40.1673,,Surface,3,Image 1,1,2349,
52.5538,,Surface,3,Image 1,1,2353,
59.348,,Surface,3,Image 1,1,2354,
66.6352,,Surface,3,Image 1,1,2356,
66.4711,,Surface,3,Image 1,1,2357,
111.405,,Surface,3,Image 1,1,2359,
15.8394,,Surface,3,Image 1,1,2362,
98.0906,,Surface,3,Image 1,1,2363,
82.5999,,Surface,3,Image 1,1,2364,
37.5559,,Surface,3,Image 1,1,2365,
52.8372,,Surface,3,Image 1,1,2366,
41.2767,,Surface,3,Image 1,1,2371,
41.637,,Surface,3,Image 1,1,2372,
36.1996,,Surface,3,Image 1,1,2373,
67.1311,,Surface,3,Image 1,1,2374,
56.2152,,Surface,3,Image 1,1,2375,
56.2576,,Surface,3,Image 1,1,2376,
31.553,,Surface,3,Image 1,1,2378,
59.464,,Surface,3,Image 1,1,2379,
79.0488,,Surface,3,Image 1,1,2380,
10.5017,,Surface,3,Image 1,1,2382,
81.4678,,Surface,3,Image 1,1,2383,
93.3551,,Surface,3,Image 1,1,2384,
110.756,,Surface,3,Image 1,1,2385,
15.4032,,Surface,3,Image 1,1,2386,
23.6346,,Surface,3,Image 1,1,2387,
17.1359,,Surface,3,Image 1,1,2390,
96.7932,,Surface,3,Image 1,1,2392,
67.7593,,Surface,3,Image 1,1,2393,
101.942,,Surface,3,Image 1,1,2395,
133.039,,Surface,3,Image 1,1,2396,
42.743,,Surface,3,Image 1,1,2397,
25.3502,,Surface,3,Image 1,1,2398,
216.292,,Surface,3,Image 1,1,2400,
34.3751,,Surface,3,Image 1,1,2402,
31.8478,,Surface,3,Image 1,1,2405,
50.0252,,Surface,3,Image 1,1,2406,
38.8157,,Surface,3,Image 1,1,2407,
31.7812,,Surface,3,Image 1,1,2409,
4.38982,,Surface,3,Image 1,1,2411,
26.1984,,Surface,3,Image 1,1,2412,
73.733,,Surface,3,Image 1,1,2413,
28.6635,,Surface,3,Image 1,1,2414,
65.9282,,Surface,3,Image 1,1,2415,
34.2684,,Surface,3,Image 1,1,2416,
41.1347,,Surface,3,Image 1,1,2417,
64.5373,,Surface,3,Image 1,1,2419,
156.416,,Surface,3,Image 1,1,2420,
64.8563,,Surface,3,Image 1,1,2422,
292.789,,Surface,3,Image 1,1,2423,
56.1877,,Surface,3,Image 1,1,2424,
110.761,,Surface,3,Image 1,1,2425,
41.1595,,Surface,3,Image 1,1,2428,
130.026,,Surface,3,Image 1,1,2433,
81.18,,Surface,3,Image 1,1,2434,
112.303,,Surface,3,Image 1,1,2435,
94.3679,,Surface,3,Image 1,1,2436,
101.304,,Surface,3,Image 1,1,2437,
8.57681,,Surface,3,Image 1,1,2438,
68.5862,,Surface,3,Image 1,1,2439,
90.9811,,Surface,3,Image 1,1,2441,
45.7074,,Surface,3,Image 1,1,2443,
100.697,,Surface,3,Image 1,1,2444,
56.5598,,Surface,3,Image 1,1,2445,
36.9162,,Surface,3,Image 1,1,2446,
146.315,,Surface,3,Image 1,1,2447,
51.1511,,Surface,3,Image 1,1,2448,
87.8129,,Surface,3,Image 1,1,2453,
105.462,,Surface,3,Image 1,1,2454,
31.2628,,Surface,3,Image 1,1,2455,
63.7576,,Surface,3,Image 1,1,2457,
46.6223,,Surface,3,Image 1,1,2458,
435.731,,Surface,3,Image 1,1,2460,
53.7284,,Surface,3,Image 1,1,2462,
91.7651,,Surface,3,Image 1,1,2463,
57.4254,,Surface,3,Image 1,1,2465,
106.582,,Surface,3,Image 1,1,2468,
43.8101,,Surface,3,Image 1,1,2469,
94.8531,,Surface,3,Image 1,1,2470,
330.481,,Surface,3,Image 1,1,2472,
46.5164,,Surface,3,Image 1,1,2473,
54.8111,,Surface,3,Image 1,1,2475,
43.1697,,Surface,3,Image 1,1,2476,
170.606,,Surface,3,Image 1,1,2478,
164.388,,Surface,3,Image 1,1,2479,
98.1772,,Surface,3,Image 1,1,2480,
25.5726,,Surface,3,Image 1,1,2481,
27.3689,,Surface,3,Image 1,1,2485,
135.955,,Surface,3,Image 1,1,2487,
80.3217,,Surface,3,Image 1,1,2489,
86.6722,,Surface,3,Image 1,1,2491,
96.5785,,Surface,3,Image 1,1,2492,
33.4639,,Surface,3,Image 1,1,2494,
25.9356,,Surface,3,Image 1,1,2495,
230.612,,Surface,3,Image 1,1,2496,
104.037,,Surface,3,Image 1,1,2498,
120.166,,Surface,3,Image 1,1,2500,
52.3528,,Surface,3,Image 1,1,2502,
94.9675,,Surface,3,Image 1,1,2504,
46.6985,,Surface,3,Image 1,1,2506,
79.5479,,Surface,3,Image 1,1,2507,
251.58,,Surface,3,Image 1,1,2508,
151.628,,Surface,3,Image 1,1,2509,
17.9881,,Surface,3,Image 1,1,2510,
38.0154,,Surface,3,Image 1,1,2511,
49.5366,,Surface,3,Image 1,1,2512,
47.1048,,Surface,3,Image 1,1,2515,
66.606,,Surface,3,Image 1,1,2517,
68.5621,,Surface,3,Image 1,1,2518,
111.91,,Surface,3,Image 1,1,2519,
63.0708,,Surface,3,Image 1,1,2521,
304.652,,Surface,3,Image 1,1,2522,
121.383,,Surface,3,Image 1,1,2524,
170.417,,Surface,3,Image 1,1,2528,
73.1018,,Surface,3,Image 1,1,2529,
121.534,,Surface,3,Image 1,1,2531,
153.107,,Surface,3,Image 1,1,2536,
0.871684,,Surface,3,Image 1,1,2537,
78.1322,,Surface,3,Image 1,1,2538,
132.847,,Surface,3,Image 1,1,2539,
47.2836,,Surface,3,Image 1,1,2540,
86.7718,,Surface,3,Image 1,1,2543,
58.0027,,Surface,3,Image 1,1,2544,
43.3166,,Surface,3,Image 1,1,2548,
51.8724,,Surface,3,Image 1,1,2549,
25.9988,,Surface,3,Image 1,1,2550,
143.375,,Surface,3,Image 1,1,2552,
59.2774,,Surface,3,Image 1,1,2553,
56.9461,,Surface,3,Image 1,1,2554,
145.606,,Surface,3,Image 1,1,2555,
118.439,,Surface,3,Image 1,1,2556,
214.988,,Surface,3,Image 1,1,2557,
95.9813,,Surface,3,Image 1,1,2558,
74.1966,,Surface,3,Image 1,1,2559,
43.1928,,Surface,3,Image 1,1,2560,
30.6117,,Surface,3,Image 1,1,2561,
75.8753,,Surface,3,Image 1,1,2563,
140.503,,Surface,3,Image 1,1,2564,
103.039,,Surface,3,Image 1,1,2565,
58.078,,Surface,3,Image 1,1,2566,
69.6252,,Surface,3,Image 1,1,2567,
110.721,,Surface,3,Image 1,1,2569,
87.8715,,Surface,3,Image 1,1,2570,
35.5818,,Surface,3,Image 1,1,2571,
39.3699,,Surface,3,Image 1,1,2572,
65.2684,,Surface,3,Image 1,1,2573,
55.9003,,Surface,3,Image 1,1,2574,
28.9203,,Surface,3,Image 1,1,2575,
49.9065,,Surface,3,Image 1,1,2578,
40.8727,,Surface,3,Image 1,1,2579,
54.27,,Surface,3,Image 1,1,2581,
123.379,,Surface,3,Image 1,1,2583,
97.4043,,Surface,3,Image 1,1,2585,
22.1616,,Surface,3,Image 1,1,2586,
40.3384,,Surface,3,Image 1,1,2587,
161.3,,Surface,3,Image 1,1,2589,
64.5077,,Surface,3,Image 1,1,2591,
217.328,,Surface,3,Image 1,1,2592,
70.9207,,Surface,3,Image 1,1,2593,
179.784,,Surface,3,Image 1,1,2594,
95.1763,,Surface,3,Image 1,1,2596,
56.7249,,Surface,3,Image 1,1,2597,
100.383,,Surface,3,Image 1,1,2598,
77.006,,Surface,3,Image 1,1,2599,
243.774,,Surface,3,Image 1,1,2602,
192.497,,Surface,3,Image 1,1,2603,
41.1046,,Surface,3,Image 1,1,2604,
95.7004,,Surface,3,Image 1,1,2605,
69.0698,,Surface,3,Image 1,1,2608,
60.9607,,Surface,3,Image 1,1,2609,
55.9195,,Surface,3,Image 1,1,2611,
162.42,,Surface,3,Image 1,1,2612,
104.177,,Surface,3,Image 1,1,2613,
84.0101,,Surface,3,Image 1,1,2614,
41.4773,,Surface,3,Image 1,1,2615,
70.276,,Surface,3,Image 1,1,2616,
58.4291,,Surface,3,Image 1,1,2617,
20.6016,,Surface,3,Image 1,1,2619,
15.9815,,Surface,3,Image 1,1,2620,
105.68,,Surface,3,Image 1,1,2621,
287.427,,Surface,3,Image 1,1,2622,
170.13,,Surface,3,Image 1,1,2623,
47.0147,,Surface,3,Image 1,1,2624,
58.1064,,Surface,3,Image 1,1,2626,
103.569,,Surface,3,Image 1,1,2627,
44.6312,,Surface,3,Image 1,1,2629,
69.1515,,Surface,3,Image 1,1,2632,
32.63,,Surface,3,Image 1,1,2636,
223.868,,Surface,3,Image 1,1,2641,
0.128093,,Surface,3,Image 1,1,2645,
104.446,,Surface,3,Image 1,1,2646,
11.8566,,Surface,3,Image 1,1,2647,
333.377,,Surface,3,Image 1,1,2649,
130.332,,Surface,3,Image 1,1,2650,
291.376,,Surface,3,Image 1,1,2651,
76.4718,,Surface,3,Image 1,1,2652,
76.4106,,Surface,3,Image 1,1,2654,
66.3656,,Surface,3,Image 1,1,2656,
304.354,,Surface,3,Image 1,1,2657,
63.7748,,Surface,3,Image 1,1,2658,
65.9283,,Surface,3,Image 1,1,2663,
480.383,,Surface,3,Image 1,1,2667,
64.3027,,Surface,3,Image 1,1,2668,
122.139,,Surface,3,Image 1,1,2670,
19.1326,,Surface,3,Image 1,1,2671,
298.513,,Surface,3,Image 1,1,2672,
71.4032,,Surface,3,Image 1,1,2673,
304.919,,Surface,3,Image 1,1,2675,
58.9258,,Surface,3,Image 1,1,2678,
65.8361,,Surface,3,Image 1,1,2680,
45.8262,,Surface,3,Image 1,1,2681,
47.8044,,Surface,3,Image 1,1,2682,
0.23388,,Surface,3,Image 1,1,2683,
209.487,,Surface,3,Image 1,1,2684,
82.3986,,Surface,3,Image 1,1,2685,
204.58,,Surface,3,Image 1,1,2688,
238.433,,Surface,3,Image 1,1,2689,
198.342,,Surface,3,Image 1,1,2690,
7.33374,,Surface,3,Image 1,1,2693,
113.924,,Surface,3,Image 1,1,2695,
159.463,,Surface,3,Image 1,1,2696,
43.6493,,Surface,3,Image 1,1,2697,
156.424,,Surface,3,Image 1,1,2698,
57.4648,,Surface,3,Image 1,1,2699,
45.2571,,Surface,3,Image 1,1,2700,
174.104,,Surface,3,Image 1,1,2702,
10.9994,,Surface,3,Image 1,1,2703,
54.2493,,Surface,3,Image 1,1,2704,
139.094,,Surface,3,Image 1,1,2706,
33.249,,Surface,3,Image 1,1,2707,
9.1923,,Surface,3,Image 1,1,2709,
61.0381,,Surface,3,Image 1,1,2710,
111.691,,Surface,3,Image 1,1,2713,
40.2808,,Surface,3,Image 1,1,2715,
308.005,,Surface,3,Image 1,1,2716,
41.0295,,Surface,3,Image 1,1,2717,
23.4227,,Surface,3,Image 1,1,2718,
106.21,,Surface,3,Image 1,1,2719,
10.8757,,Surface,3,Image 1,1,2721,
73.9295,,Surface,3,Image 1,1,2722,
69.5683,,Surface,3,Image 1,1,2723,
71.6673,,Surface,3,Image 1,1,2725,
47.4965,,Surface,3,Image 1,1,2726,
29.2762,,Surface,3,Image 1,1,2727,
123.599,,Surface,3,Image 1,1,2728,
179.847,,Surface,3,Image 1,1,2729,
19.9892,,Surface,3,Image 1,1,2730,
18.3321,,Surface,3,Image 1,1,2731,
40.3688,,Surface,3,Image 1,1,2732,
100.076,,Surface,3,Image 1,1,2733,
106.92,,Surface,3,Image 1,1,2734,
26.8899,,Surface,3,Image 1,1,2737,
145.462,,Surface,3,Image 1,1,2738,
320.012,,Surface,3,Image 1,1,2740,
122.71,,Surface,3,Image 1,1,2742,
121.205,,Surface,3,Image 1,1,2744,
51.3991,,Surface,3,Image 1,1,2746,
71.951,,Surface,3,Image 1,1,2747,
270.936,,Surface,3,Image 1,1,2748,
129.539,,Surface,3,Image 1,1,2750,
35.1702,,Surface,3,Image 1,1,2751,
83.9086,,Surface,3,Image 1,1,2752,
33.6805,,Surface,3,Image 1,1,2753,
42.1711,,Surface,3,Image 1,1,2754,
20.2863,,Surface,3,Image 1,1,2755,
65.3445,,Surface,3,Image 1,1,2756,
38.4287,,Surface,3,Image 1,1,2757,
29.8306,,Surface,3,Image 1,1,2759,
181.361,,Surface,3,Image 1,1,2760,
24.6224,,Surface,3,Image 1,1,2761,
89.3096,,Surface,3,Image 1,1,2765,
43.9206,,Surface,3,Image 1,1,2766,
33.838,,Surface,3,Image 1,1,2767,
43.5886,,Surface,3,Image 1,1,2768,
124.556,,Surface,3,Image 1,1,2770,
46.578,,Surface,3,Image 1,1,2771,
46.0997,,Surface,3,Image 1,1,2772,
33.5144,,Surface,3,Image 1,1,2773,
412.029,,Surface,3,Image 1,1,2776,
52.9772,,Surface,3,Image 1,1,2778,
108.197,,Surface,3,Image 1,1,2779,
66.1055,,Surface,3,Image 1,1,2780,
42.0123,,Surface,3,Image 1,1,2781,
32.6076,,Surface,3,Image 1,1,2782,
27.1735,,Surface,3,Image 1,1,2783,
106.456,,Surface,3,Image 1,1,2784,
30.084,,Surface,3,Image 1,1,2785,
74.1306,,Surface,3,Image 1,1,2786,
32.9814,,Surface,3,Image 1,1,2788,
110.063,,Surface,3,Image 1,1,2789,
61.591,,Surface,3,Image 1,1,2791,
79.9174,,Surface,3,Image 1,1,2793,
25.8742,,Surface,3,Image 1,1,2794,
36.0477,,Surface,3,Image 1,1,2798,
285.397,,Surface,3,Image 1,1,2800,
152.069,,Surface,3,Image 1,1,2801,
14.6244,,Surface,3,Image 1,1,2803,
53.0212,,Surface,3,Image 1,1,2805,
93.8047,,Surface,3,Image 1,1,2806,
73.025,,Surface,3,Image 1,1,2807,
36.3495,,Surface,3,Image 1,1,2809,
64.2993,,Surface,3,Image 1,1,2811,
23.2776,,Surface,3,Image 1,1,2812,
25.8661,,Surface,3,Image 1,1,2813,
33.5156,,Surface,3,Image 1,1,2814,
71.2339,,Surface,3,Image 1,1,2815,
109.154,,Surface,3,Image 1,1,2818,
149.561,,Surface,3,Image 1,1,2820,
22.6884,,Surface,3,Image 1,1,2821,
48.035,,Surface,3,Image 1,1,2823,
34.8367,,Surface,3,Image 1,1,2824,
27.8592,,Surface,3,Image 1,1,2825,
7.22515,,Surface,3,Image 1,1,2826,
35.6168,,Surface,3,Image 1,1,2827,
114.27,,Surface,3,Image 1,1,2830,
44.7535,,Surface,3,Image 1,1,2831,
61.3944,,Surface,3,Image 1,1,2832,
45.0572,,Surface,3,Image 1,1,2834,
47.5573,,Surface,3,Image 1,1,2835,
167.071,,Surface,3,Image 1,1,2836,
45.1604,,Surface,3,Image 1,1,2837,
120.346,,Surface,3,Image 1,1,2839,
18.5116,,Surface,3,Image 1,1,2840,
151.744,,Surface,3,Image 1,1,2842,
53.3858,,Surface,3,Image 1,1,2844,
38.8976,,Surface,3,Image 1,1,2845,
164.118,,Surface,3,Image 1,1,2846,
42.9171,,Surface,3,Image 1,1,2847,
134.395,,Surface,3,Image 1,1,2849,
102.777,,Surface,3,Image 1,1,2850,
50.4118,,Surface,3,Image 1,1,2851,
26.0064,,Surface,3,Image 1,1,2852,
61.4358,,Surface,3,Image 1,1,2853,
26.5033,,Surface,3,Image 1,1,2856,
71.0137,,Surface,3,Image 1,1,2858,
99.1952,,Surface,3,Image 1,1,2859,
128.685,,Surface,3,Image 1,1,2860,
184.495,,Surface,3,Image 1,1,2862,
61.6647,,Surface,3,Image 1,1,2863,
70.0825,,Surface,3,Image 1,1,2866,
13.2451,,Surface,3,Image 1,1,2867,
94.6828,,Surface,3,Image 1,1,2868,
53.4135,,Surface,3,Image 1,1,2869,
40.265,,Surface,3,Image 1,1,2871,
74.0453,,Surface,3,Image 1,1,2872,
32.4723,,Surface,3,Image 1,1,2873,
35.2876,,Surface,3,Image 1,1,2878,
111.568,,Surface,3,Image 1,1,2879,
87.8608,,Surface,3,Image 1,1,2880,
95.896,,Surface,3,Image 1,1,2882,
50.3457,,Surface,3,Image 1,1,2883,
55.1187,,Surface,3,Image 1,1,2884,
40.867,,Surface,3,Image 1,1,2886,
23.2303,,Surface,3,Image 1,1,2887,
43.977,,Surface,3,Image 1,1,2888,
209.811,,Surface,3,Image 1,1,2890,
23.5279,,Surface,3,Image 1,1,2891,
34.318,,Surface,3,Image 1,1,2893,
92.0724,,Surface,3,Image 1,1,2895,
125.545,,Surface,3,Image 1,1,2897,
121.962,,Surface,3,Image 1,1,2898,
67.2221,,Surface,3,Image 1,1,2899,
18.3773,,Surface,3,Image 1,1,2900,
38.9495,,Surface,3,Image 1,1,2901,
35.1951,,Surface,3,Image 1,1,2902,
12.0543,,Surface,3,Image 1,1,2903,
6.82679,,Surface,3,Image 1,1,2904,
208.51,,Surface,3,Image 1,1,2905,
35.6976,,Surface,3,Image 1,1,2908,
32.2449,,Surface,3,Image 1,1,2909,
28.2281,,Surface,3,Image 1,1,2910,
99.1087,,Surface,3,Image 1,1,2912,
48.1564,,Surface,3,Image 1,1,2914,
46.5216,,Surface,3,Image 1,1,2915,
58.8592,,Surface,3,Image 1,1,2917,
53.3725,,Surface,3,Image 1,1,2918,
30.8562,,Surface,3,Image 1,1,2919,
28.9458,,Surface,3,Image 1,1,2921,
13.9615,,Surface,3,Image 1,1,2923,
93.5458,,Surface,3,Image 1,1,2924,
43.5586,,Surface,3,Image 1,1,2926,
41.9041,,Surface,3,Image 1,1,2929,
23.6465,,Surface,3,Image 1,1,2931,
31.5411,,Surface,3,Image 1,1,2933,
25.4731,,Surface,3,Image 1,1,2934,
24.7161,,Surface,3,Image 1,1,2935,
76.3513,,Surface,3,Image 1,1,2937,
23.5942,,Surface,3,Image 1,1,2938,
63.1194,,Surface,3,Image 1,1,2939,
26.8054,,Surface,3,Image 1,1,2942,
233.569,,Surface,3,Image 1,1,2943,
110.334,,Surface,3,Image 1,1,2944,
17.8321,,Surface,3,Image 1,1,2946,
25.2871,,Surface,3,Image 1,1,2947,
29.0074,,Surface,3,Image 1,1,2948,
75.9292,,Surface,3,Image 1,1,2951,
85.2345,,Surface,3,Image 1,1,2952,
40.0867,,Surface,3,Image 1,1,2953,
26.56,,Surface,3,Image 1,1,2954,
103.397,,Surface,3,Image 1,1,2955,
25.0966,,Surface,3,Image 1,1,2956,
26.5528,,Surface,3,Image 1,1,2958,
20.9642,,Surface,3,Image 1,1,2959,
95.0758,,Surface,3,Image 1,1,2960,
16.0961,,Surface,3,Image 1,1,2962,
20.9977,,Surface,3,Image 1,1,2963,
35.8023,,Surface,3,Image 1,1,2964,
52.1928,,Surface,3,Image 1,1,2965,
36.2062,,Surface,3,Image 1,1,2966,
40.1623,,Surface,3,Image 1,1,2967,
24.8568,,Surface,3,Image 1,1,2968,
25.3588,,Surface,3,Image 1,1,2969,
48.0686,,Surface,3,Image 1,1,2970,
62.4886,,Surface,3,Image 1,1,2972,
73.3753,,Surface,3,Image 1,1,2973,
27.5711,,Surface,3,Image 1,1,2974,
38.1539,,Surface,3,Image 1,1,2975,
76.1011,,Surface,3,Image 1,1,2976,
37.1989,,Surface,3,Image 1,1,2977,
46.5503,,Surface,3,Image 1,1,2978,
31.1369,,Surface,3,Image 1,1,2979,
34.3369,,Surface,3,Image 1,1,2980,
16.5135,,Surface,3,Image 1,1,2981,
16.1925,,Surface,3,Image 1,1,2982,
43.9693,,Surface,3,Image 1,1,2988,
31.1758,,Surface,3,Image 1,1,2989,
15.9242,,Surface,3,Image 1,1,2991,
25.4237,,Surface,3,Image 1,1,2993,
6.50079,,Surface,3,Image 1,1,2994,
35.1292,,Surface,3,Image 1,1,2995,
35.2385,,Surface,3,Image 1,1,2998,
42.3336,,Surface,3,Image 1,1,2999,
35.165,,Surface,3,Image 1,1,3000,
66.5022,,Surface,3,Image 1,1,3001,
58.0063,,Surface,3,Image 1,1,3002,
20.0602,,Surface,3,Image 1,1,3004,
34.9022,,Surface,3,Image 1,1,3005,
35.1477,,Surface,3,Image 1,1,3006,
36.9535,,Surface,3,Image 1,1,3007,
91.7068,,Surface,3,Image 1,1,3008,
21.904,,Surface,3,Image 1,1,3009,
52.7887,,Surface,3,Image 1,1,3010,
23.1792,,Surface,3,Image 1,1,3011,
84.6906,,Surface,3,Image 1,1,3013,
20.3901,,Surface,3,Image 1,1,3014,
61.2629,,Surface,3,Image 1,1,3015,
47.8865,,Surface,3,Image 1,1,3016,
32.1359,,Surface,3,Image 1,1,3019,
31.6543,,Surface,3,Image 1,1,3020,
14.9241,,Surface,3,Image 1,1,3021,
25.6738,,Surface,3,Image 1,1,3022,
96.1489,,Surface,3,Image 1,1,3024,
55.6115,,Surface,3,Image 1,1,3027,
38.127,,Surface,3,Image 1,1,3028,
37.3376,,Surface,3,Image 1,1,3030,
81.6365,,Surface,3,Image 1,1,3031,
31.8698,,Surface,3,Image 1,1,3032,
28.7712,,Surface,3,Image 1,1,3033,
33.2371,,Surface,3,Image 1,1,3035,
22.5154,,Surface,3,Image 1,1,3036,
37.282,,Surface,3,Image 1,1,3037,
24.7879,,Surface,3,Image 1,1,3038,
19.1667,,Surface,3,Image 1,1,3039,
46.1863,,Surface,3,Image 1,1,3043,
34.7117,,Surface,3,Image 1,1,3046,
22.3041,,Surface,3,Image 1,1,3048,
29.1929,,Surface,3,Image 1,1,3050,
27.0101,,Surface,3,Image 1,1,3051,
21.0558,,Surface,3,Image 1,1,3052,
38.878,,Surface,3,Image 1,1,3053,
24.5194,,Surface,3,Image 1,1,3054,
58.9766,,Surface,3,Image 1,1,3055,
27.0154,,Surface,3,Image 1,1,3056,
91.3321,,Surface,3,Image 1,1,3057,
61.4122,,Surface,3,Image 1,1,3059,
29.1739,,Surface,3,Image 1,1,3060,
25.3081,,Surface,3,Image 1,1,3061,
23.6867,,Surface,3,Image 1,1,3062,
50.1178,,Surface,3,Image 1,1,3063,
29.8948,,Surface,3,Image 1,1,3064,
24.5251,,Surface,3,Image 1,1,3066,
82.599,,Surface,3,Image 1,1,3067,
25.7877,,Surface,3,Image 1,1,3068,
24.4789,,Surface,3,Image 1,1,3069,
24.5745,,Surface,3,Image 1,1,3071,
38.0606,,Surface,3,Image 1,1,3073,
41.9365,,Surface,3,Image 1,1,3074,
66.395,,Surface,3,Image 1,1,3075,
28.4948,,Surface,3,Image 1,1,3076,
37.7145,,Surface,3,Image 1,1,3077,
39.459,,Surface,3,Image 1,1,3078,
21.556,,Surface,3,Image 1,1,3079,
34.8308,,Surface,3,Image 1,1,3080,
64.588,,Surface,3,Image 1,1,3081,
66.929,,Surface,3,Image 1,1,3083,
73.779,,Surface,3,Image 1,1,3084,
216.486,,Surface,3,Image 1,1,3085,
37.4357,,Surface,3,Image 1,1,3086,
23.6182,,Surface,3,Image 1,1,3087,
150.456,,Surface,3,Image 1,1,3088,
78.7116,,Surface,3,Image 1,1,3089,
105.982,,Surface,3,Image 1,1,3090,
22.2846,,Surface,3,Image 1,1,3092,
38.0021,,Surface,3,Image 1,1,3093,
41.4495,,Surface,3,Image 1,1,3094,
70.7964,,Surface,3,Image 1,1,3095,
141.617,,Surface,3,Image 1,1,3096,
69.5426,,Surface,3,Image 1,1,3097,
74.08,,Surface,3,Image 1,1,3099,
28.8307,,Surface,3,Image 1,1,3100,
43.4827,,Surface,3,Image 1,1,3101,
36.3672,,Surface,3,Image 1,1,3105,
57.9008,,Surface,3,Image 1,1,3106,
72.6613,,Surface,3,Image 1,1,3108,
30.0322,,Surface,3,Image 1,1,3109,
34.1858,,Surface,3,Image 1,1,3110,
39.7071,,Surface,3,Image 1,1,3111,
52.9738,,Surface,3,Image 1,1,3112,
5.73939,,Surface,3,Image 1,1,3113,
7.52972,,Surface,3,Image 1,1,3115,
70.4801,,Surface,3,Image 1,1,3116,
18.2949,,Surface,3,Image 1,1,3117,
63.7388,,Surface,3,Image 1,1,3118,
61.8822,,Surface,3,Image 1,1,3120,
24.135,,Surface,3,Image 1,1,3121,
24.9098,,Surface,3,Image 1,1,3124,
88.9044,,Surface,3,Image 1,1,3125,
30.2957,,Surface,3,Image 1,1,3126,
20.5644,,Surface,3,Image 1,1,3127,
70.9372,,Surface,3,Image 1,1,3128,
110.157,,Surface,3,Image 1,1,3129,
14.197,,Surface,3,Image 1,1,3130,
23.6355,,Surface,3,Image 1,1,3131,
57.1311,,Surface,3,Image 1,1,3132,
49.5654,,Surface,3,Image 1,1,3134,
32.9727,,Surface,3,Image 1,1,3135,
149.586,,Surface,3,Image 1,1,3136,
37.002,,Surface,3,Image 1,1,3137,
42.2,,Surface,3,Image 1,1,3139,
25.4588,,Surface,3,Image 1,1,3141,
213.53,,Surface,3,Image 1,1,3142,
58.5122,,Surface,3,Image 1,1,3143,
40.1751,,Surface,3,Image 1,1,3144,
36.3412,,Surface,3,Image 1,1,3145,
47.8837,,Surface,3,Image 1,1,3146,
34.4839,,Surface,3,Image 1,1,3148,
44.2698,,Surface,3,Image 1,1,3151,
34.9115,,Surface,3,Image 1,1,3154,
60.9414,,Surface,3,Image 1,1,3157,
57.8394,,Surface,3,Image 1,1,3158,
37.0092,,Surface,3,Image 1,1,3161,
36.6731,,Surface,3,Image 1,1,3162,
19.5796,,Surface,3,Image 1,1,3163,
28.8986,,Surface,3,Image 1,1,3165,
184.125,,Surface,3,Image 1,1,3166,
37.4717,,Surface,3,Image 1,1,3167,
51.5684,,Surface,3,Image 1,1,3169,
34.9794,,Surface,3,Image 1,1,3170,
26.3698,,Surface,3,Image 1,1,3172,
39.5016,,Surface,3,Image 1,1,3173,
23.6527,,Surface,3,Image 1,1,3176,
39.2478,,Surface,3,Image 1,1,3177,
23.9854,,Surface,3,Image 1,1,3178,
5.08246,,Surface,3,Image 1,1,3179,
24.5974,,Surface,3,Image 1,1,3180,
70.8295,,Surface,3,Image 1,1,3181,
37.2958,,Surface,3,Image 1,1,3183,
27.4926,,Surface,3,Image 1,1,3184,
67.9316,,Surface,3,Image 1,1,3185,
76.6497,,Surface,3,Image 1,1,3187,
73.6056,,Surface,3,Image 1,1,3188,
18.2919,,Surface,3,Image 1,1,3189,
67.1791,,Surface,3,Image 1,1,3190,
24.0954,,Surface,3,Image 1,1,3191,
18.797,,Surface,3,Image 1,1,3192,
84.1726,,Surface,3,Image 1,1,3194,
53.2088,,Surface,3,Image 1,1,3195,
26.5938,,Surface,3,Image 1,1,3198,
144.313,,Surface,3,Image 1,1,3200,
112.184,,Surface,3,Image 1,1,3201,
40.1324,,Surface,3,Image 1,1,3202,
65.0589,,Surface,3,Image 1,1,3205,
47.4382,,Surface,3,Image 1,1,3207,
53.4414,,Surface,3,Image 1,1,3208,
26.5148,,Surface,3,Image 1,1,3209,
23.2648,,Surface,3,Image 1,1,3210,
181.307,,Surface,3,Image 1,1,3211,
28.8329,,Surface,3,Image 1,1,3212,
34.0387,,Surface,3,Image 1,1,3214,
12.0914,,Surface,3,Image 1,1,3215,
25.0043,,Surface,3,Image 1,1,3216,
30.669,,Surface,3,Image 1,1,3217,
44.9448,,Surface,3,Image 1,1,3218,
78.0654,,Surface,3,Image 1,1,3219,
74.0601,,Surface,3,Image 1,1,3220,
24.2291,,Surface,3,Image 1,1,3221,
33.3227,,Surface,3,Image 1,1,3223,
26.8107,,Surface,3,Image 1,1,3224,
12.8948,,Surface,3,Image 1,1,3225,
45.7927,,Surface,3,Image 1,1,3226,
41.09,,Surface,3,Image 1,1,3229,
61.1149,,Surface,3,Image 1,1,3230,
25.1608,,Surface,3,Image 1,1,3231,
39.5119,,Surface,3,Image 1,1,3232,
135.204,,Surface,3,Image 1,1,3234,
138.709,,Surface,3,Image 1,1,3237,
109.138,,Surface,3,Image 1,1,3238,
36.7562,,Surface,3,Image 1,1,3239,
30.8958,,Surface,3,Image 1,1,3240,
27.8329,,Surface,3,Image 1,1,3241,
20.59,,Surface,3,Image 1,1,3242,
54.0436,,Surface,3,Image 1,1,3243,
56.9278,,Surface,3,Image 1,1,3244,
119.223,,Surface,3,Image 1,1,3245,
47.1688,,Surface,3,Image 1,1,3246,
52.4401,,Surface,3,Image 1,1,3247,
58.8984,,Surface,3,Image 1,1,3249,
73.0601,,Surface,3,Image 1,1,3250,
48.2956,,Surface,3,Image 1,1,3253,
12.8585,,Surface,3,Image 1,1,3255,
41.4877,,Surface,3,Image 1,1,3256,
42.4735,,Surface,3,Image 1,1,3258,
50.2814,,Surface,3,Image 1,1,3259,
3.28438,,Surface,3,Image 1,1,3260,
55.8811,,Surface,3,Image 1,1,3261,
69.5251,,Surface,3,Image 1,1,3262,
56.5228,,Surface,3,Image 1,1,3263,
74.3044,,Surface,3,Image 1,1,3264,
23.3108,,Surface,3,Image 1,1,3266,
201.682,,Surface,3,Image 1,1,3267,
44.8097,,Surface,3,Image 1,1,3268,
59.2612,,Surface,3,Image 1,1,3269,
29.9885,,Surface,3,Image 1,1,3270,
179.493,,Surface,3,Image 1,1,3271,
47.3737,,Surface,3,Image 1,1,3272,
29.1929,,Surface,3,Image 1,1,3273,
70.8835,,Surface,3,Image 1,1,3274,
21.5039,,Surface,3,Image 1,1,3277,
58.9232,,Surface,3,Image 1,1,3278,
36.491,,Surface,3,Image 1,1,3279,
51.2386,,Surface,3,Image 1,1,3280,
54.2335,,Surface,3,Image 1,1,3281,
33.9655,,Surface,3,Image 1,1,3282,
37.1652,,Surface,3,Image 1,1,3283,
68.0209,,Surface,3,Image 1,1,3285,
63.2455,,Surface,3,Image 1,1,3287,
29.8902,,Surface,3,Image 1,1,3288,
52.3185,,Surface,3,Image 1,1,3289,
33.8579,,Surface,3,Image 1,1,3290,
43.4731,,Surface,3,Image 1,1,3291,
283.204,,Surface,3,Image 1,1,3292,
33.1374,,Surface,3,Image 1,1,3295,
83.3556,,Surface,3,Image 1,1,3296,
90.7874,,Surface,3,Image 1,1,3298,
73.6712,,Surface,3,Image 1,1,3299,
50.572,,Surface,3,Image 1,1,3302,
172.451,,Surface,3,Image 1,1,3303,
43.7652,,Surface,3,Image 1,1,3304,
59.2918,,Surface,3,Image 1,1,3306,
29.7376,,Surface,3,Image 1,1,3307,
26.4827,,Surface,3,Image 1,1,3308,
57.3165,,Surface,3,Image 1,1,3310,
30.2243,,Surface,3,Image 1,1,3313,
16.9315,,Surface,3,Image 1,1,3314,
38.12,,Surface,3,Image 1,1,3315,
29.2911,,Surface,3,Image 1,1,3316,
0.0194183,,Surface,3,Image 1,1,3317,
39.1287,,Surface,3,Image 1,1,3318,
123.363,,Surface,3,Image 1,1,3320,
133.815,,Surface,3,Image 1,1,3321,
66.6269,,Surface,3,Image 1,1,3322,
46.3772,,Surface,3,Image 1,1,3323,
60.5122,,Surface,3,Image 1,1,3324,
24.6416,,Surface,3,Image 1,1,3325,
59.4815,,Surface,3,Image 1,1,3330,
16.0394,,Surface,3,Image 1,1,3332,
340.372,,Surface,3,Image 1,1,3333,
11.8513,,Surface,3,Image 1,1,3334,
47.092,,Surface,3,Image 1,1,3335,
210.03,,Surface,3,Image 1,1,3337,
42.329,,Surface,3,Image 1,1,3338,
173.901,,Surface,3,Image 1,1,3339,
56.8778,,Surface,3,Image 1,1,3342,
18.5699,,Surface,3,Image 1,1,3343,
97.4854,,Surface,3,Image 1,1,3344,
225.368,,Surface,3,Image 1,1,3347,
77.2598,,Surface,3,Image 1,1,3350,
0.000785094,,Surface,3,Image 1,1,3352,
108.29,,Surface,3,Image 1,1,3356,
27.1008,,Surface,3,Image 1,1,3358,
70.1503,,Surface,3,Image 1,1,3360,
1.58694,,Surface,3,Image 1,1,3361,
97.8502,,Surface,3,Image 1,1,3366,
13.7487,,Surface,3,Image 1,1,3368,
11.4182,,Surface,3,Image 1,1,3369,
74.1754,,Surface,3,Image 1,1,3370,
32.5903,,Surface,3,Image 1,1,3376,
62.0934,,Surface,3,Image 1,1,3377,
297.56,,Surface,3,Image 1,1,3380,
52.3442,,Surface,3,Image 1,1,3391,
24.8949,,Surface,3,Image 1,1,3395,
16.4441,,Surface,3,Image 1,1,3396,
24.6882,,Surface,3,Image 1,1,3397,
69.4685,,Surface,3,Image 1,1,3404,
66.5415,,Surface,3,Image 1,1,3411,
0.101185,,Surface,3,Image 1,1,3412,
23.0419,,Surface,3,Image 1,1,3413,
45.5328,,Surface,3,Image 1,1,3416,
33.3116,,Surface,3,Image 1,1,3417,
30.7317,,Surface,3,Image 1,1,3424,
0.0531083,,Surface,3,Image 1,1,3425,
34.0116,,Surface,3,Image 1,1,3426,
104.549,,Surface,3,Image 1,1,3430,
101.667,,Surface,3,Image 1,1,3433,
159.583,,Surface,3,Image 1,1,3434,
26.6517,,Surface,3,Image 1,1,3438,
21.0401,,Surface,3,Image 1,1,3439,
25.7302,,Surface,3,Image 1,1,3442,
10.1421,,Surface,3,Image 1,1,3443,
20.9446,,Surface,3,Image 1,1,3444,
63.0288,,Surface,3,Image 1,1,3448,
127.64,,Surface,3,Image 1,1,3450,
26.46,,Surface,3,Image 1,1,3459,
42.2011,,Surface,3,Image 1,1,3467,
60.0021,,Surface,3,Image 1,1,3471,
84.0497,,Surface,3,Image 1,1,3476,
26.4299,,Surface,3,Image 1,1,3480,
24.8665,,Surface,3,Image 1,1,3481,
219.278,,Surface,3,Image 1,1,3485,
1.66688,,Surface,3,Image 1,1,3488,
0.512086,,Surface,3,Image 1,1,3491,
69.2029,,Surface,3,Image 1,1,3492,
46.3867,,Surface,3,Image 1,1,3493,
44.3503,,Surface,3,Image 1,1,3501,
5.38512,,Surface,3,Image 1,1,3511,
59.1503,,Surface,3,Image 1,1,3521,
10.9789,,Surface,3,Image 1,1,3522,
42.7298,,Surface,3,Image 1,1,3523,
3.57883,,Surface,3,Image 1,1,3530,
43.0659,,Surface,3,Image 1,1,3535,
4.87363,,Surface,3,Image 1,1,3536,
67.8519,,Surface,3,Image 1,1,3546,
0.505882,,Surface,3,Image 1,1,3561,
19.1549,,Surface,3,Image 1,1,3576,
14.5215,,Surface,3,Image 1,1,3581,
308.84,,Surface,3,Image 1,1,3587,
20.9809,,Surface,3,Image 1,1,3598,
1.59292,,Surface,3,Image 1,1,3605,
4.00784,,Surface,3,Image 1,1,3607,
129.308,,Surface,3,Image 1,1,3617,
50.5262,,Surface,3,Image 1,1,3638,
4.5621,,Surface,3,Image 1,1,3661,
57.1202,,Surface,3,Image 1,1,3690,
41.8229,,Surface,3,Image 1,1,3719,
22.7074,,Surface,3,Image 1,1,3724,
47.9066,,Surface,3,Image 1,1,3734,
9.28553,,Surface,3,Image 1,1,3747,
28.5225,,Surface,3,Image 1,1,3792,
27.3261,,Surface,3,Image 1,1,3815,
1.33539,,Surface,3,Image 1,1,3844,
4.85893,,Surface,3,Image 1,1,3858,
