
Intensity StdDev Ch=5 Img=1
 ==================== 
Intensity StdDev,Unit,Category,Channel,Image,Time,ID,
2.07371,,Surface,5,Image 1,1,0,
1.93734,,Surface,5,Image 1,1,1,
2.71482,,Surface,5,Image 1,1,2,
30.7976,,Surface,5,Image 1,1,3,
24.9706,,Surface,5,Image 1,1,4,
3.62885,,Surface,5,Image 1,1,5,
1.20184,,Surface,5,Image 1,1,6,
1.42881,,Surface,5,Image 1,1,7,
42.2922,,Surface,5,Image 1,1,8,
0.821642,,Surface,5,Image 1,1,9,
4.72217,,Surface,5,Image 1,1,10,
1.6675,,Surface,5,Image 1,1,11,
1.15947,,Surface,5,Image 1,1,12,
10.3029,,Surface,5,Image 1,1,13,
2.51638,,Surface,5,Image 1,1,14,
13.6219,,Surface,5,Image 1,1,15,
2.7591,,Surface,5,Image 1,1,16,
1.54509,,Surface,5,Image 1,1,17,
1.61231,,Surface,5,Image 1,1,18,
2.08893,,Surface,5,Image 1,1,19,
0.940239,,Surface,5,Image 1,1,20,
3.29336,,Surface,5,Image 1,1,21,
2.53449,,Surface,5,Image 1,1,22,
0.626922,,Surface,5,Image 1,1,23,
19.6522,,Surface,5,Image 1,1,24,
0.547331,,Surface,5,Image 1,1,25,
2.52247,,Surface,5,Image 1,1,26,
2.14886,,Surface,5,Image 1,1,27,
2.7173,,Surface,5,Image 1,1,28,
2.0777,,Surface,5,Image 1,1,29,
2.86291,,Surface,5,Image 1,1,30,
1.86136,,Surface,5,Image 1,1,31,
1.07674,,Surface,5,Image 1,1,32,
2.13734,,Surface,5,Image 1,1,33,
20.4435,,Surface,5,Image 1,1,34,
3.55333,,Surface,5,Image 1,1,35,
5.92962,,Surface,5,Image 1,1,36,
12.9669,,Surface,5,Image 1,1,37,
17.6891,,Surface,5,Image 1,1,38,
1.95312,,Surface,5,Image 1,1,39,
2.46353,,Surface,5,Image 1,1,40,
14.7096,,Surface,5,Image 1,1,41,
20.8791,,Surface,5,Image 1,1,42,
0.531291,,Surface,5,Image 1,1,43,
1.30397,,Surface,5,Image 1,1,44,
31.8456,,Surface,5,Image 1,1,45,
6.22285,,Surface,5,Image 1,1,46,
1.62863,,Surface,5,Image 1,1,47,
1.81561,,Surface,5,Image 1,1,48,
2.01786,,Surface,5,Image 1,1,49,
2.35173,,Surface,5,Image 1,1,50,
1.44721,,Surface,5,Image 1,1,51,
1.19949,,Surface,5,Image 1,1,52,
2.48214,,Surface,5,Image 1,1,53,
6.15859,,Surface,5,Image 1,1,54,
2.06736,,Surface,5,Image 1,1,55,
2.29329,,Surface,5,Image 1,1,56,
0.915028,,Surface,5,Image 1,1,58,
2.59668,,Surface,5,Image 1,1,59,
2.246,,Surface,5,Image 1,1,60,
18.5116,,Surface,5,Image 1,1,61,
0.784874,,Surface,5,Image 1,1,63,
2.1594,,Surface,5,Image 1,1,64,
1.14559,,Surface,5,Image 1,1,65,
3.96742,,Surface,5,Image 1,1,66,
0.428629,,Surface,5,Image 1,1,67,
1.36739,,Surface,5,Image 1,1,68,
2.98949,,Surface,5,Image 1,1,69,
10.9899,,Surface,5,Image 1,1,70,
9.2815,,Surface,5,Image 1,1,71,
6.21335,,Surface,5,Image 1,1,72,
2.7726,,Surface,5,Image 1,1,73,
1.57236,,Surface,5,Image 1,1,74,
2.20743,,Surface,5,Image 1,1,75,
2.03211,,Surface,5,Image 1,1,76,
0.71032,,Surface,5,Image 1,1,77,
35.6912,,Surface,5,Image 1,1,78,
2.48016,,Surface,5,Image 1,1,79,
57.3086,,Surface,5,Image 1,1,80,
3.32109,,Surface,5,Image 1,1,81,
1.44085,,Surface,5,Image 1,1,82,
1.51896,,Surface,5,Image 1,1,83,
2.38564,,Surface,5,Image 1,1,84,
2.6132,,Surface,5,Image 1,1,85,
42.048,,Surface,5,Image 1,1,86,
6.02429,,Surface,5,Image 1,1,87,
1.51525,,Surface,5,Image 1,1,88,
1.20088,,Surface,5,Image 1,1,89,
2.22105,,Surface,5,Image 1,1,90,
72.584,,Surface,5,Image 1,1,91,
54.1287,,Surface,5,Image 1,1,92,
5.35301,,Surface,5,Image 1,1,93,
1.44528,,Surface,5,Image 1,1,94,
9.00205,,Surface,5,Image 1,1,95,
2.16131,,Surface,5,Image 1,1,96,
59.7182,,Surface,5,Image 1,1,97,
16.8114,,Surface,5,Image 1,1,98,
1.03672,,Surface,5,Image 1,1,99,
1.1199,,Surface,5,Image 1,1,100,
3.37791,,Surface,5,Image 1,1,101,
39.3071,,Surface,5,Image 1,1,102,
4.09644,,Surface,5,Image 1,1,103,
2.32048,,Surface,5,Image 1,1,104,
0.806951,,Surface,5,Image 1,1,105,
2.43676,,Surface,5,Image 1,1,106,
5.46322,,Surface,5,Image 1,1,107,
10.2108,,Surface,5,Image 1,1,108,
4.99196,,Surface,5,Image 1,1,109,
0.369243,,Surface,5,Image 1,1,110,
20.7192,,Surface,5,Image 1,1,111,
2.58578,,Surface,5,Image 1,1,112,
61.0439,,Surface,5,Image 1,1,113,
16.9049,,Surface,5,Image 1,1,114,
33.3141,,Surface,5,Image 1,1,115,
11.4142,,Surface,5,Image 1,1,116,
2.77493,,Surface,5,Image 1,1,118,
3.6541,,Surface,5,Image 1,1,119,
3.21823,,Surface,5,Image 1,1,120,
2.43708,,Surface,5,Image 1,1,121,
54.3159,,Surface,5,Image 1,1,122,
3.89761,,Surface,5,Image 1,1,123,
5.89667,,Surface,5,Image 1,1,124,
56.7132,,Surface,5,Image 1,1,125,
9.195,,Surface,5,Image 1,1,126,
7.78357,,Surface,5,Image 1,1,127,
4.77508,,Surface,5,Image 1,1,128,
4.47339,,Surface,5,Image 1,1,129,
27.462,,Surface,5,Image 1,1,130,
85.73,,Surface,5,Image 1,1,131,
165.499,,Surface,5,Image 1,1,132,
3.15916,,Surface,5,Image 1,1,133,
124.848,,Surface,5,Image 1,1,134,
13.5899,,Surface,5,Image 1,1,135,
4.33608,,Surface,5,Image 1,1,136,
5.0495,,Surface,5,Image 1,1,137,
230.807,,Surface,5,Image 1,1,138,
21.5278,,Surface,5,Image 1,1,139,
7.58814,,Surface,5,Image 1,1,140,
37.3602,,Surface,5,Image 1,1,141,
94.2043,,Surface,5,Image 1,1,142,
2.95309,,Surface,5,Image 1,1,143,
0.165475,,Surface,5,Image 1,1,144,
82.7787,,Surface,5,Image 1,1,145,
135.539,,Surface,5,Image 1,1,146,
46.7432,,Surface,5,Image 1,1,147,
140.76,,Surface,5,Image 1,1,148,
0.0116915,,Surface,5,Image 1,1,149,
7.43628,,Surface,5,Image 1,1,150,
2.27936,,Surface,5,Image 1,1,151,
27.5321,,Surface,5,Image 1,1,152,
123.429,,Surface,5,Image 1,1,153,
32.2939,,Surface,5,Image 1,1,154,
10.2382,,Surface,5,Image 1,1,155,
54.8137,,Surface,5,Image 1,1,156,
14.3209,,Surface,5,Image 1,1,157,
6.00835,,Surface,5,Image 1,1,158,
184.765,,Surface,5,Image 1,1,159,
9.47711,,Surface,5,Image 1,1,160,
4.7311,,Surface,5,Image 1,1,161,
2.25017,,Surface,5,Image 1,1,162,
6.6664,,Surface,5,Image 1,1,163,
176.718,,Surface,5,Image 1,1,164,
25.7213,,Surface,5,Image 1,1,165,
2.23098,,Surface,5,Image 1,1,166,
176.879,,Surface,5,Image 1,1,167,
5.49089,,Surface,5,Image 1,1,168,
1.36008,,Surface,5,Image 1,1,169,
189.92,,Surface,5,Image 1,1,170,
1.66954,,Surface,5,Image 1,1,171,
4.14055,,Surface,5,Image 1,1,172,
12.4678,,Surface,5,Image 1,1,173,
139.961,,Surface,5,Image 1,1,174,
2.42488,,Surface,5,Image 1,1,175,
213.611,,Surface,5,Image 1,1,176,
21.2947,,Surface,5,Image 1,1,177,
31.1387,,Surface,5,Image 1,1,178,
9.24772,,Surface,5,Image 1,1,179,
1.24356,,Surface,5,Image 1,1,180,
3.35197,,Surface,5,Image 1,1,181,
6.4534,,Surface,5,Image 1,1,182,
5.65571,,Surface,5,Image 1,1,183,
121.981,,Surface,5,Image 1,1,184,
78.2726,,Surface,5,Image 1,1,185,
132.566,,Surface,5,Image 1,1,186,
13.4972,,Surface,5,Image 1,1,187,
1.29112,,Surface,5,Image 1,1,188,
3.05761,,Surface,5,Image 1,1,189,
1.03038,,Surface,5,Image 1,1,190,
28.1376,,Surface,5,Image 1,1,191,
109.171,,Surface,5,Image 1,1,192,
5.47981,,Surface,5,Image 1,1,193,
2.40969,,Surface,5,Image 1,1,194,
47.1213,,Surface,5,Image 1,1,195,
92.4499,,Surface,5,Image 1,1,196,
122.66,,Surface,5,Image 1,1,198,
215.412,,Surface,5,Image 1,1,199,
197.72,,Surface,5,Image 1,1,200,
55.282,,Surface,5,Image 1,1,201,
19.7823,,Surface,5,Image 1,1,203,
6.16254,,Surface,5,Image 1,1,204,
4.3599,,Surface,5,Image 1,1,205,
7.33546,,Surface,5,Image 1,1,206,
44.8054,,Surface,5,Image 1,1,207,
150.313,,Surface,5,Image 1,1,208,
28.4368,,Surface,5,Image 1,1,209,
3.74331,,Surface,5,Image 1,1,210,
2.09321,,Surface,5,Image 1,1,211,
37.8567,,Surface,5,Image 1,1,212,
14.6639,,Surface,5,Image 1,1,213,
0.0602283,,Surface,5,Image 1,1,214,
157.344,,Surface,5,Image 1,1,215,
17.1674,,Surface,5,Image 1,1,216,
13.0996,,Surface,5,Image 1,1,217,
196.615,,Surface,5,Image 1,1,218,
23.5998,,Surface,5,Image 1,1,219,
1.62423,,Surface,5,Image 1,1,220,
4.14105,,Surface,5,Image 1,1,221,
144.266,,Surface,5,Image 1,1,222,
1.37833,,Surface,5,Image 1,1,223,
156.151,,Surface,5,Image 1,1,224,
189.744,,Surface,5,Image 1,1,225,
165.536,,Surface,5,Image 1,1,226,
0.976304,,Surface,5,Image 1,1,227,
47.3427,,Surface,5,Image 1,1,228,
60.2253,,Surface,5,Image 1,1,229,
0.146588,,Surface,5,Image 1,1,230,
17.2715,,Surface,5,Image 1,1,231,
45.4308,,Surface,5,Image 1,1,232,
57.3127,,Surface,5,Image 1,1,233,
180.519,,Surface,5,Image 1,1,235,
50.4892,,Surface,5,Image 1,1,236,
0.806944,,Surface,5,Image 1,1,237,
176.67,,Surface,5,Image 1,1,238,
104.611,,Surface,5,Image 1,1,239,
181.52,,Surface,5,Image 1,1,240,
0.0402166,,Surface,5,Image 1,1,241,
66.584,,Surface,5,Image 1,1,242,
67.6424,,Surface,5,Image 1,1,244,
162.135,,Surface,5,Image 1,1,245,
25.8485,,Surface,5,Image 1,1,246,
66.6636,,Surface,5,Image 1,1,247,
37.8498,,Surface,5,Image 1,1,248,
42.8566,,Surface,5,Image 1,1,249,
9.49265,,Surface,5,Image 1,1,250,
157.051,,Surface,5,Image 1,1,252,
2.03593,,Surface,5,Image 1,1,253,
2.36675,,Surface,5,Image 1,1,254,
3.48755,,Surface,5,Image 1,1,255,
178.687,,Surface,5,Image 1,1,256,
31.5115,,Surface,5,Image 1,1,257,
173.885,,Surface,5,Image 1,1,258,
188.505,,Surface,5,Image 1,1,259,
0.987287,,Surface,5,Image 1,1,261,
210.607,,Surface,5,Image 1,1,262,
173.827,,Surface,5,Image 1,1,263,
21.9186,,Surface,5,Image 1,1,264,
7.05433,,Surface,5,Image 1,1,265,
1.73292,,Surface,5,Image 1,1,266,
3.32315,,Surface,5,Image 1,1,268,
168.97,,Surface,5,Image 1,1,269,
212.804,,Surface,5,Image 1,1,270,
2.06253,,Surface,5,Image 1,1,271,
10.9478,,Surface,5,Image 1,1,272,
53.5204,,Surface,5,Image 1,1,273,
161.129,,Surface,5,Image 1,1,274,
25.6063,,Surface,5,Image 1,1,275,
13.1241,,Surface,5,Image 1,1,276,
1.12835,,Surface,5,Image 1,1,277,
30.783,,Surface,5,Image 1,1,278,
2.76899,,Surface,5,Image 1,1,279,
5.49081,,Surface,5,Image 1,1,280,
40.7082,,Surface,5,Image 1,1,281,
221.382,,Surface,5,Image 1,1,283,
51.9663,,Surface,5,Image 1,1,284,
4.91196,,Surface,5,Image 1,1,285,
14.9323,,Surface,5,Image 1,1,286,
1.61838,,Surface,5,Image 1,1,287,
20.8368,,Surface,5,Image 1,1,288,
1.59324,,Surface,5,Image 1,1,289,
0.259669,,Surface,5,Image 1,1,290,
134.593,,Surface,5,Image 1,1,291,
91.3485,,Surface,5,Image 1,1,292,
4.58997,,Surface,5,Image 1,1,293,
3.4787,,Surface,5,Image 1,1,294,
5.08941,,Surface,5,Image 1,1,295,
2.139,,Surface,5,Image 1,1,296,
37.9581,,Surface,5,Image 1,1,297,
239.964,,Surface,5,Image 1,1,298,
0.82919,,Surface,5,Image 1,1,299,
0.262566,,Surface,5,Image 1,1,300,
17.694,,Surface,5,Image 1,1,301,
9.06053,,Surface,5,Image 1,1,303,
14.7215,,Surface,5,Image 1,1,304,
0.97807,,Surface,5,Image 1,1,305,
9.54396,,Surface,5,Image 1,1,306,
0.000645896,,Surface,5,Image 1,1,307,
32.3999,,Surface,5,Image 1,1,308,
275.207,,Surface,5,Image 1,1,309,
207.467,,Surface,5,Image 1,1,310,
0.504644,,Surface,5,Image 1,1,312,
92.8965,,Surface,5,Image 1,1,313,
174.066,,Surface,5,Image 1,1,314,
1.94056,,Surface,5,Image 1,1,315,
3.61882,,Surface,5,Image 1,1,316,
35.6945,,Surface,5,Image 1,1,317,
39.6174,,Surface,5,Image 1,1,318,
0.246112,,Surface,5,Image 1,1,319,
9.01416,,Surface,5,Image 1,1,320,
5.58462,,Surface,5,Image 1,1,321,
29.9765,,Surface,5,Image 1,1,323,
73.5802,,Surface,5,Image 1,1,324,
6.23258,,Surface,5,Image 1,1,325,
1.20355,,Surface,5,Image 1,1,326,
74.3245,,Surface,5,Image 1,1,327,
110.908,,Surface,5,Image 1,1,329,
1.80741,,Surface,5,Image 1,1,330,
16.4041,,Surface,5,Image 1,1,331,
3.08199,,Surface,5,Image 1,1,332,
2.0077,,Surface,5,Image 1,1,333,
81.609,,Surface,5,Image 1,1,335,
17.6561,,Surface,5,Image 1,1,338,
221.963,,Surface,5,Image 1,1,339,
1.03747,,Surface,5,Image 1,1,342,
19.0203,,Surface,5,Image 1,1,343,
4.55337,,Surface,5,Image 1,1,344,
202.88,,Surface,5,Image 1,1,345,
4.46208,,Surface,5,Image 1,1,346,
43.3777,,Surface,5,Image 1,1,347,
1.48707,,Surface,5,Image 1,1,349,
110.082,,Surface,5,Image 1,1,350,
0.662329,,Surface,5,Image 1,1,351,
38.3746,,Surface,5,Image 1,1,352,
1.66549,,Surface,5,Image 1,1,353,
56.6494,,Surface,5,Image 1,1,354,
2.77185,,Surface,5,Image 1,1,356,
0.194989,,Surface,5,Image 1,1,357,
1.12905,,Surface,5,Image 1,1,358,
8.59135,,Surface,5,Image 1,1,359,
116.514,,Surface,5,Image 1,1,360,
261.354,,Surface,5,Image 1,1,363,
203.768,,Surface,5,Image 1,1,364,
44.4486,,Surface,5,Image 1,1,365,
0.392935,,Surface,5,Image 1,1,366,
5.30909,,Surface,5,Image 1,1,368,
3.13232,,Surface,5,Image 1,1,369,
5.69334,,Surface,5,Image 1,1,370,
29.0111,,Surface,5,Image 1,1,371,
2.53125,,Surface,5,Image 1,1,372,
208.701,,Surface,5,Image 1,1,373,
6.62262,,Surface,5,Image 1,1,374,
70.9192,,Surface,5,Image 1,1,375,
77.3284,,Surface,5,Image 1,1,376,
114.256,,Surface,5,Image 1,1,378,
289.112,,Surface,5,Image 1,1,379,
55.9743,,Surface,5,Image 1,1,380,
17.0092,,Surface,5,Image 1,1,381,
1.84798,,Surface,5,Image 1,1,382,
6.47067,,Surface,5,Image 1,1,383,
2.61226,,Surface,5,Image 1,1,384,
93.5314,,Surface,5,Image 1,1,385,
27.5575,,Surface,5,Image 1,1,386,
258.14,,Surface,5,Image 1,1,387,
0.900584,,Surface,5,Image 1,1,388,
58.5254,,Surface,5,Image 1,1,389,
5.64921,,Surface,5,Image 1,1,390,
303.936,,Surface,5,Image 1,1,391,
182.363,,Surface,5,Image 1,1,392,
8.42906,,Surface,5,Image 1,1,393,
4.26403,,Surface,5,Image 1,1,394,
5.35659,,Surface,5,Image 1,1,395,
222.402,,Surface,5,Image 1,1,396,
16.344,,Surface,5,Image 1,1,397,
63.2833,,Surface,5,Image 1,1,398,
193.697,,Surface,5,Image 1,1,399,
57.0268,,Surface,5,Image 1,1,400,
4.34941,,Surface,5,Image 1,1,402,
21.5211,,Surface,5,Image 1,1,403,
2.92084,,Surface,5,Image 1,1,404,
215.808,,Surface,5,Image 1,1,405,
2.68016,,Surface,5,Image 1,1,406,
2.46294,,Surface,5,Image 1,1,407,
4.13259,,Surface,5,Image 1,1,408,
13.4429,,Surface,5,Image 1,1,409,
55.3038,,Surface,5,Image 1,1,410,
2.98329,,Surface,5,Image 1,1,412,
168.254,,Surface,5,Image 1,1,413,
0.715717,,Surface,5,Image 1,1,414,
79.0311,,Surface,5,Image 1,1,415,
12.9923,,Surface,5,Image 1,1,416,
177.449,,Surface,5,Image 1,1,417,
1.1092,,Surface,5,Image 1,1,418,
55.84,,Surface,5,Image 1,1,419,
1.56194,,Surface,5,Image 1,1,420,
1.69111,,Surface,5,Image 1,1,422,
4.83749,,Surface,5,Image 1,1,423,
1.4308,,Surface,5,Image 1,1,425,
20.1324,,Surface,5,Image 1,1,426,
2.71063,,Surface,5,Image 1,1,427,
214.198,,Surface,5,Image 1,1,428,
2.99893,,Surface,5,Image 1,1,431,
28.98,,Surface,5,Image 1,1,432,
60.3512,,Surface,5,Image 1,1,433,
218.194,,Surface,5,Image 1,1,434,
22.8022,,Surface,5,Image 1,1,435,
1.09305,,Surface,5,Image 1,1,436,
4.13649,,Surface,5,Image 1,1,437,
10.2059,,Surface,5,Image 1,1,438,
36.88,,Surface,5,Image 1,1,439,
73.1898,,Surface,5,Image 1,1,440,
3.17775,,Surface,5,Image 1,1,441,
330.467,,Surface,5,Image 1,1,442,
5.55383,,Surface,5,Image 1,1,443,
0.920603,,Surface,5,Image 1,1,444,
2.2988,,Surface,5,Image 1,1,445,
56.7303,,Surface,5,Image 1,1,446,
13.8014,,Surface,5,Image 1,1,447,
4.37291,,Surface,5,Image 1,1,448,
273.731,,Surface,5,Image 1,1,449,
1.63458,,Surface,5,Image 1,1,450,
5.80962,,Surface,5,Image 1,1,451,
0.604269,,Surface,5,Image 1,1,452,
33.053,,Surface,5,Image 1,1,453,
171.765,,Surface,5,Image 1,1,454,
1.74357,,Surface,5,Image 1,1,455,
98.3417,,Surface,5,Image 1,1,456,
21.105,,Surface,5,Image 1,1,457,
81.3906,,Surface,5,Image 1,1,458,
104.396,,Surface,5,Image 1,1,459,
67.8307,,Surface,5,Image 1,1,460,
65.2086,,Surface,5,Image 1,1,461,
70.463,,Surface,5,Image 1,1,462,
6.0844,,Surface,5,Image 1,1,463,
31.2191,,Surface,5,Image 1,1,464,
13.3706,,Surface,5,Image 1,1,465,
45.0389,,Surface,5,Image 1,1,466,
55.76,,Surface,5,Image 1,1,467,
18.3296,,Surface,5,Image 1,1,468,
32.5712,,Surface,5,Image 1,1,469,
1.68127,,Surface,5,Image 1,1,470,
34.9521,,Surface,5,Image 1,1,471,
8.91796,,Surface,5,Image 1,1,472,
40.7417,,Surface,5,Image 1,1,473,
4.33778,,Surface,5,Image 1,1,474,
219.794,,Surface,5,Image 1,1,476,
5.34819,,Surface,5,Image 1,1,477,
44.5226,,Surface,5,Image 1,1,478,
81.3686,,Surface,5,Image 1,1,479,
25.4576,,Surface,5,Image 1,1,480,
1.58925,,Surface,5,Image 1,1,483,
54.8808,,Surface,5,Image 1,1,484,
146.663,,Surface,5,Image 1,1,485,
1.73438,,Surface,5,Image 1,1,486,
49.2813,,Surface,5,Image 1,1,487,
75.7332,,Surface,5,Image 1,1,490,
4.68944,,Surface,5,Image 1,1,491,
52.5476,,Surface,5,Image 1,1,492,
27.823,,Surface,5,Image 1,1,494,
219.687,,Surface,5,Image 1,1,496,
1.81375,,Surface,5,Image 1,1,497,
184.065,,Surface,5,Image 1,1,498,
82.1129,,Surface,5,Image 1,1,500,
131.486,,Surface,5,Image 1,1,501,
25.5675,,Surface,5,Image 1,1,502,
3.91812,,Surface,5,Image 1,1,503,
11.0665,,Surface,5,Image 1,1,504,
56.0295,,Surface,5,Image 1,1,506,
8.17868,,Surface,5,Image 1,1,507,
78.4938,,Surface,5,Image 1,1,508,
4.22447,,Surface,5,Image 1,1,509,
6.86227,,Surface,5,Image 1,1,510,
6.48498,,Surface,5,Image 1,1,511,
47.0331,,Surface,5,Image 1,1,512,
6.66284,,Surface,5,Image 1,1,514,
59.1656,,Surface,5,Image 1,1,515,
28.7624,,Surface,5,Image 1,1,516,
9.32801,,Surface,5,Image 1,1,517,
44.5763,,Surface,5,Image 1,1,518,
5.94654,,Surface,5,Image 1,1,519,
103.01,,Surface,5,Image 1,1,520,
2.30831,,Surface,5,Image 1,1,521,
27.7778,,Surface,5,Image 1,1,522,
27.6486,,Surface,5,Image 1,1,523,
26.7945,,Surface,5,Image 1,1,524,
14.6741,,Surface,5,Image 1,1,525,
33.0232,,Surface,5,Image 1,1,526,
0.0990248,,Surface,5,Image 1,1,527,
51.154,,Surface,5,Image 1,1,528,
4.00656,,Surface,5,Image 1,1,529,
60.0614,,Surface,5,Image 1,1,530,
53.0696,,Surface,5,Image 1,1,531,
3.11362,,Surface,5,Image 1,1,532,
2.1933,,Surface,5,Image 1,1,533,
38.6775,,Surface,5,Image 1,1,535,
31.5982,,Surface,5,Image 1,1,536,
16.8842,,Surface,5,Image 1,1,537,
77.7735,,Surface,5,Image 1,1,538,
1.90025,,Surface,5,Image 1,1,539,
7.19542,,Surface,5,Image 1,1,540,
57.0595,,Surface,5,Image 1,1,541,
78.2788,,Surface,5,Image 1,1,542,
33.8801,,Surface,5,Image 1,1,544,
1.76882,,Surface,5,Image 1,1,545,
3.40831,,Surface,5,Image 1,1,546,
76.3068,,Surface,5,Image 1,1,547,
50.509,,Surface,5,Image 1,1,548,
233.994,,Surface,5,Image 1,1,549,
8.78819,,Surface,5,Image 1,1,550,
25.5512,,Surface,5,Image 1,1,552,
26.6771,,Surface,5,Image 1,1,554,
239.72,,Surface,5,Image 1,1,555,
28.6817,,Surface,5,Image 1,1,556,
2.74328,,Surface,5,Image 1,1,557,
59.8852,,Surface,5,Image 1,1,558,
9.78192,,Surface,5,Image 1,1,559,
21.6094,,Surface,5,Image 1,1,560,
7.90177,,Surface,5,Image 1,1,561,
3.22088,,Surface,5,Image 1,1,563,
13.7312,,Surface,5,Image 1,1,564,
19.582,,Surface,5,Image 1,1,565,
56.0339,,Surface,5,Image 1,1,567,
6.17228,,Surface,5,Image 1,1,568,
63.5453,,Surface,5,Image 1,1,571,
14.3641,,Surface,5,Image 1,1,572,
2.32815,,Surface,5,Image 1,1,573,
0.389025,,Surface,5,Image 1,1,574,
52.0894,,Surface,5,Image 1,1,576,
22.4956,,Surface,5,Image 1,1,577,
6.28507,,Surface,5,Image 1,1,579,
5.08044,,Surface,5,Image 1,1,580,
15.3022,,Surface,5,Image 1,1,581,
30.5347,,Surface,5,Image 1,1,583,
59.4347,,Surface,5,Image 1,1,584,
25.5341,,Surface,5,Image 1,1,585,
7.80862,,Surface,5,Image 1,1,586,
55.4439,,Surface,5,Image 1,1,587,
48.2758,,Surface,5,Image 1,1,588,
63.1963,,Surface,5,Image 1,1,589,
17.7438,,Surface,5,Image 1,1,590,
4.30335,,Surface,5,Image 1,1,592,
52.8603,,Surface,5,Image 1,1,594,
5.37612,,Surface,5,Image 1,1,595,
17.3548,,Surface,5,Image 1,1,596,
1.161,,Surface,5,Image 1,1,597,
2.76655,,Surface,5,Image 1,1,598,
44.9728,,Surface,5,Image 1,1,599,
16.4347,,Surface,5,Image 1,1,601,
19.9667,,Surface,5,Image 1,1,602,
59.8983,,Surface,5,Image 1,1,603,
39.6377,,Surface,5,Image 1,1,604,
6.50596,,Surface,5,Image 1,1,605,
20.1132,,Surface,5,Image 1,1,606,
27.2256,,Surface,5,Image 1,1,609,
63.4486,,Surface,5,Image 1,1,610,
14.2963,,Surface,5,Image 1,1,611,
93.6362,,Surface,5,Image 1,1,613,
41.9289,,Surface,5,Image 1,1,614,
29.2571,,Surface,5,Image 1,1,615,
6.74562,,Surface,5,Image 1,1,617,
8.12303,,Surface,5,Image 1,1,618,
47.9227,,Surface,5,Image 1,1,619,
23.8649,,Surface,5,Image 1,1,621,
2.61749,,Surface,5,Image 1,1,622,
3.43729,,Surface,5,Image 1,1,623,
70.3865,,Surface,5,Image 1,1,624,
15.3032,,Surface,5,Image 1,1,625,
34.212,,Surface,5,Image 1,1,626,
28.8192,,Surface,5,Image 1,1,627,
34.4256,,Surface,5,Image 1,1,628,
17.3262,,Surface,5,Image 1,1,629,
10.4784,,Surface,5,Image 1,1,630,
3.0005,,Surface,5,Image 1,1,631,
6.77808,,Surface,5,Image 1,1,632,
2.94512,,Surface,5,Image 1,1,633,
29.8854,,Surface,5,Image 1,1,635,
36.8398,,Surface,5,Image 1,1,636,
32.7432,,Surface,5,Image 1,1,637,
3.15255,,Surface,5,Image 1,1,640,
63.6544,,Surface,5,Image 1,1,641,
45.2966,,Surface,5,Image 1,1,642,
8.98995,,Surface,5,Image 1,1,643,
20.0377,,Surface,5,Image 1,1,644,
2.32123,,Surface,5,Image 1,1,645,
12.3051,,Surface,5,Image 1,1,646,
29.6266,,Surface,5,Image 1,1,647,
44.2688,,Surface,5,Image 1,1,648,
32.8064,,Surface,5,Image 1,1,649,
4.54446,,Surface,5,Image 1,1,650,
61.7829,,Surface,5,Image 1,1,652,
4.62791,,Surface,5,Image 1,1,653,
104.749,,Surface,5,Image 1,1,654,
20.4226,,Surface,5,Image 1,1,656,
31.2621,,Surface,5,Image 1,1,657,
11.5314,,Surface,5,Image 1,1,658,
0.386236,,Surface,5,Image 1,1,659,
39.1038,,Surface,5,Image 1,1,660,
45.7905,,Surface,5,Image 1,1,662,
1.96366,,Surface,5,Image 1,1,663,
8.41824,,Surface,5,Image 1,1,664,
2.11266,,Surface,5,Image 1,1,665,
49.4549,,Surface,5,Image 1,1,666,
5.45073,,Surface,5,Image 1,1,667,
8.0134,,Surface,5,Image 1,1,668,
2.54598,,Surface,5,Image 1,1,669,
15.6679,,Surface,5,Image 1,1,670,
61.0837,,Surface,5,Image 1,1,671,
2.28425,,Surface,5,Image 1,1,672,
4.91128,,Surface,5,Image 1,1,673,
4.51121,,Surface,5,Image 1,1,674,
0.955408,,Surface,5,Image 1,1,675,
36.5696,,Surface,5,Image 1,1,676,
39.6886,,Surface,5,Image 1,1,677,
2.24968,,Surface,5,Image 1,1,678,
23.8718,,Surface,5,Image 1,1,679,
46.3835,,Surface,5,Image 1,1,680,
2.18843,,Surface,5,Image 1,1,681,
31.8194,,Surface,5,Image 1,1,682,
44.1192,,Surface,5,Image 1,1,683,
4.78732,,Surface,5,Image 1,1,684,
24.2623,,Surface,5,Image 1,1,686,
4.31853,,Surface,5,Image 1,1,687,
19.2473,,Surface,5,Image 1,1,688,
10.5409,,Surface,5,Image 1,1,689,
52.1396,,Surface,5,Image 1,1,690,
24.4061,,Surface,5,Image 1,1,691,
10.176,,Surface,5,Image 1,1,693,
56.0734,,Surface,5,Image 1,1,694,
10.8132,,Surface,5,Image 1,1,695,
9.2588,,Surface,5,Image 1,1,696,
40.4157,,Surface,5,Image 1,1,697,
3.94541,,Surface,5,Image 1,1,698,
47.7811,,Surface,5,Image 1,1,699,
1.83297,,Surface,5,Image 1,1,700,
19.0457,,Surface,5,Image 1,1,701,
12.1715,,Surface,5,Image 1,1,702,
46.5819,,Surface,5,Image 1,1,703,
43.7363,,Surface,5,Image 1,1,704,
4.43133,,Surface,5,Image 1,1,707,
39.8339,,Surface,5,Image 1,1,708,
32.639,,Surface,5,Image 1,1,710,
6.42068,,Surface,5,Image 1,1,711,
3.66085,,Surface,5,Image 1,1,712,
31.9688,,Surface,5,Image 1,1,713,
9.93844,,Surface,5,Image 1,1,714,
55.3161,,Surface,5,Image 1,1,715,
31.9467,,Surface,5,Image 1,1,716,
48.7114,,Surface,5,Image 1,1,718,
22.664,,Surface,5,Image 1,1,719,
13.5397,,Surface,5,Image 1,1,720,
2.85613,,Surface,5,Image 1,1,722,
2.39184,,Surface,5,Image 1,1,723,
117.508,,Surface,5,Image 1,1,724,
1.80425,,Surface,5,Image 1,1,725,
2.0205,,Surface,5,Image 1,1,726,
19.2755,,Surface,5,Image 1,1,727,
29.3062,,Surface,5,Image 1,1,728,
4.06748,,Surface,5,Image 1,1,729,
28.4704,,Surface,5,Image 1,1,730,
18.6071,,Surface,5,Image 1,1,731,
18.4824,,Surface,5,Image 1,1,732,
2.3552,,Surface,5,Image 1,1,733,
25.5474,,Surface,5,Image 1,1,734,
1.52208,,Surface,5,Image 1,1,735,
4.94625,,Surface,5,Image 1,1,736,
46.3985,,Surface,5,Image 1,1,737,
3.29008,,Surface,5,Image 1,1,738,
6.15611,,Surface,5,Image 1,1,739,
14.5384,,Surface,5,Image 1,1,740,
67.8495,,Surface,5,Image 1,1,741,
26.1912,,Surface,5,Image 1,1,742,
32.0454,,Surface,5,Image 1,1,743,
31.2671,,Surface,5,Image 1,1,744,
1.80201,,Surface,5,Image 1,1,745,
28.9692,,Surface,5,Image 1,1,746,
21.4273,,Surface,5,Image 1,1,747,
12.1866,,Surface,5,Image 1,1,749,
4.34439,,Surface,5,Image 1,1,750,
55.7024,,Surface,5,Image 1,1,751,
4.11816,,Surface,5,Image 1,1,752,
1.83028,,Surface,5,Image 1,1,753,
1.56122,,Surface,5,Image 1,1,754,
1.90001,,Surface,5,Image 1,1,755,
39.3763,,Surface,5,Image 1,1,756,
3.1106,,Surface,5,Image 1,1,757,
5.36354,,Surface,5,Image 1,1,758,
1.60696,,Surface,5,Image 1,1,759,
3.80811,,Surface,5,Image 1,1,760,
2.79416,,Surface,5,Image 1,1,761,
32.0684,,Surface,5,Image 1,1,762,
3.14625,,Surface,5,Image 1,1,763,
1.75071,,Surface,5,Image 1,1,764,
13.5208,,Surface,5,Image 1,1,765,
70.0965,,Surface,5,Image 1,1,766,
18.5397,,Surface,5,Image 1,1,767,
1.6802,,Surface,5,Image 1,1,768,
1.114,,Surface,5,Image 1,1,769,
3.11983,,Surface,5,Image 1,1,770,
64.068,,Surface,5,Image 1,1,771,
43.3541,,Surface,5,Image 1,1,772,
5.91808,,Surface,5,Image 1,1,773,
6.87049,,Surface,5,Image 1,1,774,
18.4644,,Surface,5,Image 1,1,775,
8.73691,,Surface,5,Image 1,1,776,
2.44283,,Surface,5,Image 1,1,777,
2.23779,,Surface,5,Image 1,1,778,
20.1638,,Surface,5,Image 1,1,779,
42.9733,,Surface,5,Image 1,1,780,
15.3205,,Surface,5,Image 1,1,781,
28.5989,,Surface,5,Image 1,1,782,
7.50166,,Surface,5,Image 1,1,783,
11.6686,,Surface,5,Image 1,1,784,
2.55519,,Surface,5,Image 1,1,785,
0.900138,,Surface,5,Image 1,1,786,
18.3158,,Surface,5,Image 1,1,787,
48.2985,,Surface,5,Image 1,1,788,
67.5707,,Surface,5,Image 1,1,789,
27.6558,,Surface,5,Image 1,1,790,
1.76488,,Surface,5,Image 1,1,791,
38.1573,,Surface,5,Image 1,1,793,
17.4137,,Surface,5,Image 1,1,794,
1.01757,,Surface,5,Image 1,1,795,
37.3598,,Surface,5,Image 1,1,796,
0.435076,,Surface,5,Image 1,1,797,
3.08217,,Surface,5,Image 1,1,798,
24.378,,Surface,5,Image 1,1,799,
2.56381,,Surface,5,Image 1,1,800,
1.96347,,Surface,5,Image 1,1,801,
62.7903,,Surface,5,Image 1,1,802,
14.892,,Surface,5,Image 1,1,803,
28.8826,,Surface,5,Image 1,1,804,
6.09342,,Surface,5,Image 1,1,805,
14.9548,,Surface,5,Image 1,1,806,
78.5646,,Surface,5,Image 1,1,807,
46.3337,,Surface,5,Image 1,1,808,
24.3357,,Surface,5,Image 1,1,809,
25.9027,,Surface,5,Image 1,1,810,
29.2811,,Surface,5,Image 1,1,812,
4.16667,,Surface,5,Image 1,1,813,
20.5187,,Surface,5,Image 1,1,814,
53.3877,,Surface,5,Image 1,1,815,
2.15609,,Surface,5,Image 1,1,816,
3.10297,,Surface,5,Image 1,1,817,
3.68453,,Surface,5,Image 1,1,818,
2.85147,,Surface,5,Image 1,1,819,
3.00734,,Surface,5,Image 1,1,820,
7.40007,,Surface,5,Image 1,1,822,
3.33559,,Surface,5,Image 1,1,823,
2.82306,,Surface,5,Image 1,1,824,
62.0027,,Surface,5,Image 1,1,825,
4.52634,,Surface,5,Image 1,1,826,
47.8692,,Surface,5,Image 1,1,827,
5.31867,,Surface,5,Image 1,1,828,
62.708,,Surface,5,Image 1,1,829,
7.70617,,Surface,5,Image 1,1,830,
12.8441,,Surface,5,Image 1,1,831,
2.62581,,Surface,5,Image 1,1,832,
2.45368,,Surface,5,Image 1,1,833,
4.05366,,Surface,5,Image 1,1,834,
18.2689,,Surface,5,Image 1,1,835,
3.77367,,Surface,5,Image 1,1,836,
3.66151,,Surface,5,Image 1,1,838,
25.47,,Surface,5,Image 1,1,839,
2.4144,,Surface,5,Image 1,1,840,
49.1787,,Surface,5,Image 1,1,841,
2.93853,,Surface,5,Image 1,1,842,
42.3369,,Surface,5,Image 1,1,843,
5.14885,,Surface,5,Image 1,1,844,
35.7419,,Surface,5,Image 1,1,845,
17.2,,Surface,5,Image 1,1,846,
55.233,,Surface,5,Image 1,1,847,
41.9709,,Surface,5,Image 1,1,848,
3.43103,,Surface,5,Image 1,1,849,
4.70922,,Surface,5,Image 1,1,850,
68.2621,,Surface,5,Image 1,1,851,
37.6553,,Surface,5,Image 1,1,852,
91.11,,Surface,5,Image 1,1,853,
32.8323,,Surface,5,Image 1,1,854,
40.5868,,Surface,5,Image 1,1,855,
1.52231,,Surface,5,Image 1,1,856,
81.3565,,Surface,5,Image 1,1,857,
1.61596,,Surface,5,Image 1,1,858,
4.57255,,Surface,5,Image 1,1,859,
42.9894,,Surface,5,Image 1,1,860,
35.7803,,Surface,5,Image 1,1,861,
21.8776,,Surface,5,Image 1,1,862,
30.5877,,Surface,5,Image 1,1,863,
2.40722,,Surface,5,Image 1,1,864,
6.03811,,Surface,5,Image 1,1,865,
83.8421,,Surface,5,Image 1,1,866,
18.8283,,Surface,5,Image 1,1,868,
5.81602,,Surface,5,Image 1,1,869,
1.59598,,Surface,5,Image 1,1,870,
47.7496,,Surface,5,Image 1,1,871,
22.0967,,Surface,5,Image 1,1,872,
76.0155,,Surface,5,Image 1,1,873,
19.8506,,Surface,5,Image 1,1,874,
11.5636,,Surface,5,Image 1,1,875,
3.82259,,Surface,5,Image 1,1,877,
53.7688,,Surface,5,Image 1,1,878,
67.0268,,Surface,5,Image 1,1,879,
55.1539,,Surface,5,Image 1,1,880,
58.0745,,Surface,5,Image 1,1,881,
0.0117674,,Surface,5,Image 1,1,882,
19.0116,,Surface,5,Image 1,1,883,
6.67245,,Surface,5,Image 1,1,884,
14.3011,,Surface,5,Image 1,1,885,
1.47626,,Surface,5,Image 1,1,886,
2.4415,,Surface,5,Image 1,1,887,
2.21192,,Surface,5,Image 1,1,888,
2.19243,,Surface,5,Image 1,1,889,
2.68657,,Surface,5,Image 1,1,890,
2.23488,,Surface,5,Image 1,1,892,
56.4588,,Surface,5,Image 1,1,893,
30.3033,,Surface,5,Image 1,1,894,
8.97504,,Surface,5,Image 1,1,895,
62.6792,,Surface,5,Image 1,1,896,
56.9131,,Surface,5,Image 1,1,897,
23.8406,,Surface,5,Image 1,1,899,
14.1398,,Surface,5,Image 1,1,900,
3.26496,,Surface,5,Image 1,1,901,
20.8483,,Surface,5,Image 1,1,903,
4.44609,,Surface,5,Image 1,1,904,
5.36704,,Surface,5,Image 1,1,905,
3.44778,,Surface,5,Image 1,1,906,
26.6882,,Surface,5,Image 1,1,907,
67.5165,,Surface,5,Image 1,1,908,
76.0918,,Surface,5,Image 1,1,909,
90.6659,,Surface,5,Image 1,1,910,
18.0459,,Surface,5,Image 1,1,911,
27.9106,,Surface,5,Image 1,1,913,
5.45917,,Surface,5,Image 1,1,914,
5.09214,,Surface,5,Image 1,1,915,
1.53115,,Surface,5,Image 1,1,916,
12.3548,,Surface,5,Image 1,1,917,
26.0288,,Surface,5,Image 1,1,918,
84.0417,,Surface,5,Image 1,1,919,
86.0295,,Surface,5,Image 1,1,920,
52.3568,,Surface,5,Image 1,1,922,
7.10916,,Surface,5,Image 1,1,923,
3.7635,,Surface,5,Image 1,1,924,
4.16246,,Surface,5,Image 1,1,925,
19.7083,,Surface,5,Image 1,1,926,
35.7559,,Surface,5,Image 1,1,927,
5.97291,,Surface,5,Image 1,1,929,
68.0635,,Surface,5,Image 1,1,930,
39.8075,,Surface,5,Image 1,1,932,
3.81371,,Surface,5,Image 1,1,933,
4.33691,,Surface,5,Image 1,1,935,
5.2227,,Surface,5,Image 1,1,936,
2.15135,,Surface,5,Image 1,1,938,
64.547,,Surface,5,Image 1,1,939,
29.383,,Surface,5,Image 1,1,940,
71.8442,,Surface,5,Image 1,1,941,
65.3816,,Surface,5,Image 1,1,942,
5.04708,,Surface,5,Image 1,1,943,
15.5617,,Surface,5,Image 1,1,944,
3.48404,,Surface,5,Image 1,1,945,
32.1454,,Surface,5,Image 1,1,946,
0.453918,,Surface,5,Image 1,1,947,
27.7476,,Surface,5,Image 1,1,948,
55.3694,,Surface,5,Image 1,1,949,
3.31538,,Surface,5,Image 1,1,950,
32.3583,,Surface,5,Image 1,1,951,
32.9975,,Surface,5,Image 1,1,952,
79.2558,,Surface,5,Image 1,1,953,
11.8344,,Surface,5,Image 1,1,954,
23.2486,,Surface,5,Image 1,1,955,
65.6653,,Surface,5,Image 1,1,956,
31.2748,,Surface,5,Image 1,1,957,
48.9135,,Surface,5,Image 1,1,958,
3.91004,,Surface,5,Image 1,1,959,
5.13373,,Surface,5,Image 1,1,960,
33.9908,,Surface,5,Image 1,1,961,
3.72935,,Surface,5,Image 1,1,964,
1.92337,,Surface,5,Image 1,1,965,
1.69588,,Surface,5,Image 1,1,966,
3.57993,,Surface,5,Image 1,1,967,
21.6475,,Surface,5,Image 1,1,968,
69.1594,,Surface,5,Image 1,1,969,
16.792,,Surface,5,Image 1,1,970,
25.2908,,Surface,5,Image 1,1,971,
41.0489,,Surface,5,Image 1,1,972,
30.2844,,Surface,5,Image 1,1,973,
18.8641,,Surface,5,Image 1,1,974,
11.2062,,Surface,5,Image 1,1,975,
44.5388,,Surface,5,Image 1,1,976,
12.9613,,Surface,5,Image 1,1,977,
65.0851,,Surface,5,Image 1,1,978,
0.960825,,Surface,5,Image 1,1,979,
9.92035,,Surface,5,Image 1,1,981,
38.2609,,Surface,5,Image 1,1,982,
3.2904,,Surface,5,Image 1,1,984,
7.34613,,Surface,5,Image 1,1,985,
7.64876,,Surface,5,Image 1,1,986,
52.0567,,Surface,5,Image 1,1,987,
0.736326,,Surface,5,Image 1,1,988,
76.8749,,Surface,5,Image 1,1,989,
3.00646,,Surface,5,Image 1,1,990,
48.8807,,Surface,5,Image 1,1,991,
4.26939,,Surface,5,Image 1,1,992,
50.5147,,Surface,5,Image 1,1,993,
1.87567,,Surface,5,Image 1,1,995,
3.69222,,Surface,5,Image 1,1,996,
10.825,,Surface,5,Image 1,1,997,
51.7614,,Surface,5,Image 1,1,998,
2.42923,,Surface,5,Image 1,1,1000,
33.6565,,Surface,5,Image 1,1,1001,
4.26594,,Surface,5,Image 1,1,1002,
3.15196,,Surface,5,Image 1,1,1003,
15.4558,,Surface,5,Image 1,1,1004,
20.0651,,Surface,5,Image 1,1,1005,
4.96388,,Surface,5,Image 1,1,1006,
10.3996,,Surface,5,Image 1,1,1007,
125.405,,Surface,5,Image 1,1,1008,
2.59112,,Surface,5,Image 1,1,1009,
47.4928,,Surface,5,Image 1,1,1010,
66.8738,,Surface,5,Image 1,1,1011,
19.7844,,Surface,5,Image 1,1,1012,
51.2536,,Surface,5,Image 1,1,1013,
13.1735,,Surface,5,Image 1,1,1014,
2.98541,,Surface,5,Image 1,1,1015,
42.9492,,Surface,5,Image 1,1,1016,
2.97726,,Surface,5,Image 1,1,1018,
1.83817,,Surface,5,Image 1,1,1019,
2.63982,,Surface,5,Image 1,1,1020,
20.4862,,Surface,5,Image 1,1,1021,
6.65596,,Surface,5,Image 1,1,1022,
7.55258,,Surface,5,Image 1,1,1023,
9.75386,,Surface,5,Image 1,1,1024,
2.38658,,Surface,5,Image 1,1,1025,
27.2136,,Surface,5,Image 1,1,1026,
49.734,,Surface,5,Image 1,1,1028,
4.70296,,Surface,5,Image 1,1,1029,
2.35952,,Surface,5,Image 1,1,1030,
55.3237,,Surface,5,Image 1,1,1031,
58.2416,,Surface,5,Image 1,1,1032,
66.1687,,Surface,5,Image 1,1,1033,
76.2354,,Surface,5,Image 1,1,1034,
1.70336,,Surface,5,Image 1,1,1035,
2.9037,,Surface,5,Image 1,1,1036,
200.875,,Surface,5,Image 1,1,1037,
59.6763,,Surface,5,Image 1,1,1038,
49.8725,,Surface,5,Image 1,1,1039,
76.2456,,Surface,5,Image 1,1,1040,
2.07071,,Surface,5,Image 1,1,1041,
31.5841,,Surface,5,Image 1,1,1042,
23.1806,,Surface,5,Image 1,1,1043,
29.9039,,Surface,5,Image 1,1,1044,
3.88617,,Surface,5,Image 1,1,1045,
3.0713,,Surface,5,Image 1,1,1046,
5.20819,,Surface,5,Image 1,1,1048,
7.21461,,Surface,5,Image 1,1,1051,
0.411694,,Surface,5,Image 1,1,1052,
63.1667,,Surface,5,Image 1,1,1053,
37.209,,Surface,5,Image 1,1,1054,
2.98161,,Surface,5,Image 1,1,1057,
35.5254,,Surface,5,Image 1,1,1058,
1.77838,,Surface,5,Image 1,1,1059,
56.6603,,Surface,5,Image 1,1,1060,
3.90731,,Surface,5,Image 1,1,1061,
3.02985,,Surface,5,Image 1,1,1062,
2.5119,,Surface,5,Image 1,1,1063,
46.5008,,Surface,5,Image 1,1,1065,
1.53955,,Surface,5,Image 1,1,1066,
14.4738,,Surface,5,Image 1,1,1067,
64.9941,,Surface,5,Image 1,1,1068,
21.1879,,Surface,5,Image 1,1,1069,
4.12406,,Surface,5,Image 1,1,1071,
4.93494,,Surface,5,Image 1,1,1072,
3.02146,,Surface,5,Image 1,1,1073,
39.9674,,Surface,5,Image 1,1,1074,
13.4114,,Surface,5,Image 1,1,1075,
4.8043,,Surface,5,Image 1,1,1076,
35.2816,,Surface,5,Image 1,1,1077,
33.1955,,Surface,5,Image 1,1,1078,
7.66853,,Surface,5,Image 1,1,1079,
49.6777,,Surface,5,Image 1,1,1080,
3.14247,,Surface,5,Image 1,1,1081,
5.54831,,Surface,5,Image 1,1,1082,
19.7962,,Surface,5,Image 1,1,1083,
2.25499,,Surface,5,Image 1,1,1084,
51.6776,,Surface,5,Image 1,1,1085,
19.5698,,Surface,5,Image 1,1,1086,
19.077,,Surface,5,Image 1,1,1087,
4.2831,,Surface,5,Image 1,1,1088,
4.91101,,Surface,5,Image 1,1,1089,
1.57886,,Surface,5,Image 1,1,1091,
4.83673,,Surface,5,Image 1,1,1092,
63.4154,,Surface,5,Image 1,1,1093,
4.10588,,Surface,5,Image 1,1,1094,
62.6579,,Surface,5,Image 1,1,1095,
34.903,,Surface,5,Image 1,1,1096,
3.36498,,Surface,5,Image 1,1,1097,
3.57386,,Surface,5,Image 1,1,1098,
4.48967,,Surface,5,Image 1,1,1099,
7.30728,,Surface,5,Image 1,1,1100,
22.8487,,Surface,5,Image 1,1,1101,
36.2122,,Surface,5,Image 1,1,1102,
44.2306,,Surface,5,Image 1,1,1103,
55.2017,,Surface,5,Image 1,1,1105,
4.21844,,Surface,5,Image 1,1,1106,
44.2176,,Surface,5,Image 1,1,1107,
2.28909,,Surface,5,Image 1,1,1108,
1.08647,,Surface,5,Image 1,1,1109,
54.9699,,Surface,5,Image 1,1,1110,
13.6854,,Surface,5,Image 1,1,1112,
46.1972,,Surface,5,Image 1,1,1113,
3.256,,Surface,5,Image 1,1,1114,
2.6968,,Surface,5,Image 1,1,1115,
4.86011,,Surface,5,Image 1,1,1116,
32.0691,,Surface,5,Image 1,1,1117,
4.69311,,Surface,5,Image 1,1,1118,
4.29143,,Surface,5,Image 1,1,1119,
7.87253,,Surface,5,Image 1,1,1120,
2.3826,,Surface,5,Image 1,1,1121,
21.5712,,Surface,5,Image 1,1,1122,
1.80964,,Surface,5,Image 1,1,1123,
1.07231,,Surface,5,Image 1,1,1124,
1.88016,,Surface,5,Image 1,1,1125,
5.42263,,Surface,5,Image 1,1,1126,
37.0017,,Surface,5,Image 1,1,1128,
43.0918,,Surface,5,Image 1,1,1129,
3.4314,,Surface,5,Image 1,1,1130,
15.6954,,Surface,5,Image 1,1,1131,
0.00799532,,Surface,5,Image 1,1,1132,
18.0691,,Surface,5,Image 1,1,1133,
39.3572,,Surface,5,Image 1,1,1134,
47.9735,,Surface,5,Image 1,1,1135,
62.4548,,Surface,5,Image 1,1,1136,
18.9545,,Surface,5,Image 1,1,1137,
2.40215,,Surface,5,Image 1,1,1138,
28.9986,,Surface,5,Image 1,1,1139,
44.6141,,Surface,5,Image 1,1,1140,
5.38895,,Surface,5,Image 1,1,1141,
52.2071,,Surface,5,Image 1,1,1142,
53.7463,,Surface,5,Image 1,1,1143,
2.3555,,Surface,5,Image 1,1,1144,
28.601,,Surface,5,Image 1,1,1145,
48.1235,,Surface,5,Image 1,1,1147,
8.70862,,Surface,5,Image 1,1,1148,
3.70859,,Surface,5,Image 1,1,1149,
40.8541,,Surface,5,Image 1,1,1150,
22.0233,,Surface,5,Image 1,1,1151,
3.32633,,Surface,5,Image 1,1,1152,
8.82707,,Surface,5,Image 1,1,1153,
7.3157,,Surface,5,Image 1,1,1154,
2.297,,Surface,5,Image 1,1,1155,
3.35161,,Surface,5,Image 1,1,1156,
2.09122,,Surface,5,Image 1,1,1157,
43.4437,,Surface,5,Image 1,1,1158,
79.6553,,Surface,5,Image 1,1,1159,
6.15325,,Surface,5,Image 1,1,1160,
89.7962,,Surface,5,Image 1,1,1161,
46.0317,,Surface,5,Image 1,1,1162,
59.8079,,Surface,5,Image 1,1,1163,
6.87135,,Surface,5,Image 1,1,1165,
3.0144,,Surface,5,Image 1,1,1166,
1.03823,,Surface,5,Image 1,1,1167,
8.96883,,Surface,5,Image 1,1,1168,
3.10027,,Surface,5,Image 1,1,1169,
2.09578,,Surface,5,Image 1,1,1170,
0.977628,,Surface,5,Image 1,1,1171,
15.1376,,Surface,5,Image 1,1,1172,
44.9893,,Surface,5,Image 1,1,1173,
4.16531,,Surface,5,Image 1,1,1174,
28.9591,,Surface,5,Image 1,1,1176,
9.08612,,Surface,5,Image 1,1,1177,
1.76892,,Surface,5,Image 1,1,1178,
48.1906,,Surface,5,Image 1,1,1179,
5.62448,,Surface,5,Image 1,1,1180,
8.82012,,Surface,5,Image 1,1,1181,
56.7307,,Surface,5,Image 1,1,1182,
43.5828,,Surface,5,Image 1,1,1183,
3.13144,,Surface,5,Image 1,1,1184,
1.75175,,Surface,5,Image 1,1,1186,
6.05403,,Surface,5,Image 1,1,1187,
4.06263,,Surface,5,Image 1,1,1188,
3.49501,,Surface,5,Image 1,1,1189,
28.7974,,Surface,5,Image 1,1,1190,
80.2154,,Surface,5,Image 1,1,1191,
1.99214,,Surface,5,Image 1,1,1192,
1.29069,,Surface,5,Image 1,1,1193,
40.917,,Surface,5,Image 1,1,1194,
5.20142,,Surface,5,Image 1,1,1195,
14.0153,,Surface,5,Image 1,1,1196,
33.1709,,Surface,5,Image 1,1,1197,
33.7441,,Surface,5,Image 1,1,1198,
19.809,,Surface,5,Image 1,1,1199,
3.84322,,Surface,5,Image 1,1,1201,
21.6122,,Surface,5,Image 1,1,1202,
11.7585,,Surface,5,Image 1,1,1203,
57.8753,,Surface,5,Image 1,1,1204,
11.8137,,Surface,5,Image 1,1,1206,
10.061,,Surface,5,Image 1,1,1207,
1.65264,,Surface,5,Image 1,1,1208,
5.59369,,Surface,5,Image 1,1,1209,
39.2443,,Surface,5,Image 1,1,1211,
26.9475,,Surface,5,Image 1,1,1212,
2.626,,Surface,5,Image 1,1,1213,
1.91811,,Surface,5,Image 1,1,1214,
52.1781,,Surface,5,Image 1,1,1215,
2.02185,,Surface,5,Image 1,1,1216,
2.44126,,Surface,5,Image 1,1,1217,
29.6653,,Surface,5,Image 1,1,1219,
22.7396,,Surface,5,Image 1,1,1220,
9.55035,,Surface,5,Image 1,1,1221,
36.1053,,Surface,5,Image 1,1,1222,
10.464,,Surface,5,Image 1,1,1223,
4.41884,,Surface,5,Image 1,1,1224,
76.0356,,Surface,5,Image 1,1,1225,
5.39691,,Surface,5,Image 1,1,1226,
42.7435,,Surface,5,Image 1,1,1228,
4.71086,,Surface,5,Image 1,1,1229,
14.3376,,Surface,5,Image 1,1,1230,
6.08685,,Surface,5,Image 1,1,1231,
7.11156,,Surface,5,Image 1,1,1232,
69.76,,Surface,5,Image 1,1,1234,
0.715452,,Surface,5,Image 1,1,1235,
9.18911,,Surface,5,Image 1,1,1236,
1.32927,,Surface,5,Image 1,1,1237,
3.00351,,Surface,5,Image 1,1,1238,
1.58667,,Surface,5,Image 1,1,1239,
1.41202,,Surface,5,Image 1,1,1240,
6.69304,,Surface,5,Image 1,1,1241,
2.61282,,Surface,5,Image 1,1,1242,
13.871,,Surface,5,Image 1,1,1244,
28.0327,,Surface,5,Image 1,1,1245,
2.72169,,Surface,5,Image 1,1,1246,
9.60824,,Surface,5,Image 1,1,1247,
1.89875,,Surface,5,Image 1,1,1248,
5.33274,,Surface,5,Image 1,1,1249,
39.8479,,Surface,5,Image 1,1,1250,
2.18217,,Surface,5,Image 1,1,1251,
33.9666,,Surface,5,Image 1,1,1252,
34.7505,,Surface,5,Image 1,1,1253,
48.4312,,Surface,5,Image 1,1,1254,
60.6119,,Surface,5,Image 1,1,1255,
33.1011,,Surface,5,Image 1,1,1256,
96.3962,,Surface,5,Image 1,1,1257,
20.8331,,Surface,5,Image 1,1,1258,
28.2488,,Surface,5,Image 1,1,1260,
35.678,,Surface,5,Image 1,1,1261,
26.8327,,Surface,5,Image 1,1,1262,
4.37506,,Surface,5,Image 1,1,1264,
8.53368,,Surface,5,Image 1,1,1265,
137.536,,Surface,5,Image 1,1,1266,
1.12207,,Surface,5,Image 1,1,1267,
64.8288,,Surface,5,Image 1,1,1268,
60.9938,,Surface,5,Image 1,1,1269,
16.0589,,Surface,5,Image 1,1,1270,
13.1933,,Surface,5,Image 1,1,1271,
3.20757,,Surface,5,Image 1,1,1273,
6.8667,,Surface,5,Image 1,1,1274,
94.7203,,Surface,5,Image 1,1,1276,
50.0644,,Surface,5,Image 1,1,1277,
34.2629,,Surface,5,Image 1,1,1278,
170.746,,Surface,5,Image 1,1,1279,
23.5034,,Surface,5,Image 1,1,1280,
20.5079,,Surface,5,Image 1,1,1281,
1.82466,,Surface,5,Image 1,1,1282,
8.12517,,Surface,5,Image 1,1,1283,
3.04101,,Surface,5,Image 1,1,1284,
76.7718,,Surface,5,Image 1,1,1286,
2.48011,,Surface,5,Image 1,1,1287,
34.6562,,Surface,5,Image 1,1,1288,
16.6033,,Surface,5,Image 1,1,1289,
3.18138,,Surface,5,Image 1,1,1290,
21.442,,Surface,5,Image 1,1,1291,
3.0236,,Surface,5,Image 1,1,1293,
2.77911,,Surface,5,Image 1,1,1294,
4.94208,,Surface,5,Image 1,1,1295,
4.73725,,Surface,5,Image 1,1,1296,
20.6079,,Surface,5,Image 1,1,1297,
1.60705,,Surface,5,Image 1,1,1299,
4.90286,,Surface,5,Image 1,1,1301,
2.05874,,Surface,5,Image 1,1,1302,
56.6242,,Surface,5,Image 1,1,1303,
5.14492,,Surface,5,Image 1,1,1305,
66.4199,,Surface,5,Image 1,1,1306,
5.96214,,Surface,5,Image 1,1,1307,
3.45816,,Surface,5,Image 1,1,1308,
7.23462,,Surface,5,Image 1,1,1309,
4.49915,,Surface,5,Image 1,1,1310,
160.993,,Surface,5,Image 1,1,1311,
36.8049,,Surface,5,Image 1,1,1312,
1.90001,,Surface,5,Image 1,1,1313,
28.4211,,Surface,5,Image 1,1,1314,
4.35988,,Surface,5,Image 1,1,1315,
20.798,,Surface,5,Image 1,1,1316,
2.04484,,Surface,5,Image 1,1,1317,
48.7848,,Surface,5,Image 1,1,1318,
41.4419,,Surface,5,Image 1,1,1319,
10.7241,,Surface,5,Image 1,1,1320,
15.1128,,Surface,5,Image 1,1,1321,
22.6818,,Surface,5,Image 1,1,1322,
27.6206,,Surface,5,Image 1,1,1323,
2.35975,,Surface,5,Image 1,1,1324,
10.9827,,Surface,5,Image 1,1,1325,
31.0952,,Surface,5,Image 1,1,1326,
30.743,,Surface,5,Image 1,1,1327,
17.1927,,Surface,5,Image 1,1,1328,
6.6276,,Surface,5,Image 1,1,1329,
41.3607,,Surface,5,Image 1,1,1330,
4.03809,,Surface,5,Image 1,1,1331,
1.64177,,Surface,5,Image 1,1,1332,
24.1557,,Surface,5,Image 1,1,1333,
61.1559,,Surface,5,Image 1,1,1334,
3.87816,,Surface,5,Image 1,1,1335,
41.8414,,Surface,5,Image 1,1,1336,
20.7248,,Surface,5,Image 1,1,1337,
24.2974,,Surface,5,Image 1,1,1338,
7.37323,,Surface,5,Image 1,1,1339,
43.7174,,Surface,5,Image 1,1,1340,
7.81714,,Surface,5,Image 1,1,1341,
1.87385,,Surface,5,Image 1,1,1342,
33.9324,,Surface,5,Image 1,1,1343,
51.7717,,Surface,5,Image 1,1,1345,
16.4196,,Surface,5,Image 1,1,1346,
10.5756,,Surface,5,Image 1,1,1347,
67.1037,,Surface,5,Image 1,1,1348,
6.83953,,Surface,5,Image 1,1,1350,
30.9001,,Surface,5,Image 1,1,1352,
32.5652,,Surface,5,Image 1,1,1353,
2.00302,,Surface,5,Image 1,1,1354,
15.1354,,Surface,5,Image 1,1,1355,
54.4726,,Surface,5,Image 1,1,1356,
7.01183,,Surface,5,Image 1,1,1357,
28.7404,,Surface,5,Image 1,1,1358,
47.3527,,Surface,5,Image 1,1,1359,
2.70698,,Surface,5,Image 1,1,1360,
3.52293,,Surface,5,Image 1,1,1361,
4.60598,,Surface,5,Image 1,1,1362,
2.72974,,Surface,5,Image 1,1,1364,
3.83181,,Surface,5,Image 1,1,1365,
27.6224,,Surface,5,Image 1,1,1366,
3.657,,Surface,5,Image 1,1,1367,
51.1133,,Surface,5,Image 1,1,1368,
25.7865,,Surface,5,Image 1,1,1369,
44.4963,,Surface,5,Image 1,1,1370,
5.52622,,Surface,5,Image 1,1,1372,
67.6907,,Surface,5,Image 1,1,1373,
42.2073,,Surface,5,Image 1,1,1374,
42.1799,,Surface,5,Image 1,1,1375,
29.6469,,Surface,5,Image 1,1,1376,
50.4116,,Surface,5,Image 1,1,1377,
1.27141,,Surface,5,Image 1,1,1378,
9.64481,,Surface,5,Image 1,1,1379,
9.62424,,Surface,5,Image 1,1,1380,
3.80517,,Surface,5,Image 1,1,1381,
37.7732,,Surface,5,Image 1,1,1383,
5.63736,,Surface,5,Image 1,1,1384,
23.8866,,Surface,5,Image 1,1,1385,
53.9653,,Surface,5,Image 1,1,1386,
5.59723,,Surface,5,Image 1,1,1387,
3.32372,,Surface,5,Image 1,1,1388,
7.62869,,Surface,5,Image 1,1,1389,
9.27559,,Surface,5,Image 1,1,1390,
8.21815,,Surface,5,Image 1,1,1391,
9.29177,,Surface,5,Image 1,1,1392,
59.4293,,Surface,5,Image 1,1,1393,
3.38945,,Surface,5,Image 1,1,1395,
2.15145,,Surface,5,Image 1,1,1396,
19.464,,Surface,5,Image 1,1,1397,
23.635,,Surface,5,Image 1,1,1398,
5.50771,,Surface,5,Image 1,1,1399,
4.67875,,Surface,5,Image 1,1,1400,
2.21048,,Surface,5,Image 1,1,1401,
8.32418,,Surface,5,Image 1,1,1402,
91.6595,,Surface,5,Image 1,1,1403,
46.7035,,Surface,5,Image 1,1,1404,
81.5779,,Surface,5,Image 1,1,1405,
5.88244,,Surface,5,Image 1,1,1406,
6.07358,,Surface,5,Image 1,1,1407,
39.8744,,Surface,5,Image 1,1,1408,
6.40303,,Surface,5,Image 1,1,1409,
44.6635,,Surface,5,Image 1,1,1411,
15.0921,,Surface,5,Image 1,1,1412,
9.05257,,Surface,5,Image 1,1,1414,
13.6814,,Surface,5,Image 1,1,1415,
39.5043,,Surface,5,Image 1,1,1416,
2.2494,,Surface,5,Image 1,1,1417,
85.4199,,Surface,5,Image 1,1,1418,
7.09155,,Surface,5,Image 1,1,1419,
46.0557,,Surface,5,Image 1,1,1421,
72.2469,,Surface,5,Image 1,1,1422,
13.0279,,Surface,5,Image 1,1,1423,
1.916,,Surface,5,Image 1,1,1424,
4.1316,,Surface,5,Image 1,1,1425,
2.97124,,Surface,5,Image 1,1,1426,
52.7991,,Surface,5,Image 1,1,1427,
2.79343,,Surface,5,Image 1,1,1428,
4.86471,,Surface,5,Image 1,1,1429,
1.55417,,Surface,5,Image 1,1,1430,
2.32607,,Surface,5,Image 1,1,1431,
2.1873,,Surface,5,Image 1,1,1432,
150.573,,Surface,5,Image 1,1,1433,
21.3086,,Surface,5,Image 1,1,1434,
5.29505,,Surface,5,Image 1,1,1435,
6.24679,,Surface,5,Image 1,1,1436,
1.73465,,Surface,5,Image 1,1,1437,
25.765,,Surface,5,Image 1,1,1438,
105.512,,Surface,5,Image 1,1,1439,
2.02387,,Surface,5,Image 1,1,1440,
20.7342,,Surface,5,Image 1,1,1441,
2.71042,,Surface,5,Image 1,1,1442,
40.9619,,Surface,5,Image 1,1,1443,
3.93661,,Surface,5,Image 1,1,1444,
53.6349,,Surface,5,Image 1,1,1445,
14.8539,,Surface,5,Image 1,1,1446,
10.9553,,Surface,5,Image 1,1,1447,
51.784,,Surface,5,Image 1,1,1448,
2.20651,,Surface,5,Image 1,1,1449,
34.9272,,Surface,5,Image 1,1,1450,
38.8781,,Surface,5,Image 1,1,1451,
2.20554,,Surface,5,Image 1,1,1453,
3.18218,,Surface,5,Image 1,1,1454,
21.2365,,Surface,5,Image 1,1,1455,
19.2994,,Surface,5,Image 1,1,1456,
6.12249,,Surface,5,Image 1,1,1458,
7.6362,,Surface,5,Image 1,1,1459,
3.98633,,Surface,5,Image 1,1,1461,
13.8178,,Surface,5,Image 1,1,1462,
19.0795,,Surface,5,Image 1,1,1463,
2.61379,,Surface,5,Image 1,1,1464,
29.2764,,Surface,5,Image 1,1,1465,
0.194881,,Surface,5,Image 1,1,1466,
102.802,,Surface,5,Image 1,1,1467,
4.23397,,Surface,5,Image 1,1,1468,
2.23796,,Surface,5,Image 1,1,1469,
35.648,,Surface,5,Image 1,1,1470,
3.66533,,Surface,5,Image 1,1,1471,
50.1343,,Surface,5,Image 1,1,1472,
14.1203,,Surface,5,Image 1,1,1473,
64.5829,,Surface,5,Image 1,1,1475,
125.997,,Surface,5,Image 1,1,1476,
3.86867,,Surface,5,Image 1,1,1477,
20.7139,,Surface,5,Image 1,1,1478,
5.39821,,Surface,5,Image 1,1,1479,
10.0078,,Surface,5,Image 1,1,1480,
23.385,,Surface,5,Image 1,1,1481,
3.54894,,Surface,5,Image 1,1,1482,
2.4967,,Surface,5,Image 1,1,1483,
33.4341,,Surface,5,Image 1,1,1484,
44.0503,,Surface,5,Image 1,1,1485,
19.6778,,Surface,5,Image 1,1,1486,
11.5412,,Surface,5,Image 1,1,1487,
44.9427,,Surface,5,Image 1,1,1488,
76.8735,,Surface,5,Image 1,1,1489,
7.34018,,Surface,5,Image 1,1,1490,
1.42581,,Surface,5,Image 1,1,1491,
4.74349,,Surface,5,Image 1,1,1492,
2.49275,,Surface,5,Image 1,1,1493,
38.5127,,Surface,5,Image 1,1,1494,
1.26163,,Surface,5,Image 1,1,1495,
2.94883,,Surface,5,Image 1,1,1496,
29.3533,,Surface,5,Image 1,1,1497,
40.8354,,Surface,5,Image 1,1,1498,
39.2998,,Surface,5,Image 1,1,1499,
46.3398,,Surface,5,Image 1,1,1500,
49.1789,,Surface,5,Image 1,1,1501,
24.4203,,Surface,5,Image 1,1,1502,
68.9771,,Surface,5,Image 1,1,1503,
31.8036,,Surface,5,Image 1,1,1504,
9.55755,,Surface,5,Image 1,1,1505,
63.2624,,Surface,5,Image 1,1,1506,
1.16018,,Surface,5,Image 1,1,1507,
0.802337,,Surface,5,Image 1,1,1508,
58.4446,,Surface,5,Image 1,1,1509,
43.106,,Surface,5,Image 1,1,1511,
19.5175,,Surface,5,Image 1,1,1512,
21.7307,,Surface,5,Image 1,1,1514,
48.702,,Surface,5,Image 1,1,1515,
8.37035,,Surface,5,Image 1,1,1516,
45.156,,Surface,5,Image 1,1,1517,
2.48564,,Surface,5,Image 1,1,1518,
52.0492,,Surface,5,Image 1,1,1520,
4.86585,,Surface,5,Image 1,1,1521,
54.9237,,Surface,5,Image 1,1,1522,
63.7252,,Surface,5,Image 1,1,1523,
3.34803,,Surface,5,Image 1,1,1524,
4.97971,,Surface,5,Image 1,1,1525,
4.47581,,Surface,5,Image 1,1,1526,
20.1093,,Surface,5,Image 1,1,1527,
2.7181,,Surface,5,Image 1,1,1529,
3.6532,,Surface,5,Image 1,1,1530,
0.194533,,Surface,5,Image 1,1,1531,
5.4148,,Surface,5,Image 1,1,1532,
45.4114,,Surface,5,Image 1,1,1533,
50.4127,,Surface,5,Image 1,1,1534,
4.33991,,Surface,5,Image 1,1,1535,
1.24442,,Surface,5,Image 1,1,1536,
2.94111,,Surface,5,Image 1,1,1537,
4.34191,,Surface,5,Image 1,1,1538,
35.451,,Surface,5,Image 1,1,1539,
8.04383,,Surface,5,Image 1,1,1540,
72.2238,,Surface,5,Image 1,1,1541,
1.98496,,Surface,5,Image 1,1,1543,
30.744,,Surface,5,Image 1,1,1544,
7.89038,,Surface,5,Image 1,1,1545,
4.21731,,Surface,5,Image 1,1,1547,
1.95823,,Surface,5,Image 1,1,1548,
15.7627,,Surface,5,Image 1,1,1549,
5.86757,,Surface,5,Image 1,1,1550,
18.8117,,Surface,5,Image 1,1,1551,
26.5149,,Surface,5,Image 1,1,1552,
4.35403,,Surface,5,Image 1,1,1553,
37.3063,,Surface,5,Image 1,1,1554,
29.0857,,Surface,5,Image 1,1,1555,
4.85196,,Surface,5,Image 1,1,1556,
197.971,,Surface,5,Image 1,1,1557,
0.489757,,Surface,5,Image 1,1,1559,
4.53005,,Surface,5,Image 1,1,1560,
44.2938,,Surface,5,Image 1,1,1561,
2.04357,,Surface,5,Image 1,1,1562,
2.85211,,Surface,5,Image 1,1,1563,
6.95492,,Surface,5,Image 1,1,1564,
23.4255,,Surface,5,Image 1,1,1565,
20.5191,,Surface,5,Image 1,1,1566,
2.49987,,Surface,5,Image 1,1,1567,
5.72239,,Surface,5,Image 1,1,1568,
15.4345,,Surface,5,Image 1,1,1569,
79.285,,Surface,5,Image 1,1,1570,
19.0474,,Surface,5,Image 1,1,1571,
11.3282,,Surface,5,Image 1,1,1573,
3.50079,,Surface,5,Image 1,1,1574,
2.00355,,Surface,5,Image 1,1,1576,
189.616,,Surface,5,Image 1,1,1578,
0.827508,,Surface,5,Image 1,1,1579,
39.7726,,Surface,5,Image 1,1,1580,
1.59497,,Surface,5,Image 1,1,1581,
3.36157,,Surface,5,Image 1,1,1582,
0.983327,,Surface,5,Image 1,1,1583,
46.8569,,Surface,5,Image 1,1,1584,
1.16841,,Surface,5,Image 1,1,1585,
65.5034,,Surface,5,Image 1,1,1586,
25.652,,Surface,5,Image 1,1,1587,
4.30463,,Surface,5,Image 1,1,1588,
83.7184,,Surface,5,Image 1,1,1589,
1.00723,,Surface,5,Image 1,1,1590,
5.54061,,Surface,5,Image 1,1,1591,
0.670562,,Surface,5,Image 1,1,1592,
0.475253,,Surface,5,Image 1,1,1594,
77.1449,,Surface,5,Image 1,1,1595,
9.81399,,Surface,5,Image 1,1,1597,
7.35112,,Surface,5,Image 1,1,1598,
54.194,,Surface,5,Image 1,1,1600,
147.273,,Surface,5,Image 1,1,1601,
7.36643,,Surface,5,Image 1,1,1602,
1.26463,,Surface,5,Image 1,1,1603,
35.7643,,Surface,5,Image 1,1,1604,
13.9029,,Surface,5,Image 1,1,1606,
62.6781,,Surface,5,Image 1,1,1607,
36.0972,,Surface,5,Image 1,1,1608,
93.365,,Surface,5,Image 1,1,1609,
37.2328,,Surface,5,Image 1,1,1610,
219.68,,Surface,5,Image 1,1,1612,
181.336,,Surface,5,Image 1,1,1613,
4.98098,,Surface,5,Image 1,1,1614,
138.316,,Surface,5,Image 1,1,1615,
0.0343125,,Surface,5,Image 1,1,1616,
52.5972,,Surface,5,Image 1,1,1617,
1.19221,,Surface,5,Image 1,1,1618,
8.49746,,Surface,5,Image 1,1,1619,
197.977,,Surface,5,Image 1,1,1621,
7.86821,,Surface,5,Image 1,1,1622,
78.0469,,Surface,5,Image 1,1,1623,
162.72,,Surface,5,Image 1,1,1624,
147.282,,Surface,5,Image 1,1,1625,
48.3112,,Surface,5,Image 1,1,1626,
16.939,,Surface,5,Image 1,1,1627,
21.331,,Surface,5,Image 1,1,1628,
8.66336,,Surface,5,Image 1,1,1629,
3.42502,,Surface,5,Image 1,1,1630,
1.40633,,Surface,5,Image 1,1,1631,
11.9771,,Surface,5,Image 1,1,1632,
2.94289,,Surface,5,Image 1,1,1633,
69.1005,,Surface,5,Image 1,1,1634,
0.787736,,Surface,5,Image 1,1,1635,
2.72292,,Surface,5,Image 1,1,1636,
5.10512,,Surface,5,Image 1,1,1637,
44.6531,,Surface,5,Image 1,1,1638,
63.241,,Surface,5,Image 1,1,1639,
37.5815,,Surface,5,Image 1,1,1640,
82.5858,,Surface,5,Image 1,1,1641,
22.623,,Surface,5,Image 1,1,1643,
2.56032,,Surface,5,Image 1,1,1644,
30.3787,,Surface,5,Image 1,1,1645,
24.379,,Surface,5,Image 1,1,1646,
41.111,,Surface,5,Image 1,1,1647,
149.067,,Surface,5,Image 1,1,1648,
17.3741,,Surface,5,Image 1,1,1649,
2.39368,,Surface,5,Image 1,1,1650,
170.191,,Surface,5,Image 1,1,1651,
25.8307,,Surface,5,Image 1,1,1652,
17.9657,,Surface,5,Image 1,1,1653,
41.038,,Surface,5,Image 1,1,1654,
100.244,,Surface,5,Image 1,1,1655,
33.4828,,Surface,5,Image 1,1,1656,
6.52046,,Surface,5,Image 1,1,1657,
135.685,,Surface,5,Image 1,1,1658,
25.4077,,Surface,5,Image 1,1,1659,
36.118,,Surface,5,Image 1,1,1660,
23.3976,,Surface,5,Image 1,1,1661,
28.8662,,Surface,5,Image 1,1,1662,
3.20182,,Surface,5,Image 1,1,1663,
74.925,,Surface,5,Image 1,1,1664,
179.216,,Surface,5,Image 1,1,1665,
2.04211,,Surface,5,Image 1,1,1666,
6.62821,,Surface,5,Image 1,1,1667,
3.67023,,Surface,5,Image 1,1,1668,
100.858,,Surface,5,Image 1,1,1669,
73.2348,,Surface,5,Image 1,1,1670,
2.81278,,Surface,5,Image 1,1,1671,
12.0212,,Surface,5,Image 1,1,1672,
72.7721,,Surface,5,Image 1,1,1673,
10.6159,,Surface,5,Image 1,1,1674,
87.9409,,Surface,5,Image 1,1,1675,
31.3688,,Surface,5,Image 1,1,1676,
56.3134,,Surface,5,Image 1,1,1677,
52.3582,,Surface,5,Image 1,1,1678,
2.24197,,Surface,5,Image 1,1,1679,
64.5582,,Surface,5,Image 1,1,1680,
7.37353,,Surface,5,Image 1,1,1682,
0.481074,,Surface,5,Image 1,1,1683,
104.244,,Surface,5,Image 1,1,1684,
129.671,,Surface,5,Image 1,1,1685,
1.7355,,Surface,5,Image 1,1,1687,
11.925,,Surface,5,Image 1,1,1688,
24.4367,,Surface,5,Image 1,1,1689,
101.546,,Surface,5,Image 1,1,1690,
73.2344,,Surface,5,Image 1,1,1691,
23.2005,,Surface,5,Image 1,1,1692,
125.142,,Surface,5,Image 1,1,1693,
5.36122,,Surface,5,Image 1,1,1694,
5.22378,,Surface,5,Image 1,1,1695,
102.034,,Surface,5,Image 1,1,1696,
27.3803,,Surface,5,Image 1,1,1698,
1.45407,,Surface,5,Image 1,1,1699,
165.368,,Surface,5,Image 1,1,1700,
4.45864,,Surface,5,Image 1,1,1701,
2.57073,,Surface,5,Image 1,1,1702,
2.62581,,Surface,5,Image 1,1,1703,
4.48065,,Surface,5,Image 1,1,1704,
108.72,,Surface,5,Image 1,1,1705,
0.13655,,Surface,5,Image 1,1,1706,
142.634,,Surface,5,Image 1,1,1707,
41.2613,,Surface,5,Image 1,1,1708,
4.21894,,Surface,5,Image 1,1,1709,
68.5519,,Surface,5,Image 1,1,1710,
5.89921,,Surface,5,Image 1,1,1711,
16.5777,,Surface,5,Image 1,1,1712,
8.82221,,Surface,5,Image 1,1,1713,
106.916,,Surface,5,Image 1,1,1714,
1.66992,,Surface,5,Image 1,1,1715,
9.91194,,Surface,5,Image 1,1,1716,
92.0822,,Surface,5,Image 1,1,1717,
0.997562,,Surface,5,Image 1,1,1718,
228.872,,Surface,5,Image 1,1,1719,
63.2082,,Surface,5,Image 1,1,1720,
100.781,,Surface,5,Image 1,1,1721,
105.838,,Surface,5,Image 1,1,1723,
66.8004,,Surface,5,Image 1,1,1724,
13.2312,,Surface,5,Image 1,1,1725,
90.3841,,Surface,5,Image 1,1,1726,
46.6007,,Surface,5,Image 1,1,1728,
2.31552,,Surface,5,Image 1,1,1729,
144.792,,Surface,5,Image 1,1,1730,
11.5287,,Surface,5,Image 1,1,1731,
83.3083,,Surface,5,Image 1,1,1732,
86.3129,,Surface,5,Image 1,1,1733,
16.3971,,Surface,5,Image 1,1,1734,
76.6707,,Surface,5,Image 1,1,1735,
3.87785,,Surface,5,Image 1,1,1736,
223.315,,Surface,5,Image 1,1,1737,
1.31448,,Surface,5,Image 1,1,1738,
171.87,,Surface,5,Image 1,1,1739,
37.9728,,Surface,5,Image 1,1,1741,
3.70335,,Surface,5,Image 1,1,1742,
124.652,,Surface,5,Image 1,1,1743,
98.6228,,Surface,5,Image 1,1,1744,
48.5998,,Surface,5,Image 1,1,1746,
105.693,,Surface,5,Image 1,1,1747,
4.07006,,Surface,5,Image 1,1,1748,
19.3597,,Surface,5,Image 1,1,1749,
6.40014,,Surface,5,Image 1,1,1750,
90.1323,,Surface,5,Image 1,1,1751,
59.5221,,Surface,5,Image 1,1,1752,
130.834,,Surface,5,Image 1,1,1753,
1.18759,,Surface,5,Image 1,1,1754,
165.622,,Surface,5,Image 1,1,1755,
3.48239,,Surface,5,Image 1,1,1756,
43.0993,,Surface,5,Image 1,1,1757,
6.15202,,Surface,5,Image 1,1,1758,
136.735,,Surface,5,Image 1,1,1759,
180.188,,Surface,5,Image 1,1,1761,
2.61129,,Surface,5,Image 1,1,1762,
3.57124,,Surface,5,Image 1,1,1763,
90.7643,,Surface,5,Image 1,1,1764,
176.429,,Surface,5,Image 1,1,1765,
6.87023,,Surface,5,Image 1,1,1766,
26.2466,,Surface,5,Image 1,1,1767,
19.147,,Surface,5,Image 1,1,1770,
5.51661,,Surface,5,Image 1,1,1771,
20.9848,,Surface,5,Image 1,1,1772,
2.74501,,Surface,5,Image 1,1,1773,
3.99503,,Surface,5,Image 1,1,1774,
36.6289,,Surface,5,Image 1,1,1775,
56.5188,,Surface,5,Image 1,1,1776,
11.9357,,Surface,5,Image 1,1,1777,
10.0248,,Surface,5,Image 1,1,1778,
62.477,,Surface,5,Image 1,1,1779,
3.56524,,Surface,5,Image 1,1,1780,
27.1096,,Surface,5,Image 1,1,1781,
53.6802,,Surface,5,Image 1,1,1782,
40.5786,,Surface,5,Image 1,1,1783,
10.5675,,Surface,5,Image 1,1,1784,
42.7073,,Surface,5,Image 1,1,1785,
134.031,,Surface,5,Image 1,1,1786,
2.5472,,Surface,5,Image 1,1,1787,
137.248,,Surface,5,Image 1,1,1789,
1.2151,,Surface,5,Image 1,1,1790,
1.80682,,Surface,5,Image 1,1,1791,
27.4311,,Surface,5,Image 1,1,1792,
53.3366,,Surface,5,Image 1,1,1793,
19.9117,,Surface,5,Image 1,1,1794,
186.474,,Surface,5,Image 1,1,1795,
161.842,,Surface,5,Image 1,1,1796,
9.81537,,Surface,5,Image 1,1,1797,
3.69985,,Surface,5,Image 1,1,1798,
124.487,,Surface,5,Image 1,1,1799,
156.186,,Surface,5,Image 1,1,1801,
156.893,,Surface,5,Image 1,1,1802,
115.569,,Surface,5,Image 1,1,1803,
4.4802,,Surface,5,Image 1,1,1804,
2.91217,,Surface,5,Image 1,1,1805,
2.84686,,Surface,5,Image 1,1,1806,
142.568,,Surface,5,Image 1,1,1807,
8.63175,,Surface,5,Image 1,1,1808,
190.389,,Surface,5,Image 1,1,1809,
2.99258,,Surface,5,Image 1,1,1810,
186.716,,Surface,5,Image 1,1,1811,
154.064,,Surface,5,Image 1,1,1812,
114.866,,Surface,5,Image 1,1,1814,
23.181,,Surface,5,Image 1,1,1815,
52.478,,Surface,5,Image 1,1,1816,
17.0773,,Surface,5,Image 1,1,1817,
1.7308,,Surface,5,Image 1,1,1818,
42.1858,,Surface,5,Image 1,1,1820,
2.48595,,Surface,5,Image 1,1,1821,
3.74378,,Surface,5,Image 1,1,1822,
41.1489,,Surface,5,Image 1,1,1823,
88.3588,,Surface,5,Image 1,1,1824,
3.00875,,Surface,5,Image 1,1,1825,
20.708,,Surface,5,Image 1,1,1827,
2.31878,,Surface,5,Image 1,1,1828,
193.503,,Surface,5,Image 1,1,1829,
56.0545,,Surface,5,Image 1,1,1830,
36.4738,,Surface,5,Image 1,1,1831,
8.27531,,Surface,5,Image 1,1,1832,
2.24397,,Surface,5,Image 1,1,1833,
87.7522,,Surface,5,Image 1,1,1834,
5.83065,,Surface,5,Image 1,1,1835,
124.327,,Surface,5,Image 1,1,1836,
55.6886,,Surface,5,Image 1,1,1837,
41.8896,,Surface,5,Image 1,1,1838,
67.2925,,Surface,5,Image 1,1,1839,
6.34896,,Surface,5,Image 1,1,1840,
1.65667,,Surface,5,Image 1,1,1841,
58.2641,,Surface,5,Image 1,1,1842,
81.2202,,Surface,5,Image 1,1,1843,
29.2645,,Surface,5,Image 1,1,1844,
63.8753,,Surface,5,Image 1,1,1845,
135.225,,Surface,5,Image 1,1,1846,
141.216,,Surface,5,Image 1,1,1847,
181.17,,Surface,5,Image 1,1,1848,
1.78854,,Surface,5,Image 1,1,1849,
140.81,,Surface,5,Image 1,1,1850,
1.13321,,Surface,5,Image 1,1,1851,
56.019,,Surface,5,Image 1,1,1852,
48.7392,,Surface,5,Image 1,1,1853,
16.6483,,Surface,5,Image 1,1,1854,
163.132,,Surface,5,Image 1,1,1855,
37.3207,,Surface,5,Image 1,1,1856,
1.65993,,Surface,5,Image 1,1,1857,
1.64453,,Surface,5,Image 1,1,1858,
108.382,,Surface,5,Image 1,1,1859,
10.4708,,Surface,5,Image 1,1,1860,
159.851,,Surface,5,Image 1,1,1861,
90.5649,,Surface,5,Image 1,1,1862,
2.4217,,Surface,5,Image 1,1,1863,
10.7119,,Surface,5,Image 1,1,1864,
5.94614,,Surface,5,Image 1,1,1865,
143.165,,Surface,5,Image 1,1,1866,
45.6373,,Surface,5,Image 1,1,1867,
7.53914,,Surface,5,Image 1,1,1868,
3.77349,,Surface,5,Image 1,1,1869,
43.2928,,Surface,5,Image 1,1,1870,
185.133,,Surface,5,Image 1,1,1871,
0.322072,,Surface,5,Image 1,1,1872,
4.60794,,Surface,5,Image 1,1,1873,
58.7229,,Surface,5,Image 1,1,1874,
1.7671,,Surface,5,Image 1,1,1875,
10.8339,,Surface,5,Image 1,1,1876,
33.4042,,Surface,5,Image 1,1,1878,
157.43,,Surface,5,Image 1,1,1879,
4.32957,,Surface,5,Image 1,1,1880,
3.56713,,Surface,5,Image 1,1,1881,
2.12013,,Surface,5,Image 1,1,1882,
169.398,,Surface,5,Image 1,1,1883,
31.8891,,Surface,5,Image 1,1,1884,
22.5257,,Surface,5,Image 1,1,1885,
17.8109,,Surface,5,Image 1,1,1886,
46.6975,,Surface,5,Image 1,1,1888,
87.9405,,Surface,5,Image 1,1,1889,
5.79065,,Surface,5,Image 1,1,1890,
20.2208,,Surface,5,Image 1,1,1891,
13.3442,,Surface,5,Image 1,1,1892,
2.51272,,Surface,5,Image 1,1,1893,
7.10652,,Surface,5,Image 1,1,1894,
3.67773,,Surface,5,Image 1,1,1895,
9.36377,,Surface,5,Image 1,1,1896,
6.11336,,Surface,5,Image 1,1,1897,
18.4243,,Surface,5,Image 1,1,1898,
3.17311,,Surface,5,Image 1,1,1899,
5.10731,,Surface,5,Image 1,1,1900,
66.1305,,Surface,5,Image 1,1,1902,
5.63426,,Surface,5,Image 1,1,1903,
4.80093,,Surface,5,Image 1,1,1904,
21.5685,,Surface,5,Image 1,1,1905,
67.7814,,Surface,5,Image 1,1,1906,
34.9221,,Surface,5,Image 1,1,1907,
131.596,,Surface,5,Image 1,1,1908,
244.05,,Surface,5,Image 1,1,1909,
91.1671,,Surface,5,Image 1,1,1910,
162.224,,Surface,5,Image 1,1,1911,
21.754,,Surface,5,Image 1,1,1912,
219.166,,Surface,5,Image 1,1,1913,
11.0973,,Surface,5,Image 1,1,1914,
49.2603,,Surface,5,Image 1,1,1915,
1.88492,,Surface,5,Image 1,1,1916,
24.7124,,Surface,5,Image 1,1,1917,
5.01876,,Surface,5,Image 1,1,1918,
2.74505,,Surface,5,Image 1,1,1919,
11.3564,,Surface,5,Image 1,1,1920,
75.6677,,Surface,5,Image 1,1,1921,
7.51654,,Surface,5,Image 1,1,1922,
10.019,,Surface,5,Image 1,1,1923,
5.34933,,Surface,5,Image 1,1,1924,
2.44222,,Surface,5,Image 1,1,1925,
12.0157,,Surface,5,Image 1,1,1926,
4.86547,,Surface,5,Image 1,1,1927,
65.2854,,Surface,5,Image 1,1,1928,
162.882,,Surface,5,Image 1,1,1929,
7.63448,,Surface,5,Image 1,1,1930,
9.65099,,Surface,5,Image 1,1,1931,
121.032,,Surface,5,Image 1,1,1932,
3.13651,,Surface,5,Image 1,1,1933,
2.64573,,Surface,5,Image 1,1,1934,
6.73233,,Surface,5,Image 1,1,1935,
3.09085,,Surface,5,Image 1,1,1936,
61.1283,,Surface,5,Image 1,1,1937,
1.44135,,Surface,5,Image 1,1,1938,
17.2089,,Surface,5,Image 1,1,1939,
13.9038,,Surface,5,Image 1,1,1940,
34.8721,,Surface,5,Image 1,1,1941,
5.55769,,Surface,5,Image 1,1,1942,
2.6165,,Surface,5,Image 1,1,1943,
2.18181,,Surface,5,Image 1,1,1944,
23.1833,,Surface,5,Image 1,1,1945,
3.9448,,Surface,5,Image 1,1,1946,
4.52957,,Surface,5,Image 1,1,1947,
4.9007,,Surface,5,Image 1,1,1948,
4.64802,,Surface,5,Image 1,1,1949,
24.4679,,Surface,5,Image 1,1,1950,
34.5473,,Surface,5,Image 1,1,1951,
0.670093,,Surface,5,Image 1,1,1952,
164.029,,Surface,5,Image 1,1,1953,
7.12848,,Surface,5,Image 1,1,1954,
6.71202,,Surface,5,Image 1,1,1955,
33.2093,,Surface,5,Image 1,1,1956,
2.76056,,Surface,5,Image 1,1,1957,
189.44,,Surface,5,Image 1,1,1958,
26.6369,,Surface,5,Image 1,1,1959,
10.5865,,Surface,5,Image 1,1,1960,
39.6664,,Surface,5,Image 1,1,1961,
47.1471,,Surface,5,Image 1,1,1963,
28.3634,,Surface,5,Image 1,1,1964,
4.56149,,Surface,5,Image 1,1,1965,
24.1103,,Surface,5,Image 1,1,1966,
20.0678,,Surface,5,Image 1,1,1967,
3.34533,,Surface,5,Image 1,1,1968,
24.9952,,Surface,5,Image 1,1,1969,
4.79358,,Surface,5,Image 1,1,1970,
1.88784,,Surface,5,Image 1,1,1971,
44.2461,,Surface,5,Image 1,1,1972,
47.1142,,Surface,5,Image 1,1,1973,
1.34048,,Surface,5,Image 1,1,1974,
59.1505,,Surface,5,Image 1,1,1975,
4.7629,,Surface,5,Image 1,1,1976,
2.32322,,Surface,5,Image 1,1,1977,
20.691,,Surface,5,Image 1,1,1978,
20.2372,,Surface,5,Image 1,1,1979,
60.3796,,Surface,5,Image 1,1,1980,
52.7382,,Surface,5,Image 1,1,1981,
31.3845,,Surface,5,Image 1,1,1982,
18.8352,,Surface,5,Image 1,1,1983,
2.58372,,Surface,5,Image 1,1,1984,
50.6969,,Surface,5,Image 1,1,1985,
1.87503,,Surface,5,Image 1,1,1986,
225.326,,Surface,5,Image 1,1,1987,
15.1955,,Surface,5,Image 1,1,1988,
43.2969,,Surface,5,Image 1,1,1989,
5.66346,,Surface,5,Image 1,1,1990,
51.2191,,Surface,5,Image 1,1,1991,
48.5297,,Surface,5,Image 1,1,1992,
106.86,,Surface,5,Image 1,1,1993,
7.65246,,Surface,5,Image 1,1,1994,
59.1547,,Surface,5,Image 1,1,1995,
95.9511,,Surface,5,Image 1,1,1996,
47.6675,,Surface,5,Image 1,1,1997,
9.17689,,Surface,5,Image 1,1,1998,
2.35558,,Surface,5,Image 1,1,1999,
2.91628,,Surface,5,Image 1,1,2000,
1.93339,,Surface,5,Image 1,1,2002,
4.50712,,Surface,5,Image 1,1,2003,
42.2735,,Surface,5,Image 1,1,2004,
1.77565,,Surface,5,Image 1,1,2005,
16.6261,,Surface,5,Image 1,1,2006,
1.36242,,Surface,5,Image 1,1,2007,
43.8692,,Surface,5,Image 1,1,2008,
1.26266,,Surface,5,Image 1,1,2009,
4.27932,,Surface,5,Image 1,1,2010,
47.2385,,Surface,5,Image 1,1,2011,
68.9809,,Surface,5,Image 1,1,2012,
7.92564,,Surface,5,Image 1,1,2013,
25.4388,,Surface,5,Image 1,1,2014,
40.0909,,Surface,5,Image 1,1,2015,
1.15405,,Surface,5,Image 1,1,2016,
10.5959,,Surface,5,Image 1,1,2017,
0.403963,,Surface,5,Image 1,1,2018,
27.9282,,Surface,5,Image 1,1,2019,
30.7301,,Surface,5,Image 1,1,2020,
64.6428,,Surface,5,Image 1,1,2021,
26.1654,,Surface,5,Image 1,1,2022,
11.7537,,Surface,5,Image 1,1,2023,
31.3856,,Surface,5,Image 1,1,2024,
1.60691,,Surface,5,Image 1,1,2025,
2.25889,,Surface,5,Image 1,1,2027,
5.06736,,Surface,5,Image 1,1,2028,
17.1448,,Surface,5,Image 1,1,2029,
39.2731,,Surface,5,Image 1,1,2030,
7.97049,,Surface,5,Image 1,1,2031,
241.016,,Surface,5,Image 1,1,2032,
1.75267,,Surface,5,Image 1,1,2033,
2.70561,,Surface,5,Image 1,1,2034,
6.66894,,Surface,5,Image 1,1,2035,
5.5658,,Surface,5,Image 1,1,2036,
0.679467,,Surface,5,Image 1,1,2037,
9.43752,,Surface,5,Image 1,1,2039,
5.86523,,Surface,5,Image 1,1,2040,
28.2577,,Surface,5,Image 1,1,2041,
31.8732,,Surface,5,Image 1,1,2042,
4.11962,,Surface,5,Image 1,1,2043,
43.6819,,Surface,5,Image 1,1,2044,
2.58233,,Surface,5,Image 1,1,2045,
1.9361,,Surface,5,Image 1,1,2046,
235.86,,Surface,5,Image 1,1,2047,
19.7621,,Surface,5,Image 1,1,2048,
2.38512,,Surface,5,Image 1,1,2049,
4.79285,,Surface,5,Image 1,1,2050,
20.4057,,Surface,5,Image 1,1,2051,
24.513,,Surface,5,Image 1,1,2052,
2.47718,,Surface,5,Image 1,1,2054,
23.9677,,Surface,5,Image 1,1,2055,
39.8015,,Surface,5,Image 1,1,2056,
3.47721,,Surface,5,Image 1,1,2057,
2.24636,,Surface,5,Image 1,1,2058,
42.14,,Surface,5,Image 1,1,2059,
7.24959,,Surface,5,Image 1,1,2060,
174.441,,Surface,5,Image 1,1,2061,
2.24181,,Surface,5,Image 1,1,2062,
25.8965,,Surface,5,Image 1,1,2063,
2.04459,,Surface,5,Image 1,1,2064,
36.2862,,Surface,5,Image 1,1,2065,
23.113,,Surface,5,Image 1,1,2066,
44.137,,Surface,5,Image 1,1,2067,
0.980064,,Surface,5,Image 1,1,2068,
5.40741,,Surface,5,Image 1,1,2069,
37.7429,,Surface,5,Image 1,1,2070,
5.55407,,Surface,5,Image 1,1,2071,
48.3461,,Surface,5,Image 1,1,2072,
3.9813,,Surface,5,Image 1,1,2073,
118.223,,Surface,5,Image 1,1,2074,
1.26101,,Surface,5,Image 1,1,2075,
1.72887,,Surface,5,Image 1,1,2076,
67.379,,Surface,5,Image 1,1,2077,
21.9166,,Surface,5,Image 1,1,2078,
1.50269,,Surface,5,Image 1,1,2079,
2.48965,,Surface,5,Image 1,1,2080,
27.5736,,Surface,5,Image 1,1,2081,
4.16977,,Surface,5,Image 1,1,2082,
8.23775,,Surface,5,Image 1,1,2083,
2.08556,,Surface,5,Image 1,1,2084,
2.74219,,Surface,5,Image 1,1,2085,
1.52195,,Surface,5,Image 1,1,2086,
126.016,,Surface,5,Image 1,1,2087,
22.2902,,Surface,5,Image 1,1,2088,
5.187,,Surface,5,Image 1,1,2089,
5.68622,,Surface,5,Image 1,1,2090,
4.52256,,Surface,5,Image 1,1,2091,
1.65748,,Surface,5,Image 1,1,2092,
35.2832,,Surface,5,Image 1,1,2093,
2.9604,,Surface,5,Image 1,1,2094,
172.131,,Surface,5,Image 1,1,2095,
3.11411,,Surface,5,Image 1,1,2096,
28.5065,,Surface,5,Image 1,1,2097,
1.11917,,Surface,5,Image 1,1,2098,
5.93479,,Surface,5,Image 1,1,2099,
38.8249,,Surface,5,Image 1,1,2100,
23.345,,Surface,5,Image 1,1,2101,
9.68178,,Surface,5,Image 1,1,2103,
5.03399,,Surface,5,Image 1,1,2104,
248.652,,Surface,5,Image 1,1,2105,
7.5336,,Surface,5,Image 1,1,2106,
39.3224,,Surface,5,Image 1,1,2107,
1.42817,,Surface,5,Image 1,1,2108,
136.386,,Surface,5,Image 1,1,2109,
31.0545,,Surface,5,Image 1,1,2110,
82.2914,,Surface,5,Image 1,1,2111,
15.1502,,Surface,5,Image 1,1,2112,
1.96057,,Surface,5,Image 1,1,2113,
21.8703,,Surface,5,Image 1,1,2114,
2.10268,,Surface,5,Image 1,1,2115,
25.9376,,Surface,5,Image 1,1,2116,
24.6974,,Surface,5,Image 1,1,2117,
32.8057,,Surface,5,Image 1,1,2118,
6.86348,,Surface,5,Image 1,1,2119,
4.64705,,Surface,5,Image 1,1,2120,
134.913,,Surface,5,Image 1,1,2121,
1.55917,,Surface,5,Image 1,1,2122,
32.7234,,Surface,5,Image 1,1,2123,
0.676419,,Surface,5,Image 1,1,2124,
20.1993,,Surface,5,Image 1,1,2125,
205.214,,Surface,5,Image 1,1,2126,
2.44697,,Surface,5,Image 1,1,2127,
6.55011,,Surface,5,Image 1,1,2128,
2.99094,,Surface,5,Image 1,1,2129,
2.19522,,Surface,5,Image 1,1,2130,
9.22576,,Surface,5,Image 1,1,2131,
11.3081,,Surface,5,Image 1,1,2132,
60.6348,,Surface,5,Image 1,1,2134,
1.52814,,Surface,5,Image 1,1,2135,
2.62529,,Surface,5,Image 1,1,2136,
124.66,,Surface,5,Image 1,1,2137,
131.169,,Surface,5,Image 1,1,2138,
2.13448,,Surface,5,Image 1,1,2139,
13.6989,,Surface,5,Image 1,1,2140,
25.1725,,Surface,5,Image 1,1,2141,
6.43437,,Surface,5,Image 1,1,2142,
20.7884,,Surface,5,Image 1,1,2143,
3.4436,,Surface,5,Image 1,1,2144,
44.9442,,Surface,5,Image 1,1,2145,
1.90014,,Surface,5,Image 1,1,2146,
8.28239,,Surface,5,Image 1,1,2147,
2.39096,,Surface,5,Image 1,1,2148,
150.786,,Surface,5,Image 1,1,2149,
0.389167,,Surface,5,Image 1,1,2150,
8.98666,,Surface,5,Image 1,1,2151,
3.21914,,Surface,5,Image 1,1,2152,
1.33751,,Surface,5,Image 1,1,2153,
150.049,,Surface,5,Image 1,1,2154,
1.22362,,Surface,5,Image 1,1,2155,
0.71749,,Surface,5,Image 1,1,2156,
2.55137,,Surface,5,Image 1,1,2157,
3.49595,,Surface,5,Image 1,1,2158,
8.15649,,Surface,5,Image 1,1,2159,
38.7522,,Surface,5,Image 1,1,2160,
13.0139,,Surface,5,Image 1,1,2161,
27.3347,,Surface,5,Image 1,1,2162,
20.5134,,Surface,5,Image 1,1,2163,
16.8215,,Surface,5,Image 1,1,2164,
225.108,,Surface,5,Image 1,1,2165,
31.437,,Surface,5,Image 1,1,2166,
6.17252,,Surface,5,Image 1,1,2167,
219.167,,Surface,5,Image 1,1,2168,
0.737633,,Surface,5,Image 1,1,2171,
76.0932,,Surface,5,Image 1,1,2172,
165.176,,Surface,5,Image 1,1,2173,
9.89669,,Surface,5,Image 1,1,2174,
120.523,,Surface,5,Image 1,1,2175,
35.9611,,Surface,5,Image 1,1,2176,
44.3288,,Surface,5,Image 1,1,2177,
2.48935,,Surface,5,Image 1,1,2178,
294.145,,Surface,5,Image 1,1,2179,
2.9844,,Surface,5,Image 1,1,2180,
76.4622,,Surface,5,Image 1,1,2181,
93.9202,,Surface,5,Image 1,1,2182,
2.58234,,Surface,5,Image 1,1,2183,
212.444,,Surface,5,Image 1,1,2184,
191.113,,Surface,5,Image 1,1,2185,
6.43729,,Surface,5,Image 1,1,2186,
0.382276,,Surface,5,Image 1,1,2187,
232.026,,Surface,5,Image 1,1,2188,
1.621,,Surface,5,Image 1,1,2189,
1.11618,,Surface,5,Image 1,1,2190,
63.0955,,Surface,5,Image 1,1,2191,
151.799,,Surface,5,Image 1,1,2192,
179.379,,Surface,5,Image 1,1,2193,
14.6546,,Surface,5,Image 1,1,2194,
3.27398,,Surface,5,Image 1,1,2195,
186.971,,Surface,5,Image 1,1,2196,
47.5303,,Surface,5,Image 1,1,2197,
12.4129,,Surface,5,Image 1,1,2198,
3.52247,,Surface,5,Image 1,1,2199,
226.858,,Surface,5,Image 1,1,2201,
0.261739,,Surface,5,Image 1,1,2202,
175.987,,Surface,5,Image 1,1,2203,
2.90464,,Surface,5,Image 1,1,2204,
42.5824,,Surface,5,Image 1,1,2205,
124.707,,Surface,5,Image 1,1,2206,
19.3225,,Surface,5,Image 1,1,2207,
4.4847,,Surface,5,Image 1,1,2208,
3.855,,Surface,5,Image 1,1,2209,
2.04167,,Surface,5,Image 1,1,2210,
30.5768,,Surface,5,Image 1,1,2211,
1.92815,,Surface,5,Image 1,1,2212,
160.635,,Surface,5,Image 1,1,2213,
112.719,,Surface,5,Image 1,1,2214,
1.54237,,Surface,5,Image 1,1,2215,
99.7144,,Surface,5,Image 1,1,2216,
228.384,,Surface,5,Image 1,1,2217,
135.924,,Surface,5,Image 1,1,2218,
1.77899,,Surface,5,Image 1,1,2219,
135.412,,Surface,5,Image 1,1,2220,
204.718,,Surface,5,Image 1,1,2221,
85.5207,,Surface,5,Image 1,1,2222,
1.50882,,Surface,5,Image 1,1,2223,
27.6566,,Surface,5,Image 1,1,2224,
258.547,,Surface,5,Image 1,1,2225,
303.777,,Surface,5,Image 1,1,2226,
1.39835,,Surface,5,Image 1,1,2227,
1.29456,,Surface,5,Image 1,1,2228,
186.796,,Surface,5,Image 1,1,2229,
6.39299,,Surface,5,Image 1,1,2230,
122.299,,Surface,5,Image 1,1,2231,
100.161,,Surface,5,Image 1,1,2232,
2.64272,,Surface,5,Image 1,1,2233,
198.322,,Surface,5,Image 1,1,2234,
1.95539,,Surface,5,Image 1,1,2235,
1.27033,,Surface,5,Image 1,1,2236,
152.053,,Surface,5,Image 1,1,2237,
169.327,,Surface,5,Image 1,1,2238,
19.1476,,Surface,5,Image 1,1,2239,
90.7153,,Surface,5,Image 1,1,2240,
43.7542,,Surface,5,Image 1,1,2241,
179.315,,Surface,5,Image 1,1,2242,
176.339,,Surface,5,Image 1,1,2243,
1.91889,,Surface,5,Image 1,1,2244,
148.425,,Surface,5,Image 1,1,2245,
0.437503,,Surface,5,Image 1,1,2246,
8.66948,,Surface,5,Image 1,1,2247,
1.64722,,Surface,5,Image 1,1,2248,
215.343,,Surface,5,Image 1,1,2249,
143.031,,Surface,5,Image 1,1,2250,
24.3285,,Surface,5,Image 1,1,2251,
3.32336,,Surface,5,Image 1,1,2252,
157.289,,Surface,5,Image 1,1,2253,
1.19679,,Surface,5,Image 1,1,2254,
44.8973,,Surface,5,Image 1,1,2255,
134.553,,Surface,5,Image 1,1,2256,
1.22445,,Surface,5,Image 1,1,2257,
2.41878,,Surface,5,Image 1,1,2258,
5.3802,,Surface,5,Image 1,1,2259,
2.18715,,Surface,5,Image 1,1,2260,
2.00192,,Surface,5,Image 1,1,2261,
38.1625,,Surface,5,Image 1,1,2262,
207.062,,Surface,5,Image 1,1,2263,
17.146,,Surface,5,Image 1,1,2264,
131.705,,Surface,5,Image 1,1,2265,
13.8615,,Surface,5,Image 1,1,2266,
1.9343,,Surface,5,Image 1,1,2267,
0.278856,,Surface,5,Image 1,1,2268,
0.919761,,Surface,5,Image 1,1,2269,
278.556,,Surface,5,Image 1,1,2271,
95.093,,Surface,5,Image 1,1,2272,
270.185,,Surface,5,Image 1,1,2273,
2.6922,,Surface,5,Image 1,1,2274,
2.26616,,Surface,5,Image 1,1,2275,
191.971,,Surface,5,Image 1,1,2276,
1.69623,,Surface,5,Image 1,1,2277,
3.13853,,Surface,5,Image 1,1,2278,
3.54335,,Surface,5,Image 1,1,2279,
0.332072,,Surface,5,Image 1,1,2280,
1.50745,,Surface,5,Image 1,1,2282,
2.88499,,Surface,5,Image 1,1,2283,
6.98656,,Surface,5,Image 1,1,2284,
1.62979,,Surface,5,Image 1,1,2285,
85.8413,,Surface,5,Image 1,1,2286,
1.00732,,Surface,5,Image 1,1,2287,
19.1507,,Surface,5,Image 1,1,2288,
139.557,,Surface,5,Image 1,1,2289,
2.08656,,Surface,5,Image 1,1,2290,
36.3176,,Surface,5,Image 1,1,2291,
36.5331,,Surface,5,Image 1,1,2292,
121.077,,Surface,5,Image 1,1,2293,
1.3172,,Surface,5,Image 1,1,2294,
125.703,,Surface,5,Image 1,1,2295,
46.8745,,Surface,5,Image 1,1,2296,
0.687127,,Surface,5,Image 1,1,2297,
2.35034,,Surface,5,Image 1,1,2298,
188.707,,Surface,5,Image 1,1,2299,
5.14921,,Surface,5,Image 1,1,2300,
221.947,,Surface,5,Image 1,1,2301,
161.349,,Surface,5,Image 1,1,2302,
263.457,,Surface,5,Image 1,1,2303,
0.257847,,Surface,5,Image 1,1,2304,
1.48445,,Surface,5,Image 1,1,2305,
111.211,,Surface,5,Image 1,1,2306,
2.7679,,Surface,5,Image 1,1,2307,
142.925,,Surface,5,Image 1,1,2308,
176.132,,Surface,5,Image 1,1,2309,
1.97394,,Surface,5,Image 1,1,2310,
0.721617,,Surface,5,Image 1,1,2311,
234.177,,Surface,5,Image 1,1,2312,
1.46352,,Surface,5,Image 1,1,2313,
0.171369,,Surface,5,Image 1,1,2315,
238.213,,Surface,5,Image 1,1,2316,
221.901,,Surface,5,Image 1,1,2318,
1.19157,,Surface,5,Image 1,1,2319,
35.8403,,Surface,5,Image 1,1,2320,
2.77815,,Surface,5,Image 1,1,2321,
231.273,,Surface,5,Image 1,1,2322,
202.206,,Surface,5,Image 1,1,2323,
1.92368,,Surface,5,Image 1,1,2324,
205.041,,Surface,5,Image 1,1,2325,
8.06351,,Surface,5,Image 1,1,2326,
209.389,,Surface,5,Image 1,1,2327,
1.77156,,Surface,5,Image 1,1,2328,
1.85439,,Surface,5,Image 1,1,2329,
1.60681,,Surface,5,Image 1,1,2330,
26.5579,,Surface,5,Image 1,1,2331,
1.88957,,Surface,5,Image 1,1,2332,
3.29619,,Surface,5,Image 1,1,2333,
25.7216,,Surface,5,Image 1,1,2334,
6.47091,,Surface,5,Image 1,1,2335,
196.342,,Surface,5,Image 1,1,2336,
1.7783,,Surface,5,Image 1,1,2337,
1.26505,,Surface,5,Image 1,1,2338,
38.2144,,Surface,5,Image 1,1,2339,
2.05076,,Surface,5,Image 1,1,2340,
1.0462,,Surface,5,Image 1,1,2341,
0.867969,,Surface,5,Image 1,1,2342,
51.7705,,Surface,5,Image 1,1,2343,
1.60814,,Surface,5,Image 1,1,2344,
4.71605,,Surface,5,Image 1,1,2345,
7.61537,,Surface,5,Image 1,1,2346,
90.0081,,Surface,5,Image 1,1,2347,
206.611,,Surface,5,Image 1,1,2348,
27.2753,,Surface,5,Image 1,1,2349,
6.52402,,Surface,5,Image 1,1,2350,
5.97239,,Surface,5,Image 1,1,2351,
37.5419,,Surface,5,Image 1,1,2352,
1.32125,,Surface,5,Image 1,1,2353,
1.65071,,Surface,5,Image 1,1,2354,
0.690719,,Surface,5,Image 1,1,2355,
22.9131,,Surface,5,Image 1,1,2356,
1.29469,,Surface,5,Image 1,1,2357,
1.13694,,Surface,5,Image 1,1,2358,
1.96867,,Surface,5,Image 1,1,2359,
2.89989,,Surface,5,Image 1,1,2360,
3.26366,,Surface,5,Image 1,1,2361,
2.39835,,Surface,5,Image 1,1,2362,
1.04326,,Surface,5,Image 1,1,2363,
1.9629,,Surface,5,Image 1,1,2364,
31.2888,,Surface,5,Image 1,1,2365,
31.5806,,Surface,5,Image 1,1,2366,
2.51039,,Surface,5,Image 1,1,2367,
1.82391,,Surface,5,Image 1,1,2368,
5.57612,,Surface,5,Image 1,1,2369,
4.76425,,Surface,5,Image 1,1,2370,
0.238729,,Surface,5,Image 1,1,2371,
1.55615,,Surface,5,Image 1,1,2372,
0.719793,,Surface,5,Image 1,1,2373,
0.719909,,Surface,5,Image 1,1,2374,
1.37472,,Surface,5,Image 1,1,2375,
0.756927,,Surface,5,Image 1,1,2376,
1.72377,,Surface,5,Image 1,1,2377,
4.14309,,Surface,5,Image 1,1,2378,
1.72352,,Surface,5,Image 1,1,2379,
7.38654,,Surface,5,Image 1,1,2380,
7.98198,,Surface,5,Image 1,1,2381,
1.4341,,Surface,5,Image 1,1,2382,
39.8195,,Surface,5,Image 1,1,2383,
1.18348,,Surface,5,Image 1,1,2385,
7.82906,,Surface,5,Image 1,1,2386,
54.2347,,Surface,5,Image 1,1,2387,
1.80259,,Surface,5,Image 1,1,2388,
1.98209,,Surface,5,Image 1,1,2389,
3.39449,,Surface,5,Image 1,1,2390,
1.55134,,Surface,5,Image 1,1,2391,
0.369193,,Surface,5,Image 1,1,2392,
1.53427,,Surface,5,Image 1,1,2393,
2.96297,,Surface,5,Image 1,1,2394,
0.841309,,Surface,5,Image 1,1,2395,
1.30308,,Surface,5,Image 1,1,2396,
2.81774,,Surface,5,Image 1,1,2397,
3.23699,,Surface,5,Image 1,1,2398,
2.9202,,Surface,5,Image 1,1,2399,
0.349056,,Surface,5,Image 1,1,2404,
1.43044,,Surface,5,Image 1,1,2405,
