
Intensity Min Ch=6 Img=1
 ==================== 
Intensity Min,Unit,Category,Channel,Image,Time,ID,
0.0107111,,Surface,6,Image 1,1,448,
0.220942,,Surface,6,Image 1,1,453,
0.00059499,,Surface,6,Image 1,1,455,
0.00269374,,Surface,6,Image 1,1,464,
0.0054478,,Surface,6,Image 1,1,469,
0.00911922,,Surface,6,Image 1,1,478,
0.0301601,,Surface,6,Image 1,1,501,
0.0965328,,Surface,6,Image 1,1,502,
0.313942,,Surface,6,Image 1,1,503,
0.0969572,,Surface,6,Image 1,1,504,
0.0389334,,Surface,6,Image 1,1,505,
0.133234,,Surface,6,Image 1,1,506,
0.521439,,Surface,6,Image 1,1,510,
0.305964,,Surface,6,Image 1,1,511,
0.0405193,,Surface,6,Image 1,1,513,
0.0535378,,Surface,6,Image 1,1,515,
0.013603,,Surface,6,Image 1,1,519,
0.00274692,,Surface,6,Image 1,1,520,
0.13935,,Surface,6,Image 1,1,522,
0.0438916,,Surface,6,Image 1,1,523,
0.0439147,,Surface,6,Image 1,1,524,
0.081102,,Surface,6,Image 1,1,528,
0.0604866,,Surface,6,Image 1,1,530,
0.0775592,,Surface,6,Image 1,1,532,
0.0275783,,Surface,6,Image 1,1,534,
0.125048,,Surface,6,Image 1,1,535,
0.0999488,,Surface,6,Image 1,1,536,
0.192457,,Surface,6,Image 1,1,537,
0.0927464,,Surface,6,Image 1,1,540,
0.11907,,Surface,6,Image 1,1,541,
0.0268443,,Surface,6,Image 1,1,542,
0.187508,,Surface,6,Image 1,1,547,
0.118164,,Surface,6,Image 1,1,554,
0.0132513,,Surface,6,Image 1,1,555,
0.0507763,,Surface,6,Image 1,1,558,
0.0119826,,Surface,6,Image 1,1,564,
0.728523,,Surface,6,Image 1,1,565,
0.0190599,,Surface,6,Image 1,1,566,
0.335474,,Surface,6,Image 1,1,567,
0.429955,,Surface,6,Image 1,1,568,
0.0980944,,Surface,6,Image 1,1,570,
0.0133184,,Surface,6,Image 1,1,571,
0.359473,,Surface,6,Image 1,1,573,
0.044354,,Surface,6,Image 1,1,574,
0.315685,,Surface,6,Image 1,1,575,
0.238309,,Surface,6,Image 1,1,576,
2.46967,,Surface,6,Image 1,1,577,
0.0299607,,Surface,6,Image 1,1,579,
3.28847,,Surface,6,Image 1,1,580,
0.738203,,Surface,6,Image 1,1,581,
0.209593,,Surface,6,Image 1,1,582,
0.0715864,,Surface,6,Image 1,1,585,
0.0126027,,Surface,6,Image 1,1,586,
0.01792,,Surface,6,Image 1,1,587,
0.611187,,Surface,6,Image 1,1,588,
0.0298285,,Surface,6,Image 1,1,589,
0.120414,,Surface,6,Image 1,1,590,
0.0583107,,Surface,6,Image 1,1,591,
0.0418657,,Surface,6,Image 1,1,592,
0.0760056,,Surface,6,Image 1,1,593,
0.0497721,,Surface,6,Image 1,1,594,
0.707477,,Surface,6,Image 1,1,595,
0.208089,,Surface,6,Image 1,1,596,
0.159981,,Surface,6,Image 1,1,597,
0.321708,,Surface,6,Image 1,1,598,
0.356694,,Surface,6,Image 1,1,599,
0.248962,,Surface,6,Image 1,1,602,
0.068711,,Surface,6,Image 1,1,603,
0.0399324,,Surface,6,Image 1,1,604,
0.0476882,,Surface,6,Image 1,1,605,
0.241728,,Surface,6,Image 1,1,607,
0.0849811,,Surface,6,Image 1,1,609,
0.259567,,Surface,6,Image 1,1,610,
0.134546,,Surface,6,Image 1,1,611,
0.0563039,,Surface,6,Image 1,1,613,
0.0085552,,Surface,6,Image 1,1,614,
0.069214,,Surface,6,Image 1,1,615,
0.17528,,Surface,6,Image 1,1,616,
0.00545011,,Surface,6,Image 1,1,617,
0.0344244,,Surface,6,Image 1,1,618,
0.0215926,,Surface,6,Image 1,1,619,
0.182114,,Surface,6,Image 1,1,620,
0.0543211,,Surface,6,Image 1,1,621,
0.0519641,,Surface,6,Image 1,1,622,
0.80637,,Surface,6,Image 1,1,627,
0.019847,,Surface,6,Image 1,1,629,
0.249462,,Surface,6,Image 1,1,630,
0.0848304,,Surface,6,Image 1,1,633,
0.216758,,Surface,6,Image 1,1,635,
0.00317719,,Surface,6,Image 1,1,637,
0.064779,,Surface,6,Image 1,1,638,
0.0794587,,Surface,6,Image 1,1,639,
0.540477,,Surface,6,Image 1,1,640,
0.188006,,Surface,6,Image 1,1,644,
0.069042,,Surface,6,Image 1,1,645,
0.126312,,Surface,6,Image 1,1,646,
0.0264336,,Surface,6,Image 1,1,647,
3.41204,,Surface,6,Image 1,1,648,
0.122413,,Surface,6,Image 1,1,650,
0.0543966,,Surface,6,Image 1,1,652,
0.296334,,Surface,6,Image 1,1,653,
0.319918,,Surface,6,Image 1,1,654,
0.106709,,Surface,6,Image 1,1,655,
0.118319,,Surface,6,Image 1,1,656,
0.268063,,Surface,6,Image 1,1,657,
0.151621,,Surface,6,Image 1,1,659,
0.185664,,Surface,6,Image 1,1,660,
0.173513,,Surface,6,Image 1,1,662,
0.792862,,Surface,6,Image 1,1,663,
0.236865,,Surface,6,Image 1,1,664,
0.0754723,,Surface,6,Image 1,1,665,
0.115996,,Surface,6,Image 1,1,667,
0.074048,,Surface,6,Image 1,1,670,
0.0146679,,Surface,6,Image 1,1,673,
0.170892,,Surface,6,Image 1,1,674,
0.12287,,Surface,6,Image 1,1,676,
1.00423,,Surface,6,Image 1,1,680,
0.0208201,,Surface,6,Image 1,1,681,
0.211723,,Surface,6,Image 1,1,682,
0.189837,,Surface,6,Image 1,1,685,
0.0965627,,Surface,6,Image 1,1,686,
3.94712,,Surface,6,Image 1,1,687,
0.405357,,Surface,6,Image 1,1,690,
0.0187719,,Surface,6,Image 1,1,693,
0.0143603,,Surface,6,Image 1,1,695,
0.0612873,,Surface,6,Image 1,1,697,
0.0315241,,Surface,6,Image 1,1,698,
0.00445837,,Surface,6,Image 1,1,699,
0.143652,,Surface,6,Image 1,1,700,
0.247654,,Surface,6,Image 1,1,701,
0.251485,,Surface,6,Image 1,1,702,
0.128583,,Surface,6,Image 1,1,704,
0.148972,,Surface,6,Image 1,1,705,
1.52212,,Surface,6,Image 1,1,706,
0.327318,,Surface,6,Image 1,1,707,
0.0552066,,Surface,6,Image 1,1,708,
0.1586,,Surface,6,Image 1,1,709,
0.551317,,Surface,6,Image 1,1,710,
0.15506,,Surface,6,Image 1,1,711,
0.146946,,Surface,6,Image 1,1,712,
0.0746876,,Surface,6,Image 1,1,713,
0.0841159,,Surface,6,Image 1,1,714,
0.0419074,,Surface,6,Image 1,1,715,
0.0341086,,Surface,6,Image 1,1,716,
0.0154831,,Surface,6,Image 1,1,717,
0.031309,,Surface,6,Image 1,1,718,
2.47532,,Surface,6,Image 1,1,722,
1.25162,,Surface,6,Image 1,1,723,
0.0779425,,Surface,6,Image 1,1,724,
0.672484,,Surface,6,Image 1,1,728,
0.0902001,,Surface,6,Image 1,1,729,
0.101884,,Surface,6,Image 1,1,730,
0.114637,,Surface,6,Image 1,1,731,
0.159784,,Surface,6,Image 1,1,732,
0.857961,,Surface,6,Image 1,1,733,
0.164915,,Surface,6,Image 1,1,735,
0.0811017,,Surface,6,Image 1,1,738,
0.129122,,Surface,6,Image 1,1,739,
1.05175,,Surface,6,Image 1,1,741,
0.361394,,Surface,6,Image 1,1,742,
0.164372,,Surface,6,Image 1,1,744,
0.190136,,Surface,6,Image 1,1,747,
0.119753,,Surface,6,Image 1,1,748,
0.0895205,,Surface,6,Image 1,1,749,
0.272607,,Surface,6,Image 1,1,750,
0.0221625,,Surface,6,Image 1,1,754,
0.388981,,Surface,6,Image 1,1,755,
0.0713748,,Surface,6,Image 1,1,757,
0.443701,,Surface,6,Image 1,1,758,
0.448925,,Surface,6,Image 1,1,760,
0.0415821,,Surface,6,Image 1,1,761,
0.0288403,,Surface,6,Image 1,1,762,
0.114295,,Surface,6,Image 1,1,763,
0.668753,,Surface,6,Image 1,1,764,
0.0276434,,Surface,6,Image 1,1,766,
0.603138,,Surface,6,Image 1,1,769,
0.0196098,,Surface,6,Image 1,1,771,
0.0578047,,Surface,6,Image 1,1,773,
0.0497156,,Surface,6,Image 1,1,775,
0.483404,,Surface,6,Image 1,1,776,
0.0378474,,Surface,6,Image 1,1,777,
0.850973,,Surface,6,Image 1,1,778,
0.274753,,Surface,6,Image 1,1,780,
0.0304362,,Surface,6,Image 1,1,781,
0.104207,,Surface,6,Image 1,1,782,
0.143645,,Surface,6,Image 1,1,783,
0.0465475,,Surface,6,Image 1,1,785,
0.165613,,Surface,6,Image 1,1,786,
0.0952849,,Surface,6,Image 1,1,787,
0.0317812,,Surface,6,Image 1,1,789,
0.0181639,,Surface,6,Image 1,1,790,
0.0408128,,Surface,6,Image 1,1,791,
0.134216,,Surface,6,Image 1,1,792,
0.0626521,,Surface,6,Image 1,1,793,
0.0700979,,Surface,6,Image 1,1,794,
0.0762542,,Surface,6,Image 1,1,795,
1.80551,,Surface,6,Image 1,1,796,
0.159276,,Surface,6,Image 1,1,797,
4.98073,,Surface,6,Image 1,1,798,
0.157036,,Surface,6,Image 1,1,799,
0.0448518,,Surface,6,Image 1,1,800,
0.0559183,,Surface,6,Image 1,1,801,
0.0219558,,Surface,6,Image 1,1,802,
0.127855,,Surface,6,Image 1,1,803,
0.0814935,,Surface,6,Image 1,1,804,
0.050952,,Surface,6,Image 1,1,805,
0.122816,,Surface,6,Image 1,1,806,
0.377085,,Surface,6,Image 1,1,809,
0.123714,,Surface,6,Image 1,1,811,
0.0582388,,Surface,6,Image 1,1,814,
0.0420157,,Surface,6,Image 1,1,815,
0.0599526,,Surface,6,Image 1,1,816,
0.352407,,Surface,6,Image 1,1,817,
0.309891,,Surface,6,Image 1,1,822,
0.069302,,Surface,6,Image 1,1,823,
0.0600975,,Surface,6,Image 1,1,824,
0.165696,,Surface,6,Image 1,1,829,
0.038184,,Surface,6,Image 1,1,830,
0.343913,,Surface,6,Image 1,1,831,
0.123162,,Surface,6,Image 1,1,832,
0.0890604,,Surface,6,Image 1,1,833,
0.0850474,,Surface,6,Image 1,1,836,
10.6128,,Surface,6,Image 1,1,838,
0.0166148,,Surface,6,Image 1,1,840,
0.256677,,Surface,6,Image 1,1,842,
0.0198659,,Surface,6,Image 1,1,845,
0.216447,,Surface,6,Image 1,1,846,
0.0618885,,Surface,6,Image 1,1,847,
0.0672487,,Surface,6,Image 1,1,848,
0.111305,,Surface,6,Image 1,1,850,
0.0868285,,Surface,6,Image 1,1,851,
0.103532,,Surface,6,Image 1,1,852,
0.270554,,Surface,6,Image 1,1,853,
0.124669,,Surface,6,Image 1,1,854,
0.0396481,,Surface,6,Image 1,1,855,
0.102371,,Surface,6,Image 1,1,856,
0.0574615,,Surface,6,Image 1,1,857,
0.0328614,,Surface,6,Image 1,1,859,
0.399612,,Surface,6,Image 1,1,860,
0.411473,,Surface,6,Image 1,1,861,
0.140354,,Surface,6,Image 1,1,862,
0.219236,,Surface,6,Image 1,1,865,
0.0105461,,Surface,6,Image 1,1,866,
0.0165216,,Surface,6,Image 1,1,867,
0.0581228,,Surface,6,Image 1,1,868,
0.272221,,Surface,6,Image 1,1,869,
0.119033,,Surface,6,Image 1,1,870,
0.0207424,,Surface,6,Image 1,1,871,
0.0491024,,Surface,6,Image 1,1,872,
0.10475,,Surface,6,Image 1,1,874,
0.175259,,Surface,6,Image 1,1,875,
0.00155658,,Surface,6,Image 1,1,876,
0.246562,,Surface,6,Image 1,1,877,
0.825449,,Surface,6,Image 1,1,878,
0.221127,,Surface,6,Image 1,1,879,
0.372567,,Surface,6,Image 1,1,880,
0.256714,,Surface,6,Image 1,1,881,
0.108568,,Surface,6,Image 1,1,883,
0.0439542,,Surface,6,Image 1,1,887,
0.220386,,Surface,6,Image 1,1,888,
0.116449,,Surface,6,Image 1,1,889,
0.0818794,,Surface,6,Image 1,1,890,
0.281083,,Surface,6,Image 1,1,891,
0.117168,,Surface,6,Image 1,1,895,
0.23974,,Surface,6,Image 1,1,896,
0.0847508,,Surface,6,Image 1,1,897,
0.43674,,Surface,6,Image 1,1,898,
0.421316,,Surface,6,Image 1,1,901,
0.16777,,Surface,6,Image 1,1,902,
0.0608463,,Surface,6,Image 1,1,903,
1.55014,,Surface,6,Image 1,1,908,
0.0657292,,Surface,6,Image 1,1,909,
0.127982,,Surface,6,Image 1,1,913,
0.0426907,,Surface,6,Image 1,1,915,
0.193561,,Surface,6,Image 1,1,918,
0.0250323,,Surface,6,Image 1,1,919,
0.139282,,Surface,6,Image 1,1,920,
0.2902,,Surface,6,Image 1,1,921,
0.349395,,Surface,6,Image 1,1,922,
0.00339749,,Surface,6,Image 1,1,923,
0.191803,,Surface,6,Image 1,1,924,
0.0992454,,Surface,6,Image 1,1,925,
0.050692,,Surface,6,Image 1,1,926,
0.202564,,Surface,6,Image 1,1,927,
0.165231,,Surface,6,Image 1,1,928,
0.0937089,,Surface,6,Image 1,1,929,
0.0715705,,Surface,6,Image 1,1,930,
0.0153573,,Surface,6,Image 1,1,931,
0.00912626,,Surface,6,Image 1,1,932,
0.017626,,Surface,6,Image 1,1,934,
0.0335977,,Surface,6,Image 1,1,935,
0.932455,,Surface,6,Image 1,1,936,
0.021686,,Surface,6,Image 1,1,939,
0.0586814,,Surface,6,Image 1,1,940,
0.114055,,Surface,6,Image 1,1,941,
0.352488,,Surface,6,Image 1,1,943,
0.0917898,,Surface,6,Image 1,1,944,
0.193387,,Surface,6,Image 1,1,946,
0.0300993,,Surface,6,Image 1,1,947,
0.0958779,,Surface,6,Image 1,1,949,
0.0991086,,Surface,6,Image 1,1,950,
0.030761,,Surface,6,Image 1,1,951,
0.104246,,Surface,6,Image 1,1,952,
0.0169568,,Surface,6,Image 1,1,953,
0.600799,,Surface,6,Image 1,1,955,
0.111727,,Surface,6,Image 1,1,956,
3.89565,,Surface,6,Image 1,1,959,
0.0184397,,Surface,6,Image 1,1,961,
0.0466181,,Surface,6,Image 1,1,964,
6.03023,,Surface,6,Image 1,1,965,
0.0517417,,Surface,6,Image 1,1,966,
0.0844169,,Surface,6,Image 1,1,968,
0.316983,,Surface,6,Image 1,1,969,
0.112463,,Surface,6,Image 1,1,970,
0.223411,,Surface,6,Image 1,1,971,
0.10053,,Surface,6,Image 1,1,973,
0.132161,,Surface,6,Image 1,1,974,
0.0208526,,Surface,6,Image 1,1,975,
0.0557058,,Surface,6,Image 1,1,976,
0.122823,,Surface,6,Image 1,1,977,
0.0403426,,Surface,6,Image 1,1,979,
0.0055753,,Surface,6,Image 1,1,982,
0.159099,,Surface,6,Image 1,1,983,
0.141472,,Surface,6,Image 1,1,985,
0.144143,,Surface,6,Image 1,1,986,
0.229443,,Surface,6,Image 1,1,988,
0.155563,,Surface,6,Image 1,1,989,
0.0264329,,Surface,6,Image 1,1,990,
0.125369,,Surface,6,Image 1,1,995,
0.0540693,,Surface,6,Image 1,1,996,
0.018464,,Surface,6,Image 1,1,997,
0.0266749,,Surface,6,Image 1,1,998,
0.0538534,,Surface,6,Image 1,1,999,
0.0361624,,Surface,6,Image 1,1,1000,
0.0303346,,Surface,6,Image 1,1,1001,
0.0740346,,Surface,6,Image 1,1,1003,
0.0946153,,Surface,6,Image 1,1,1004,
0.0209214,,Surface,6,Image 1,1,1005,
0.0514769,,Surface,6,Image 1,1,1006,
0.138195,,Surface,6,Image 1,1,1007,
0.163485,,Surface,6,Image 1,1,1008,
0.0436715,,Surface,6,Image 1,1,1009,
0.0129398,,Surface,6,Image 1,1,1010,
0.140306,,Surface,6,Image 1,1,1012,
0.202451,,Surface,6,Image 1,1,1013,
0.0121896,,Surface,6,Image 1,1,1014,
0.122842,,Surface,6,Image 1,1,1016,
0.0845614,,Surface,6,Image 1,1,1019,
0.0429258,,Surface,6,Image 1,1,1021,
0.00427564,,Surface,6,Image 1,1,1024,
0.234305,,Surface,6,Image 1,1,1025,
0.252196,,Surface,6,Image 1,1,1026,
0.0577142,,Surface,6,Image 1,1,1027,
0.0224189,,Surface,6,Image 1,1,1028,
0.0325869,,Surface,6,Image 1,1,1030,
0.0986983,,Surface,6,Image 1,1,1033,
0.234189,,Surface,6,Image 1,1,1035,
0.115124,,Surface,6,Image 1,1,1038,
0.0029819,,Surface,6,Image 1,1,1039,
0.109291,,Surface,6,Image 1,1,1040,
0.0152795,,Surface,6,Image 1,1,1044,
0.0280436,,Surface,6,Image 1,1,1046,
0.222443,,Surface,6,Image 1,1,1047,
0.0899688,,Surface,6,Image 1,1,1051,
0.0606172,,Surface,6,Image 1,1,1052,
0.00701674,,Surface,6,Image 1,1,1055,
0.0745273,,Surface,6,Image 1,1,1057,
0.120819,,Surface,6,Image 1,1,1058,
0.0354003,,Surface,6,Image 1,1,1059,
0.102583,,Surface,6,Image 1,1,1060,
0.0589333,,Surface,6,Image 1,1,1061,
0.0747167,,Surface,6,Image 1,1,1062,
0.223682,,Surface,6,Image 1,1,1065,
0.0340941,,Surface,6,Image 1,1,1066,
0.0485327,,Surface,6,Image 1,1,1067,
0.127777,,Surface,6,Image 1,1,1068,
0.264878,,Surface,6,Image 1,1,1070,
0.136932,,Surface,6,Image 1,1,1073,
0.0404634,,Surface,6,Image 1,1,1074,
0.0185882,,Surface,6,Image 1,1,1075,
0.989885,,Surface,6,Image 1,1,1081,
0.00611776,,Surface,6,Image 1,1,1082,
0.41951,,Surface,6,Image 1,1,1083,
0.114568,,Surface,6,Image 1,1,1084,
0.112977,,Surface,6,Image 1,1,1087,
0.037624,,Surface,6,Image 1,1,1093,
0.129266,,Surface,6,Image 1,1,1095,
0.0644232,,Surface,6,Image 1,1,1096,
0.0885905,,Surface,6,Image 1,1,1097,
0.136859,,Surface,6,Image 1,1,1098,
0.031536,,Surface,6,Image 1,1,1099,
0.146667,,Surface,6,Image 1,1,1100,
0.0772812,,Surface,6,Image 1,1,1101,
0.115199,,Surface,6,Image 1,1,1103,
0.104837,,Surface,6,Image 1,1,1104,
0.0964887,,Surface,6,Image 1,1,1108,
0.0130124,,Surface,6,Image 1,1,1110,
0.0863856,,Surface,6,Image 1,1,1112,
0.177349,,Surface,6,Image 1,1,1113,
0.00623812,,Surface,6,Image 1,1,1115,
0.000326782,,Surface,6,Image 1,1,1117,
0.0449254,,Surface,6,Image 1,1,1118,
0.157794,,Surface,6,Image 1,1,1120,
0.016183,,Surface,6,Image 1,1,1122,
0.0436038,,Surface,6,Image 1,1,1123,
0.136045,,Surface,6,Image 1,1,1124,
0.0760788,,Surface,6,Image 1,1,1126,
0.499874,,Surface,6,Image 1,1,1127,
0.229862,,Surface,6,Image 1,1,1128,
0.0500501,,Surface,6,Image 1,1,1131,
1.63127,,Surface,6,Image 1,1,1132,
0.0259457,,Surface,6,Image 1,1,1133,
0.0876285,,Surface,6,Image 1,1,1134,
0.0244292,,Surface,6,Image 1,1,1135,
0.0683656,,Surface,6,Image 1,1,1136,
0.114978,,Surface,6,Image 1,1,1140,
0.306394,,Surface,6,Image 1,1,1141,
0.0962979,,Surface,6,Image 1,1,1142,
0.105799,,Surface,6,Image 1,1,1143,
0.0746866,,Surface,6,Image 1,1,1146,
0.0778398,,Surface,6,Image 1,1,1150,
0.00333684,,Surface,6,Image 1,1,1151,
0.104088,,Surface,6,Image 1,1,1152,
0.0575719,,Surface,6,Image 1,1,1153,
0.0163796,,Surface,6,Image 1,1,1154,
0.0306087,,Surface,6,Image 1,1,1155,
0.178325,,Surface,6,Image 1,1,1157,
0.0182092,,Surface,6,Image 1,1,1158,
0.283817,,Surface,6,Image 1,1,1159,
0.275094,,Surface,6,Image 1,1,1160,
0.126941,,Surface,6,Image 1,1,1161,
0.0069603,,Surface,6,Image 1,1,1163,
0.233306,,Surface,6,Image 1,1,1164,
0.0307183,,Surface,6,Image 1,1,1167,
0.090854,,Surface,6,Image 1,1,1168,
0.0313251,,Surface,6,Image 1,1,1169,
0.175567,,Surface,6,Image 1,1,1172,
0.200302,,Surface,6,Image 1,1,1173,
0.675857,,Surface,6,Image 1,1,1174,
0.121988,,Surface,6,Image 1,1,1176,
0.0975142,,Surface,6,Image 1,1,1177,
0.0210167,,Surface,6,Image 1,1,1178,
0.139263,,Surface,6,Image 1,1,1179,
0.024402,,Surface,6,Image 1,1,1181,
0.0792973,,Surface,6,Image 1,1,1182,
0.14649,,Surface,6,Image 1,1,1183,
0.142803,,Surface,6,Image 1,1,1184,
0.0782333,,Surface,6,Image 1,1,1186,
0.0266781,,Surface,6,Image 1,1,1188,
0.139105,,Surface,6,Image 1,1,1190,
0.195325,,Surface,6,Image 1,1,1192,
0.0341416,,Surface,6,Image 1,1,1193,
0.0117105,,Surface,6,Image 1,1,1196,
0.0372596,,Surface,6,Image 1,1,1197,
0.034816,,Surface,6,Image 1,1,1198,
0.166676,,Surface,6,Image 1,1,1201,
0.0365018,,Surface,6,Image 1,1,1202,
0.0520999,,Surface,6,Image 1,1,1204,
0.0532201,,Surface,6,Image 1,1,1205,
0.150861,,Surface,6,Image 1,1,1206,
0.0422321,,Surface,6,Image 1,1,1207,
0.0177653,,Surface,6,Image 1,1,1208,
0.0356889,,Surface,6,Image 1,1,1209,
0.10638,,Surface,6,Image 1,1,1210,
0.0322301,,Surface,6,Image 1,1,1211,
0.215019,,Surface,6,Image 1,1,1212,
0.0996907,,Surface,6,Image 1,1,1213,
0.189024,,Surface,6,Image 1,1,1215,
0.18903,,Surface,6,Image 1,1,1216,
0.511997,,Surface,6,Image 1,1,1217,
0.203835,,Surface,6,Image 1,1,1218,
0.0737168,,Surface,6,Image 1,1,1219,
0.139043,,Surface,6,Image 1,1,1220,
0.0435791,,Surface,6,Image 1,1,1221,
0.127784,,Surface,6,Image 1,1,1222,
0.217842,,Surface,6,Image 1,1,1224,
0.0425617,,Surface,6,Image 1,1,1226,
0.0512146,,Surface,6,Image 1,1,1227,
0.292496,,Surface,6,Image 1,1,1231,
0.198746,,Surface,6,Image 1,1,1234,
0.0143549,,Surface,6,Image 1,1,1235,
0.00797473,,Surface,6,Image 1,1,1236,
0.14163,,Surface,6,Image 1,1,1237,
0.335728,,Surface,6,Image 1,1,1238,
0.451232,,Surface,6,Image 1,1,1241,
0.0807492,,Surface,6,Image 1,1,1242,
0.12787,,Surface,6,Image 1,1,1243,
0.176006,,Surface,6,Image 1,1,1244,
0.0779929,,Surface,6,Image 1,1,1245,
0.702483,,Surface,6,Image 1,1,1247,
0.471092,,Surface,6,Image 1,1,1250,
0.197014,,Surface,6,Image 1,1,1251,
0.0927963,,Surface,6,Image 1,1,1255,
0.0549871,,Surface,6,Image 1,1,1256,
0.0347097,,Surface,6,Image 1,1,1257,
0.0597064,,Surface,6,Image 1,1,1262,
0.0112565,,Surface,6,Image 1,1,1263,
0.293341,,Surface,6,Image 1,1,1264,
0.487341,,Surface,6,Image 1,1,1265,
0.0867034,,Surface,6,Image 1,1,1268,
0.178246,,Surface,6,Image 1,1,1269,
0.0431842,,Surface,6,Image 1,1,1270,
0.0681963,,Surface,6,Image 1,1,1273,
0.0567524,,Surface,6,Image 1,1,1275,
0.22913,,Surface,6,Image 1,1,1277,
0.0100442,,Surface,6,Image 1,1,1278,
0.02763,,Surface,6,Image 1,1,1279,
0.376976,,Surface,6,Image 1,1,1280,
0.07661,,Surface,6,Image 1,1,1283,
0.120163,,Surface,6,Image 1,1,1285,
0.00484274,,Surface,6,Image 1,1,1286,
0.0195724,,Surface,6,Image 1,1,1287,
0.262258,,Surface,6,Image 1,1,1288,
0.214516,,Surface,6,Image 1,1,1290,
0.059329,,Surface,6,Image 1,1,1291,
0.0115531,,Surface,6,Image 1,1,1292,
0.123393,,Surface,6,Image 1,1,1293,
0.423014,,Surface,6,Image 1,1,1294,
0.275165,,Surface,6,Image 1,1,1295,
0.0974677,,Surface,6,Image 1,1,1296,
0.410755,,Surface,6,Image 1,1,1297,
0.0279043,,Surface,6,Image 1,1,1298,
0.0615086,,Surface,6,Image 1,1,1300,
0.0477498,,Surface,6,Image 1,1,1301,
0.0808121,,Surface,6,Image 1,1,1302,
0.8155,,Surface,6,Image 1,1,1304,
0.246798,,Surface,6,Image 1,1,1305,
0.0176743,,Surface,6,Image 1,1,1306,
0.0224431,,Surface,6,Image 1,1,1310,
0.246857,,Surface,6,Image 1,1,1312,
0.0551906,,Surface,6,Image 1,1,1313,
0.0239366,,Surface,6,Image 1,1,1314,
0.110142,,Surface,6,Image 1,1,1315,
0.0909006,,Surface,6,Image 1,1,1316,
0.00415444,,Surface,6,Image 1,1,1320,
0.00828141,,Surface,6,Image 1,1,1321,
0.359794,,Surface,6,Image 1,1,1322,
0.123222,,Surface,6,Image 1,1,1323,
0.241566,,Surface,6,Image 1,1,1324,
0.0549318,,Surface,6,Image 1,1,1325,
1.35258,,Surface,6,Image 1,1,1326,
0.17069,,Surface,6,Image 1,1,1328,
0.0701506,,Surface,6,Image 1,1,1333,
0.0892188,,Surface,6,Image 1,1,1335,
0.0866297,,Surface,6,Image 1,1,1336,
0.0147706,,Surface,6,Image 1,1,1338,
0.294584,,Surface,6,Image 1,1,1339,
0.0790183,,Surface,6,Image 1,1,1340,
0.248596,,Surface,6,Image 1,1,1342,
0.00874392,,Surface,6,Image 1,1,1343,
0.263365,,Surface,6,Image 1,1,1344,
0.00579053,,Surface,6,Image 1,1,1346,
0.149242,,Surface,6,Image 1,1,1347,
0.177673,,Surface,6,Image 1,1,1348,
0.0462193,,Surface,6,Image 1,1,1349,
0.01418,,Surface,6,Image 1,1,1350,
0.0192301,,Surface,6,Image 1,1,1351,
0.109681,,Surface,6,Image 1,1,1352,
0.0273875,,Surface,6,Image 1,1,1353,
0.0230437,,Surface,6,Image 1,1,1355,
0.0478251,,Surface,6,Image 1,1,1356,
0.0183386,,Surface,6,Image 1,1,1357,
0.69074,,Surface,6,Image 1,1,1359,
0.0220536,,Surface,6,Image 1,1,1361,
0.0872505,,Surface,6,Image 1,1,1362,
0.323702,,Surface,6,Image 1,1,1363,
0.103796,,Surface,6,Image 1,1,1365,
0.10107,,Surface,6,Image 1,1,1366,
0.180187,,Surface,6,Image 1,1,1367,
0.0240179,,Surface,6,Image 1,1,1369,
0.0435796,,Surface,6,Image 1,1,1370,
0.236605,,Surface,6,Image 1,1,1373,
0.0142972,,Surface,6,Image 1,1,1374,
0.351642,,Surface,6,Image 1,1,1375,
0.596495,,Surface,6,Image 1,1,1376,
0.0500046,,Surface,6,Image 1,1,1377,
0.204104,,Surface,6,Image 1,1,1378,
0.0549257,,Surface,6,Image 1,1,1379,
0.346071,,Surface,6,Image 1,1,1383,
0.0107604,,Surface,6,Image 1,1,1384,
0.060932,,Surface,6,Image 1,1,1385,
1.04429,,Surface,6,Image 1,1,1386,
0.117808,,Surface,6,Image 1,1,1391,
0.325233,,Surface,6,Image 1,1,1392,
0.0280549,,Surface,6,Image 1,1,1395,
0.160398,,Surface,6,Image 1,1,1396,
0.00158655,,Surface,6,Image 1,1,1397,
0.0560972,,Surface,6,Image 1,1,1398,
0.107574,,Surface,6,Image 1,1,1399,
0.27783,,Surface,6,Image 1,1,1400,
0.00172614,,Surface,6,Image 1,1,1402,
0.0440157,,Surface,6,Image 1,1,1406,
0.137927,,Surface,6,Image 1,1,1407,
0.00465261,,Surface,6,Image 1,1,1408,
0.142247,,Surface,6,Image 1,1,1410,
0.0927196,,Surface,6,Image 1,1,1411,
0.0347302,,Surface,6,Image 1,1,1412,
0.0930193,,Surface,6,Image 1,1,1413,
0.869637,,Surface,6,Image 1,1,1414,
0.0452971,,Surface,6,Image 1,1,1415,
0.299355,,Surface,6,Image 1,1,1417,
0.320104,,Surface,6,Image 1,1,1418,
0.211681,,Surface,6,Image 1,1,1421,
0.027716,,Surface,6,Image 1,1,1423,
0.0939176,,Surface,6,Image 1,1,1424,
0.185641,,Surface,6,Image 1,1,1425,
0.0537631,,Surface,6,Image 1,1,1427,
0.00727785,,Surface,6,Image 1,1,1430,
0.0595794,,Surface,6,Image 1,1,1431,
0.0259536,,Surface,6,Image 1,1,1434,
0.0756652,,Surface,6,Image 1,1,1436,
0.155878,,Surface,6,Image 1,1,1438,
0.0141287,,Surface,6,Image 1,1,1439,
0.0622032,,Surface,6,Image 1,1,1440,
0.124723,,Surface,6,Image 1,1,1443,
0.195666,,Surface,6,Image 1,1,1445,
0.0814538,,Surface,6,Image 1,1,1446,
0.216876,,Surface,6,Image 1,1,1447,
0.0767716,,Surface,6,Image 1,1,1448,
0.106532,,Surface,6,Image 1,1,1449,
0.0406894,,Surface,6,Image 1,1,1451,
0.141649,,Surface,6,Image 1,1,1452,
0.0302429,,Surface,6,Image 1,1,1453,
0.0999303,,Surface,6,Image 1,1,1454,
0.380514,,Surface,6,Image 1,1,1455,
0.202925,,Surface,6,Image 1,1,1456,
0.0368501,,Surface,6,Image 1,1,1457,
0.198924,,Surface,6,Image 1,1,1458,
0.194014,,Surface,6,Image 1,1,1459,
0.205592,,Surface,6,Image 1,1,1460,
0.0235757,,Surface,6,Image 1,1,1461,
8.17357e-05,,Surface,6,Image 1,1,1462,
0.227864,,Surface,6,Image 1,1,1463,
0.00043553,,Surface,6,Image 1,1,1464,
0.0816515,,Surface,6,Image 1,1,1467,
0.0570918,,Surface,6,Image 1,1,1468,
0.177091,,Surface,6,Image 1,1,1469,
0.124817,,Surface,6,Image 1,1,1470,
0.0967225,,Surface,6,Image 1,1,1471,
0.233192,,Surface,6,Image 1,1,1474,
0.175319,,Surface,6,Image 1,1,1475,
0.0327899,,Surface,6,Image 1,1,1476,
0.320231,,Surface,6,Image 1,1,1477,
0.272271,,Surface,6,Image 1,1,1479,
0.0634224,,Surface,6,Image 1,1,1480,
0.0402295,,Surface,6,Image 1,1,1481,
0.149505,,Surface,6,Image 1,1,1483,
5.25781e-05,,Surface,6,Image 1,1,1484,
0.0103938,,Surface,6,Image 1,1,1487,
0.0310201,,Surface,6,Image 1,1,1488,
0.129755,,Surface,6,Image 1,1,1490,
0.00168953,,Surface,6,Image 1,1,1491,
0.313193,,Surface,6,Image 1,1,1492,
0.179634,,Surface,6,Image 1,1,1493,
0.0149529,,Surface,6,Image 1,1,1494,
0.179323,,Surface,6,Image 1,1,1496,
0.10849,,Surface,6,Image 1,1,1497,
0.18177,,Surface,6,Image 1,1,1498,
0.0458321,,Surface,6,Image 1,1,1499,
0.460774,,Surface,6,Image 1,1,1501,
0.0936727,,Surface,6,Image 1,1,1502,
0.140495,,Surface,6,Image 1,1,1504,
0.330059,,Surface,6,Image 1,1,1507,
0.1111,,Surface,6,Image 1,1,1510,
0.268309,,Surface,6,Image 1,1,1511,
0.0816242,,Surface,6,Image 1,1,1512,
0.126512,,Surface,6,Image 1,1,1515,
0.206464,,Surface,6,Image 1,1,1518,
0.0204571,,Surface,6,Image 1,1,1520,
0.116482,,Surface,6,Image 1,1,1522,
0.186171,,Surface,6,Image 1,1,1525,
0.0383634,,Surface,6,Image 1,1,1526,
0.0874554,,Surface,6,Image 1,1,1527,
0.0293638,,Surface,6,Image 1,1,1528,
0.00901873,,Surface,6,Image 1,1,1532,
0.208653,,Surface,6,Image 1,1,1536,
0.432241,,Surface,6,Image 1,1,1541,
0.0352284,,Surface,6,Image 1,1,1542,
0.176751,,Surface,6,Image 1,1,1546,
0.177753,,Surface,6,Image 1,1,1548,
0.0157798,,Surface,6,Image 1,1,1549,
0.23385,,Surface,6,Image 1,1,1550,
0.00223894,,Surface,6,Image 1,1,1555,
0.240712,,Surface,6,Image 1,1,1556,
0.0122253,,Surface,6,Image 1,1,1558,
0.141775,,Surface,6,Image 1,1,1561,
0.163805,,Surface,6,Image 1,1,1562,
0.0752019,,Surface,6,Image 1,1,1563,
0.229501,,Surface,6,Image 1,1,1568,
0.291239,,Surface,6,Image 1,1,1569,
0.00900708,,Surface,6,Image 1,1,1570,
0.042738,,Surface,6,Image 1,1,1571,
0.12243,,Surface,6,Image 1,1,1572,
0.132687,,Surface,6,Image 1,1,1576,
0.045604,,Surface,6,Image 1,1,1580,
0.149207,,Surface,6,Image 1,1,1581,
0.197335,,Surface,6,Image 1,1,1582,
0.157922,,Surface,6,Image 1,1,1585,
0.0438435,,Surface,6,Image 1,1,1589,
0.366693,,Surface,6,Image 1,1,1590,
0.0370399,,Surface,6,Image 1,1,1593,
0.0743271,,Surface,6,Image 1,1,1595,
0.028395,,Surface,6,Image 1,1,1598,
0.1179,,Surface,6,Image 1,1,1599,
0.177481,,Surface,6,Image 1,1,1601,
0.58521,,Surface,6,Image 1,1,1610,
0.0535554,,Surface,6,Image 1,1,1619,
0.00263614,,Surface,6,Image 1,1,1621,
0.214153,,Surface,6,Image 1,1,1623,
0.163524,,Surface,6,Image 1,1,1626,
0.00808734,,Surface,6,Image 1,1,1627,
0.000714915,,Surface,6,Image 1,1,1628,
0.0232317,,Surface,6,Image 1,1,1629,
0.0510231,,Surface,6,Image 1,1,1630,
0.058871,,Surface,6,Image 1,1,1632,
0.164222,,Surface,6,Image 1,1,1633,
0.22603,,Surface,6,Image 1,1,1635,
0.257849,,Surface,6,Image 1,1,1636,
0.113488,,Surface,6,Image 1,1,1637,
0.0855892,,Surface,6,Image 1,1,1640,
0.139228,,Surface,6,Image 1,1,1641,
0.379479,,Surface,6,Image 1,1,1642,
0.0225721,,Surface,6,Image 1,1,1644,
0.0658697,,Surface,6,Image 1,1,1646,
0.0232534,,Surface,6,Image 1,1,1653,
0.145442,,Surface,6,Image 1,1,1654,
0.117309,,Surface,6,Image 1,1,1655,
0.14452,,Surface,6,Image 1,1,1657,
0.255687,,Surface,6,Image 1,1,1660,
0.317434,,Surface,6,Image 1,1,1666,
0.575141,,Surface,6,Image 1,1,1668,
0.111307,,Surface,6,Image 1,1,1670,
0.0551022,,Surface,6,Image 1,1,1680,
0.00787231,,Surface,6,Image 1,1,1684,
0.573018,,Surface,6,Image 1,1,1685,
0.000210554,,Surface,6,Image 1,1,1686,
0.919354,,Surface,6,Image 1,1,1690,
0.0423486,,Surface,6,Image 1,1,1691,
0.00107313,,Surface,6,Image 1,1,1692,
0.0634018,,Surface,6,Image 1,1,1693,
0.00601105,,Surface,6,Image 1,1,1696,
0.00391549,,Surface,6,Image 1,1,1699,
0.189592,,Surface,6,Image 1,1,1709,
0.00996877,,Surface,6,Image 1,1,1710,
0.0127545,,Surface,6,Image 1,1,1712,
0.282981,,Surface,6,Image 1,1,1713,
0.360211,,Surface,6,Image 1,1,1714,
0.100848,,Surface,6,Image 1,1,1716,
0.0147751,,Surface,6,Image 1,1,1724,
0.0629171,,Surface,6,Image 1,1,1726,
0.0115875,,Surface,6,Image 1,1,1729,
0.115032,,Surface,6,Image 1,1,1734,
0.0431843,,Surface,6,Image 1,1,1738,
0.0740655,,Surface,6,Image 1,1,1740,
0.129493,,Surface,6,Image 1,1,1742,
0.311028,,Surface,6,Image 1,1,1743,
0.00462878,,Surface,6,Image 1,1,1745,
0.132305,,Surface,6,Image 1,1,1747,
0.454106,,Surface,6,Image 1,1,1749,
0.330156,,Surface,6,Image 1,1,1756,
0.0272177,,Surface,6,Image 1,1,1757,
0.0454232,,Surface,6,Image 1,1,1759,
0.182161,,Surface,6,Image 1,1,1763,
0.0300286,,Surface,6,Image 1,1,1766,
0.259514,,Surface,6,Image 1,1,1767,
0.195744,,Surface,6,Image 1,1,1770,
0.0034511,,Surface,6,Image 1,1,1774,
0.194675,,Surface,6,Image 1,1,1783,
0.104104,,Surface,6,Image 1,1,1794,
0.276417,,Surface,6,Image 1,1,1795,
0.0638771,,Surface,6,Image 1,1,1801,
0.00775846,,Surface,6,Image 1,1,1805,
0.152375,,Surface,6,Image 1,1,1807,
0.0907945,,Surface,6,Image 1,1,1808,
0.699891,,Surface,6,Image 1,1,1809,
0.277552,,Surface,6,Image 1,1,1813,
0.121359,,Surface,6,Image 1,1,1814,
0.0110827,,Surface,6,Image 1,1,1817,
0.863851,,Surface,6,Image 1,1,1818,
0.673737,,Surface,6,Image 1,1,1821,
0.0860398,,Surface,6,Image 1,1,1825,
0.0414191,,Surface,6,Image 1,1,1829,
0.255924,,Surface,6,Image 1,1,1831,
0.366446,,Surface,6,Image 1,1,1835,
0.0275142,,Surface,6,Image 1,1,1836,
0.555609,,Surface,6,Image 1,1,1837,
0.337252,,Surface,6,Image 1,1,1840,
2.27946e-05,,Surface,6,Image 1,1,1841,
0.279518,,Surface,6,Image 1,1,1847,
0.144617,,Surface,6,Image 1,1,1848,
1.29015,,Surface,6,Image 1,1,1856,
0.0268112,,Surface,6,Image 1,1,1860,
0.491225,,Surface,6,Image 1,1,1866,
0.0536126,,Surface,6,Image 1,1,1873,
0.672565,,Surface,6,Image 1,1,1878,
0.132258,,Surface,6,Image 1,1,1881,
0.162088,,Surface,6,Image 1,1,1887,
0.179264,,Surface,6,Image 1,1,1889,
0.0625642,,Surface,6,Image 1,1,1893,
0.592127,,Surface,6,Image 1,1,1894,
0.198005,,Surface,6,Image 1,1,1895,
0.023124,,Surface,6,Image 1,1,1896,
0.0614556,,Surface,6,Image 1,1,1904,
0.161172,,Surface,6,Image 1,1,1905,
0.212035,,Surface,6,Image 1,1,1907,
0.0400602,,Surface,6,Image 1,1,1912,
0.646585,,Surface,6,Image 1,1,1917,
0.163134,,Surface,6,Image 1,1,1923,
0.103509,,Surface,6,Image 1,1,1925,
0.000127883,,Surface,6,Image 1,1,1926,
0.0506921,,Surface,6,Image 1,1,1934,
0.216789,,Surface,6,Image 1,1,1943,
0.256317,,Surface,6,Image 1,1,1944,
0.370471,,Surface,6,Image 1,1,1946,
0.069336,,Surface,6,Image 1,1,1947,
0.0764863,,Surface,6,Image 1,1,1948,
0.0329281,,Surface,6,Image 1,1,1950,
0.0761133,,Surface,6,Image 1,1,1958,
0.172379,,Surface,6,Image 1,1,1966,
0.0107449,,Surface,6,Image 1,1,1967,
0.157128,,Surface,6,Image 1,1,1972,
0.0776097,,Surface,6,Image 1,1,1973,
0.191843,,Surface,6,Image 1,1,1975,
0.0341603,,Surface,6,Image 1,1,1979,
0.157631,,Surface,6,Image 1,1,1980,
0.19372,,Surface,6,Image 1,1,1983,
0.222015,,Surface,6,Image 1,1,1988,
0.230791,,Surface,6,Image 1,1,1999,
0.426715,,Surface,6,Image 1,1,2004,
0.00707384,,Surface,6,Image 1,1,2006,
0.052419,,Surface,6,Image 1,1,2008,
0.134274,,Surface,6,Image 1,1,2012,
0.319229,,Surface,6,Image 1,1,2015,
0.843613,,Surface,6,Image 1,1,2017,
0.00440123,,Surface,6,Image 1,1,2025,
0.448475,,Surface,6,Image 1,1,2026,
0.159653,,Surface,6,Image 1,1,2038,
0.183491,,Surface,6,Image 1,1,2049,
0.239291,,Surface,6,Image 1,1,2062,
0.109037,,Surface,6,Image 1,1,2068,
0.435063,,Surface,6,Image 1,1,2070,
0.0228723,,Surface,6,Image 1,1,2076,
0.227429,,Surface,6,Image 1,1,2081,
0.0729494,,Surface,6,Image 1,1,2082,
0.11596,,Surface,6,Image 1,1,2089,
0.218024,,Surface,6,Image 1,1,2091,
0.151947,,Surface,6,Image 1,1,2092,
0.166731,,Surface,6,Image 1,1,2094,
0.0109649,,Surface,6,Image 1,1,2097,
0.221536,,Surface,6,Image 1,1,2098,
0.769224,,Surface,6,Image 1,1,2109,
0.00767756,,Surface,6,Image 1,1,2132,
0.034924,,Surface,6,Image 1,1,2136,
0.541044,,Surface,6,Image 1,1,2143,
0.349399,,Surface,6,Image 1,1,2148,
0.00643016,,Surface,6,Image 1,1,2151,
0.127519,,Surface,6,Image 1,1,2155,
0.133764,,Surface,6,Image 1,1,2169,
0.274479,,Surface,6,Image 1,1,2191,
0.588589,,Surface,6,Image 1,1,2192,
0.598459,,Surface,6,Image 1,1,2193,
0.410598,,Surface,6,Image 1,1,2194,
0.410865,,Surface,6,Image 1,1,2201,
0.0238912,,Surface,6,Image 1,1,2207,
0.550712,,Surface,6,Image 1,1,2221,
0.0287887,,Surface,6,Image 1,1,2232,
0.0482045,,Surface,6,Image 1,1,2239,
0.164381,,Surface,6,Image 1,1,2246,
0.100224,,Surface,6,Image 1,1,2257,
0.0108652,,Surface,6,Image 1,1,2258,
0.532944,,Surface,6,Image 1,1,2264,
0.187053,,Surface,6,Image 1,1,2269,
0.461078,,Surface,6,Image 1,1,2271,
0.115423,,Surface,6,Image 1,1,2275,
0.017413,,Surface,6,Image 1,1,2278,
0.320494,,Surface,6,Image 1,1,2281,
0.486226,,Surface,6,Image 1,1,2283,
0.213353,,Surface,6,Image 1,1,2284,
0.701884,,Surface,6,Image 1,1,2285,
0.114361,,Surface,6,Image 1,1,2300,
0.350552,,Surface,6,Image 1,1,2307,
1.66223,,Surface,6,Image 1,1,2311,
0.488441,,Surface,6,Image 1,1,2314,
0.0660618,,Surface,6,Image 1,1,2317,
0.494867,,Surface,6,Image 1,1,2327,
0.16268,,Surface,6,Image 1,1,2332,
0.155872,,Surface,6,Image 1,1,2337,
0.853537,,Surface,6,Image 1,1,2340,
1.16947,,Surface,6,Image 1,1,2364,
0.000215966,,Surface,6,Image 1,1,2386,
0.0672756,,Surface,6,Image 1,1,2401,
0.393242,,Surface,6,Image 1,1,2403,
0.794501,,Surface,6,Image 1,1,2407,
0.47061,,Surface,6,Image 1,1,2416,
6.48401e-06,,Surface,6,Image 1,1,2422,
0.409772,,Surface,6,Image 1,1,2434,
0.0201429,,Surface,6,Image 1,1,2438,
0.109884,,Surface,6,Image 1,1,2443,
0.444063,,Surface,6,Image 1,1,2446,
0.681766,,Surface,6,Image 1,1,2462,
0.368416,,Surface,6,Image 1,1,2464,
0.202342,,Surface,6,Image 1,1,2473,
0.345364,,Surface,6,Image 1,1,2484,
0.112751,,Surface,6,Image 1,1,2486,
0.0945634,,Surface,6,Image 1,1,2487,
0.26755,,Surface,6,Image 1,1,2490,
0.27545,,Surface,6,Image 1,1,2493,
0.164386,,Surface,6,Image 1,1,2501,
0.881678,,Surface,6,Image 1,1,2508,
0.590878,,Surface,6,Image 1,1,2509,
1.20233,,Surface,6,Image 1,1,2511,
0.485683,,Surface,6,Image 1,1,2515,
0.164079,,Surface,6,Image 1,1,2518,
0.435956,,Surface,6,Image 1,1,2519,
0.708171,,Surface,6,Image 1,1,2526,
0.104638,,Surface,6,Image 1,1,2528,
0.310073,,Surface,6,Image 1,1,2529,
0.385406,,Surface,6,Image 1,1,2536,
0.540112,,Surface,6,Image 1,1,2541,
0.330527,,Surface,6,Image 1,1,2542,
0.218926,,Surface,6,Image 1,1,2547,
0.243232,,Surface,6,Image 1,1,2548,
0.452117,,Surface,6,Image 1,1,2550,
2.11499,,Surface,6,Image 1,1,2553,
0.159834,,Surface,6,Image 1,1,2569,
0.405989,,Surface,6,Image 1,1,2580,
0.900547,,Surface,6,Image 1,1,2586,
0.242257,,Surface,6,Image 1,1,2588,
0.797038,,Surface,6,Image 1,1,2592,
0.262612,,Surface,6,Image 1,1,2595,
0.257012,,Surface,6,Image 1,1,2596,
1.27111,,Surface,6,Image 1,1,2599,
0.340473,,Surface,6,Image 1,1,2609,
0.509893,,Surface,6,Image 1,1,2610,
0.93127,,Surface,6,Image 1,1,2611,
0.11591,,Surface,6,Image 1,1,2619,
0.0960687,,Surface,6,Image 1,1,2625,
1.04922,,Surface,6,Image 1,1,2630,
0.281717,,Surface,6,Image 1,1,2634,
1.28557,,Surface,6,Image 1,1,2636,
0.620513,,Surface,6,Image 1,1,2638,
0.88401,,Surface,6,Image 1,1,2643,
1.27351,,Surface,6,Image 1,1,2644,
0.775727,,Surface,6,Image 1,1,2645,
0.552582,,Surface,6,Image 1,1,2654,
0.455256,,Surface,6,Image 1,1,2656,
1.10498,,Surface,6,Image 1,1,2657,
5.10074,,Surface,6,Image 1,1,2658,
0.0439666,,Surface,6,Image 1,1,2661,
0.278013,,Surface,6,Image 1,1,2662,
0.628471,,Surface,6,Image 1,1,2665,
1.38842,,Surface,6,Image 1,1,2666,
0.47317,,Surface,6,Image 1,1,2667,
0.122506,,Surface,6,Image 1,1,2668,
0.323161,,Surface,6,Image 1,1,2671,
0.202933,,Surface,6,Image 1,1,2672,
1.32437,,Surface,6,Image 1,1,2676,
2.93717,,Surface,6,Image 1,1,2686,
3.49077,,Surface,6,Image 1,1,2689,
1.57237,,Surface,6,Image 1,1,2699,
4.39654,,Surface,6,Image 1,1,2702,
10.3998,,Surface,6,Image 1,1,2703,
0.125284,,Surface,6,Image 1,1,2713,
2.21441,,Surface,6,Image 1,1,2726,
1.58078,,Surface,6,Image 1,1,2728,
0.833384,,Surface,6,Image 1,1,2729,
0.4647,,Surface,6,Image 1,1,2730,
0.5403,,Surface,6,Image 1,1,2733,
0.349954,,Surface,6,Image 1,1,2740,
1.71755,,Surface,6,Image 1,1,2741,
0.164335,,Surface,6,Image 1,1,2742,
1.49765,,Surface,6,Image 1,1,2746,
1.06259,,Surface,6,Image 1,1,2751,
0.728601,,Surface,6,Image 1,1,2752,
3.39915,,Surface,6,Image 1,1,2755,
3.47882,,Surface,6,Image 1,1,2759,
1.3644,,Surface,6,Image 1,1,2761,
3.59119,,Surface,6,Image 1,1,2764,
4.08709,,Surface,6,Image 1,1,2767,
3.28799,,Surface,6,Image 1,1,2769,
4.20676,,Surface,6,Image 1,1,2770,
0.232665,,Surface,6,Image 1,1,2771,
0.986339,,Surface,6,Image 1,1,2772,
1.41718,,Surface,6,Image 1,1,2775,
1.14193,,Surface,6,Image 1,1,2779,
0.274032,,Surface,6,Image 1,1,2782,
0.704447,,Surface,6,Image 1,1,2784,
1.04645,,Surface,6,Image 1,1,2788,
1.65541,,Surface,6,Image 1,1,2790,
3.71701,,Surface,6,Image 1,1,2791,
1.21189,,Surface,6,Image 1,1,2796,
3.86612,,Surface,6,Image 1,1,2798,
2.32544,,Surface,6,Image 1,1,2800,
1.34104,,Surface,6,Image 1,1,2805,
9.86912e-06,,Surface,6,Image 1,1,2806,
1.92883,,Surface,6,Image 1,1,2811,
1.82974,,Surface,6,Image 1,1,2815,
1.32853,,Surface,6,Image 1,1,2817,
3.05519,,Surface,6,Image 1,1,2818,
0.174171,,Surface,6,Image 1,1,2819,
0.589211,,Surface,6,Image 1,1,2821,
2.42589,,Surface,6,Image 1,1,2822,
1.5856,,Surface,6,Image 1,1,2823,
1.1554,,Surface,6,Image 1,1,2826,
4.29877,,Surface,6,Image 1,1,2828,
0.762961,,Surface,6,Image 1,1,2829,
0.348035,,Surface,6,Image 1,1,2831,
0.925738,,Surface,6,Image 1,1,2833,
4.0793,,Surface,6,Image 1,1,2840,
2.06913,,Surface,6,Image 1,1,2845,
2.72699,,Surface,6,Image 1,1,2853,
1.92595,,Surface,6,Image 1,1,2859,
5.30102,,Surface,6,Image 1,1,2860,
0.438847,,Surface,6,Image 1,1,2864,
2.74653,,Surface,6,Image 1,1,2865,
3.73069,,Surface,6,Image 1,1,2867,
2.19572,,Surface,6,Image 1,1,2869,
3.43997,,Surface,6,Image 1,1,2870,
0.376797,,Surface,6,Image 1,1,2874,
0.0577134,,Surface,6,Image 1,1,2875,
2.59436,,Surface,6,Image 1,1,2881,
5.41853,,Surface,6,Image 1,1,2885,
3.70128,,Surface,6,Image 1,1,2886,
0.988502,,Surface,6,Image 1,1,2887,
2.56138,,Surface,6,Image 1,1,2889,
4.53498,,Surface,6,Image 1,1,2890,
1.40636,,Surface,6,Image 1,1,2891,
2.62481,,Surface,6,Image 1,1,2892,
2.42526,,Surface,6,Image 1,1,2894,
0.368459,,Surface,6,Image 1,1,2897,
1.20858,,Surface,6,Image 1,1,2899,
2.20002,,Surface,6,Image 1,1,2900,
0.82478,,Surface,6,Image 1,1,2905,
1.72383,,Surface,6,Image 1,1,2906,
1.87299,,Surface,6,Image 1,1,2907,
5.81267,,Surface,6,Image 1,1,2908,
2.72891,,Surface,6,Image 1,1,2910,
0.110032,,Surface,6,Image 1,1,2912,
0.845186,,Surface,6,Image 1,1,2913,
1.38831,,Surface,6,Image 1,1,2914,
2.37755,,Surface,6,Image 1,1,2915,
1.00421,,Surface,6,Image 1,1,2918,
0.886903,,Surface,6,Image 1,1,2925,
2.0776,,Surface,6,Image 1,1,2927,
0.478625,,Surface,6,Image 1,1,2928,
3.70398,,Surface,6,Image 1,1,2929,
0.0412956,,Surface,6,Image 1,1,2931,
4.85931,,Surface,6,Image 1,1,2932,
0.306106,,Surface,6,Image 1,1,2935,
1.3124,,Surface,6,Image 1,1,2936,
2.69078,,Surface,6,Image 1,1,2937,
1.36586,,Surface,6,Image 1,1,2950,
0.714769,,Surface,6,Image 1,1,2951,
0.828787,,Surface,6,Image 1,1,2955,
2.532,,Surface,6,Image 1,1,2959,
4.15531,,Surface,6,Image 1,1,2960,
4.20287,,Surface,6,Image 1,1,2963,
2.38338,,Surface,6,Image 1,1,2964,
2.7388,,Surface,6,Image 1,1,2965,
2.36385,,Surface,6,Image 1,1,2969,
3.04817,,Surface,6,Image 1,1,2971,
1.32485,,Surface,6,Image 1,1,2975,
1.17924,,Surface,6,Image 1,1,2977,
1.98659,,Surface,6,Image 1,1,2982,
0.466079,,Surface,6,Image 1,1,2985,
1.98486,,Surface,6,Image 1,1,2986,
2.07055,,Surface,6,Image 1,1,2987,
2.53328,,Surface,6,Image 1,1,2989,
2.80687,,Surface,6,Image 1,1,2992,
2.31564,,Surface,6,Image 1,1,2993,
0.455629,,Surface,6,Image 1,1,2994,
3.45569,,Surface,6,Image 1,1,2996,
1.89293,,Surface,6,Image 1,1,2997,
2.78832,,Surface,6,Image 1,1,2998,
1.47316,,Surface,6,Image 1,1,2999,
0.6156,,Surface,6,Image 1,1,3002,
1.51125,,Surface,6,Image 1,1,3007,
0.671453,,Surface,6,Image 1,1,3010,
1.37372,,Surface,6,Image 1,1,3011,
0.503453,,Surface,6,Image 1,1,3016,
0.259184,,Surface,6,Image 1,1,3024,
1.21012,,Surface,6,Image 1,1,3025,
3.05137,,Surface,6,Image 1,1,3035,
1.81776,,Surface,6,Image 1,1,3037,
0.837417,,Surface,6,Image 1,1,3039,
0.0133426,,Surface,6,Image 1,1,3040,
1.79993,,Surface,6,Image 1,1,3041,
0.448742,,Surface,6,Image 1,1,3044,
0.273246,,Surface,6,Image 1,1,3046,
2.72581,,Surface,6,Image 1,1,3047,
1.41351,,Surface,6,Image 1,1,3050,
1.61115,,Surface,6,Image 1,1,3052,
2.35534,,Surface,6,Image 1,1,3053,
1.93648,,Surface,6,Image 1,1,3054,
0.288121,,Surface,6,Image 1,1,3055,
0.709413,,Surface,6,Image 1,1,3056,
2.16533,,Surface,6,Image 1,1,3057,
0.04372,,Surface,6,Image 1,1,3061,
0.460946,,Surface,6,Image 1,1,3067,
1.59321,,Surface,6,Image 1,1,3069,
0.642253,,Surface,6,Image 1,1,3073,
1.44258,,Surface,6,Image 1,1,3076,
0.801416,,Surface,6,Image 1,1,3081,
2.50624,,Surface,6,Image 1,1,3082,
1.08445,,Surface,6,Image 1,1,3083,
2.38177,,Surface,6,Image 1,1,3084,
0.254927,,Surface,6,Image 1,1,3087,
0.324442,,Surface,6,Image 1,1,3089,
1.90846,,Surface,6,Image 1,1,3091,
0.143074,,Surface,6,Image 1,1,3097,
0.330256,,Surface,6,Image 1,1,3098,
0.0268826,,Surface,6,Image 1,1,3099,
0.302044,,Surface,6,Image 1,1,3102,
0.5559,,Surface,6,Image 1,1,3106,
1.00474,,Surface,6,Image 1,1,3108,
3.05973,,Surface,6,Image 1,1,3110,
1.96618,,Surface,6,Image 1,1,3113,
0.319367,,Surface,6,Image 1,1,3118,
2.43682,,Surface,6,Image 1,1,3121,
2.02754,,Surface,6,Image 1,1,3122,
0.770805,,Surface,6,Image 1,1,3123,
2.16626,,Surface,6,Image 1,1,3124,
1.91745,,Surface,6,Image 1,1,3125,
0.247268,,Surface,6,Image 1,1,3126,
1.7071,,Surface,6,Image 1,1,3127,
0.630303,,Surface,6,Image 1,1,3129,
1.27898,,Surface,6,Image 1,1,3131,
0.684018,,Surface,6,Image 1,1,3132,
0.0531812,,Surface,6,Image 1,1,3133,
0.491345,,Surface,6,Image 1,1,3138,
2.92527,,Surface,6,Image 1,1,3140,
2.0607,,Surface,6,Image 1,1,3146,
0.212172,,Surface,6,Image 1,1,3147,
2.10672,,Surface,6,Image 1,1,3150,
0.00637723,,Surface,6,Image 1,1,3155,
0.430161,,Surface,6,Image 1,1,3156,
1.92423,,Surface,6,Image 1,1,3158,
1.85003,,Surface,6,Image 1,1,3159,
2.3878,,Surface,6,Image 1,1,3161,
2.93727,,Surface,6,Image 1,1,3162,
0.113395,,Surface,6,Image 1,1,3174,
0.286915,,Surface,6,Image 1,1,3178,
0.488505,,Surface,6,Image 1,1,3179,
4.12235,,Surface,6,Image 1,1,3181,
4.08617,,Surface,6,Image 1,1,3184,
0.0388923,,Surface,6,Image 1,1,3185,
1.91508,,Surface,6,Image 1,1,3186,
1.53006,,Surface,6,Image 1,1,3187,
2.80961,,Surface,6,Image 1,1,3189,
5.16505,,Surface,6,Image 1,1,3197,
1.20328,,Surface,6,Image 1,1,3199,
1.02371,,Surface,6,Image 1,1,3201,
1.0881,,Surface,6,Image 1,1,3202,
2.35392,,Surface,6,Image 1,1,3207,
0.993485,,Surface,6,Image 1,1,3209,
1.11312,,Surface,6,Image 1,1,3214,
0.0490099,,Surface,6,Image 1,1,3216,
1.6602,,Surface,6,Image 1,1,3217,
2.53787,,Surface,6,Image 1,1,3219,
0.367949,,Surface,6,Image 1,1,3221,
1.94072,,Surface,6,Image 1,1,3222,
1.6103,,Surface,6,Image 1,1,3223,
0.0122495,,Surface,6,Image 1,1,3225,
0.20582,,Surface,6,Image 1,1,3227,
2.95285,,Surface,6,Image 1,1,3229,
0.322051,,Surface,6,Image 1,1,3230,
2.05557,,Surface,6,Image 1,1,3235,
4.25411,,Surface,6,Image 1,1,3241,
1.67058,,Surface,6,Image 1,1,3242,
3.31346,,Surface,6,Image 1,1,3244,
2.89559,,Surface,6,Image 1,1,3251,
1.93425,,Surface,6,Image 1,1,3253,
2.07509,,Surface,6,Image 1,1,3257,
0.366079,,Surface,6,Image 1,1,3259,
1.92513,,Surface,6,Image 1,1,3260,
2.06758,,Surface,6,Image 1,1,3262,
0.113173,,Surface,6,Image 1,1,3263,
0.531869,,Surface,6,Image 1,1,3264,
0.504047,,Surface,6,Image 1,1,3265,
0.944386,,Surface,6,Image 1,1,3266,
1.523,,Surface,6,Image 1,1,3268,
0.0780904,,Surface,6,Image 1,1,3272,
2.37242,,Surface,6,Image 1,1,3274,
1.36047,,Surface,6,Image 1,1,3275,
0.310696,,Surface,6,Image 1,1,3278,
0.710293,,Surface,6,Image 1,1,3280,
1.70155,,Surface,6,Image 1,1,3283,
0.0665631,,Surface,6,Image 1,1,3284,
2.61452,,Surface,6,Image 1,1,3288,
4.88638,,Surface,6,Image 1,1,3290,
0.041204,,Surface,6,Image 1,1,3291,
0.514896,,Surface,6,Image 1,1,3293,
1.09415,,Surface,6,Image 1,1,3297,
0.69202,,Surface,6,Image 1,1,3299,
4.02376,,Surface,6,Image 1,1,3300,
0.0867783,,Surface,6,Image 1,1,3305,
0.104132,,Surface,6,Image 1,1,3306,
2.22585,,Surface,6,Image 1,1,3307,
0.510739,,Surface,6,Image 1,1,3308,
1.32473,,Surface,6,Image 1,1,3311,
4.76348,,Surface,6,Image 1,1,3312,
0.122603,,Surface,6,Image 1,1,3313,
1.41632,,Surface,6,Image 1,1,3314,
0.989899,,Surface,6,Image 1,1,3316,
0.180841,,Surface,6,Image 1,1,3317,
1.3409,,Surface,6,Image 1,1,3324,
2.19583,,Surface,6,Image 1,1,3326,
2.63438,,Surface,6,Image 1,1,3327,
0.709325,,Surface,6,Image 1,1,3328,
2.80283,,Surface,6,Image 1,1,3329,
0.263176,,Surface,6,Image 1,1,3332,
1.84339,,Surface,6,Image 1,1,3333,
0.481756,,Surface,6,Image 1,1,3336,
0.871164,,Surface,6,Image 1,1,3337,
0.364176,,Surface,6,Image 1,1,3339,
4.65604,,Surface,6,Image 1,1,3341,
5.95403,,Surface,6,Image 1,1,3343,
0.454758,,Surface,6,Image 1,1,3346,
0.408056,,Surface,6,Image 1,1,3348,
1.31087,,Surface,6,Image 1,1,3349,
3.42092,,Surface,6,Image 1,1,3352,
1.38776,,Surface,6,Image 1,1,3353,
0.18986,,Surface,6,Image 1,1,3357,
0.216693,,Surface,6,Image 1,1,3359,
1.95943,,Surface,6,Image 1,1,3360,
0.0763961,,Surface,6,Image 1,1,3362,
1.27595,,Surface,6,Image 1,1,3364,
1.09894,,Surface,6,Image 1,1,3368,
2.81631,,Surface,6,Image 1,1,3369,
1.57524,,Surface,6,Image 1,1,3371,
3.06489,,Surface,6,Image 1,1,3372,
0.670312,,Surface,6,Image 1,1,3374,
0.2894,,Surface,6,Image 1,1,3377,
3.62508,,Surface,6,Image 1,1,3381,
2.1768,,Surface,6,Image 1,1,3385,
0.820887,,Surface,6,Image 1,1,3386,
0.245259,,Surface,6,Image 1,1,3387,
0.691185,,Surface,6,Image 1,1,3389,
1.79351,,Surface,6,Image 1,1,3390,
0.149561,,Surface,6,Image 1,1,3391,
0.303772,,Surface,6,Image 1,1,3393,
0.207483,,Surface,6,Image 1,1,3394,
2.07603,,Surface,6,Image 1,1,3395,
0.0768142,,Surface,6,Image 1,1,3399,
2.59556,,Surface,6,Image 1,1,3400,
0.196124,,Surface,6,Image 1,1,3402,
0.332396,,Surface,6,Image 1,1,3404,
0.128055,,Surface,6,Image 1,1,3406,
0.553044,,Surface,6,Image 1,1,3407,
0.110639,,Surface,6,Image 1,1,3409,
2.33187,,Surface,6,Image 1,1,3415,
0.352426,,Surface,6,Image 1,1,3419,
0.0967973,,Surface,6,Image 1,1,3420,
0.784326,,Surface,6,Image 1,1,3428,
0.0176868,,Surface,6,Image 1,1,3429,
0.375748,,Surface,6,Image 1,1,3434,
0.486488,,Surface,6,Image 1,1,3437,
1.51604,,Surface,6,Image 1,1,3439,
0.451824,,Surface,6,Image 1,1,3443,
1.80162,,Surface,6,Image 1,1,3445,
0.441409,,Surface,6,Image 1,1,3450,
0.149666,,Surface,6,Image 1,1,3452,
2.5636,,Surface,6,Image 1,1,3459,
0.241835,,Surface,6,Image 1,1,3462,
0.27327,,Surface,6,Image 1,1,3464,
2.54929,,Surface,6,Image 1,1,3469,
0.242564,,Surface,6,Image 1,1,3470,
1.07292,,Surface,6,Image 1,1,3471,
0.314567,,Surface,6,Image 1,1,3472,
0.683255,,Surface,6,Image 1,1,3475,
3.01545,,Surface,6,Image 1,1,3476,
3.28341,,Surface,6,Image 1,1,3479,
1.6893,,Surface,6,Image 1,1,3482,
0.442987,,Surface,6,Image 1,1,3486,
1.82954,,Surface,6,Image 1,1,3492,
2.89253,,Surface,6,Image 1,1,3493,
0.824773,,Surface,6,Image 1,1,3494,
0.116882,,Surface,6,Image 1,1,3495,
2.49806,,Surface,6,Image 1,1,3497,
0.909294,,Surface,6,Image 1,1,3498,
0.0466947,,Surface,6,Image 1,1,3499,
0.169592,,Surface,6,Image 1,1,3500,
0.577821,,Surface,6,Image 1,1,3501,
0.379106,,Surface,6,Image 1,1,3503,
0.0235199,,Surface,6,Image 1,1,3505,
0.328888,,Surface,6,Image 1,1,3508,
1.37264,,Surface,6,Image 1,1,3509,
0.194415,,Surface,6,Image 1,1,3511,
1.35203,,Surface,6,Image 1,1,3514,
0.149611,,Surface,6,Image 1,1,3517,
0.0700459,,Surface,6,Image 1,1,3520,
0.057379,,Surface,6,Image 1,1,3522,
2.67036,,Surface,6,Image 1,1,3523,
0.0752066,,Surface,6,Image 1,1,3527,
0.0874313,,Surface,6,Image 1,1,3529,
0.369723,,Surface,6,Image 1,1,3532,
0.173742,,Surface,6,Image 1,1,3537,
0.435743,,Surface,6,Image 1,1,3542,
0.0758468,,Surface,6,Image 1,1,3546,
1.90301,,Surface,6,Image 1,1,3547,
0.382868,,Surface,6,Image 1,1,3548,
1.9856,,Surface,6,Image 1,1,3549,
0.206518,,Surface,6,Image 1,1,3550,
0.0715574,,Surface,6,Image 1,1,3551,
0.140711,,Surface,6,Image 1,1,3552,
0.251492,,Surface,6,Image 1,1,3553,
2.27442,,Surface,6,Image 1,1,3554,
3.45666,,Surface,6,Image 1,1,3557,
0.320639,,Surface,6,Image 1,1,3563,
2.01751,,Surface,6,Image 1,1,3564,
1.39072,,Surface,6,Image 1,1,3568,
0.653801,,Surface,6,Image 1,1,3574,
0.82992,,Surface,6,Image 1,1,3576,
1.61495,,Surface,6,Image 1,1,3578,
0.116561,,Surface,6,Image 1,1,3581,
0.218708,,Surface,6,Image 1,1,3583,
2.26876,,Surface,6,Image 1,1,3586,
0.0704761,,Surface,6,Image 1,1,3587,
0.728701,,Surface,6,Image 1,1,3591,
0.2663,,Surface,6,Image 1,1,3593,
0.125505,,Surface,6,Image 1,1,3595,
0.0814414,,Surface,6,Image 1,1,3597,
0.109544,,Surface,6,Image 1,1,3600,
0.176652,,Surface,6,Image 1,1,3608,
0.0706389,,Surface,6,Image 1,1,3609,
0.452989,,Surface,6,Image 1,1,3610,
0.170595,,Surface,6,Image 1,1,3612,
2.25959,,Surface,6,Image 1,1,3614,
0.143199,,Surface,6,Image 1,1,3615,
1.32931,,Surface,6,Image 1,1,3616,
3.00507,,Surface,6,Image 1,1,3617,
1.8123,,Surface,6,Image 1,1,3624,
0.325565,,Surface,6,Image 1,1,3625,
0.441389,,Surface,6,Image 1,1,3627,
0.182006,,Surface,6,Image 1,1,3628,
0.000231295,,Surface,6,Image 1,1,3631,
0.0852726,,Surface,6,Image 1,1,3633,
0.0758073,,Surface,6,Image 1,1,3636,
0.257909,,Surface,6,Image 1,1,3638,
0.18755,,Surface,6,Image 1,1,3639,
0.136795,,Surface,6,Image 1,1,3642,
0.01254,,Surface,6,Image 1,1,3645,
0.0976819,,Surface,6,Image 1,1,3650,
0.118503,,Surface,6,Image 1,1,3653,
0.105533,,Surface,6,Image 1,1,3654,
0.27892,,Surface,6,Image 1,1,3655,
0.251133,,Surface,6,Image 1,1,3656,
0.0526388,,Surface,6,Image 1,1,3657,
1.07688,,Surface,6,Image 1,1,3658,
0.799384,,Surface,6,Image 1,1,3662,
0.102231,,Surface,6,Image 1,1,3664,
1.02115,,Surface,6,Image 1,1,3665,
0.000500834,,Surface,6,Image 1,1,3668,
0.076482,,Surface,6,Image 1,1,3669,
0.263713,,Surface,6,Image 1,1,3670,
0.845706,,Surface,6,Image 1,1,3672,
0.389022,,Surface,6,Image 1,1,3673,
0.820933,,Surface,6,Image 1,1,3678,
0.230949,,Surface,6,Image 1,1,3682,
0.318045,,Surface,6,Image 1,1,3684,
0.227006,,Surface,6,Image 1,1,3688,
0.0779465,,Surface,6,Image 1,1,3693,
0.090426,,Surface,6,Image 1,1,3694,
0.921171,,Surface,6,Image 1,1,3697,
0.102818,,Surface,6,Image 1,1,3701,
5.7892,,Surface,6,Image 1,1,3702,
0.251255,,Surface,6,Image 1,1,3704,
0.0644988,,Surface,6,Image 1,1,3709,
1.55793,,Surface,6,Image 1,1,3712,
0.424942,,Surface,6,Image 1,1,3714,
0.173226,,Surface,6,Image 1,1,3715,
0.979824,,Surface,6,Image 1,1,3716,
5.5262,,Surface,6,Image 1,1,3717,
0.624211,,Surface,6,Image 1,1,3719,
0.269926,,Surface,6,Image 1,1,3721,
0.0743306,,Surface,6,Image 1,1,3722,
0.0420335,,Surface,6,Image 1,1,3725,
0.0167024,,Surface,6,Image 1,1,3728,
0.183437,,Surface,6,Image 1,1,3730,
0.891647,,Surface,6,Image 1,1,3732,
0.00051441,,Surface,6,Image 1,1,3733,
0.0328666,,Surface,6,Image 1,1,3734,
0.345141,,Surface,6,Image 1,1,3736,
0.370424,,Surface,6,Image 1,1,3741,
0.205478,,Surface,6,Image 1,1,3742,
0.471777,,Surface,6,Image 1,1,3743,
0.081923,,Surface,6,Image 1,1,3744,
0.327728,,Surface,6,Image 1,1,3748,
0.150046,,Surface,6,Image 1,1,3749,
0.40715,,Surface,6,Image 1,1,3750,
0.77416,,Surface,6,Image 1,1,3752,
0.662283,,Surface,6,Image 1,1,3755,
0.248506,,Surface,6,Image 1,1,3759,
0.120097,,Surface,6,Image 1,1,3760,
0.974989,,Surface,6,Image 1,1,3761,
0.117605,,Surface,6,Image 1,1,3762,
0.15529,,Surface,6,Image 1,1,3766,
0.129664,,Surface,6,Image 1,1,3770,
0.581628,,Surface,6,Image 1,1,3771,
0.136534,,Surface,6,Image 1,1,3776,
0.158931,,Surface,6,Image 1,1,3777,
0.160407,,Surface,6,Image 1,1,3778,
1.52073,,Surface,6,Image 1,1,3779,
0.548813,,Surface,6,Image 1,1,3781,
0.136005,,Surface,6,Image 1,1,3782,
0.146153,,Surface,6,Image 1,1,3783,
0.0013811,,Surface,6,Image 1,1,3784,
0.111624,,Surface,6,Image 1,1,3785,
0.334924,,Surface,6,Image 1,1,3786,
0.139749,,Surface,6,Image 1,1,3788,
0.112416,,Surface,6,Image 1,1,3790,
0.281439,,Surface,6,Image 1,1,3791,
0.088676,,Surface,6,Image 1,1,3792,
0.0791291,,Surface,6,Image 1,1,3798,
0.146728,,Surface,6,Image 1,1,3799,
0.546752,,Surface,6,Image 1,1,3801,
0.0935495,,Surface,6,Image 1,1,3802,
0.0623386,,Surface,6,Image 1,1,3805,
0.109244,,Surface,6,Image 1,1,3806,
0.000204724,,Surface,6,Image 1,1,3809,
1.13719,,Surface,6,Image 1,1,3812,
0.234383,,Surface,6,Image 1,1,3813,
0.100315,,Surface,6,Image 1,1,3815,
0.603276,,Surface,6,Image 1,1,3816,
0.372404,,Surface,6,Image 1,1,3818,
0.118096,,Surface,6,Image 1,1,3820,
0.214556,,Surface,6,Image 1,1,3822,
0.0534217,,Surface,6,Image 1,1,3824,
0.515881,,Surface,6,Image 1,1,3827,
0.0862104,,Surface,6,Image 1,1,3828,
1.36875,,Surface,6,Image 1,1,3829,
0.534368,,Surface,6,Image 1,1,3831,
0.176457,,Surface,6,Image 1,1,3833,
0.286123,,Surface,6,Image 1,1,3834,
0.0975963,,Surface,6,Image 1,1,3835,
0.0829347,,Surface,6,Image 1,1,3838,
0.282076,,Surface,6,Image 1,1,3839,
0.324542,,Surface,6,Image 1,1,3842,
0.0967325,,Surface,6,Image 1,1,3843,
0.0810875,,Surface,6,Image 1,1,3844,
0.507158,,Surface,6,Image 1,1,3848,
0.163089,,Surface,6,Image 1,1,3849,
0.122977,,Surface,6,Image 1,1,3850,
0.225255,,Surface,6,Image 1,1,3853,
0.167561,,Surface,6,Image 1,1,3856,
0.0470356,,Surface,6,Image 1,1,3857,
0.0402582,,Surface,6,Image 1,1,3858,
0.209727,,Surface,6,Image 1,1,3860,
0.143105,,Surface,6,Image 1,1,3861,
0.239282,,Surface,6,Image 1,1,3863,
0.056537,,Surface,6,Image 1,1,3864,
0.0342127,,Surface,6,Image 1,1,3865,
0.0788279,,Surface,6,Image 1,1,3866,
0.412288,,Surface,6,Image 1,1,3867,
0.107897,,Surface,6,Image 1,1,3868,
0.0613745,,Surface,6,Image 1,1,3872,
0.205028,,Surface,6,Image 1,1,3873,
0.114345,,Surface,6,Image 1,1,3875,
0.291244,,Surface,6,Image 1,1,3876,
0.140731,,Surface,6,Image 1,1,3878,
0.391855,,Surface,6,Image 1,1,3881,
0.163596,,Surface,6,Image 1,1,3883,
0.185908,,Surface,6,Image 1,1,3886,
0.107396,,Surface,6,Image 1,1,3889,
0.00271894,,Surface,6,Image 1,1,3893,
0.308587,,Surface,6,Image 1,1,3894,
0.754773,,Surface,6,Image 1,1,3895,
0.0829532,,Surface,6,Image 1,1,3896,
0.454035,,Surface,6,Image 1,1,3897,
0.016233,,Surface,6,Image 1,1,3899,
0.590713,,Surface,6,Image 1,1,3900,
0.182865,,Surface,6,Image 1,1,3901,
0.547162,,Surface,6,Image 1,1,3904,
0.0787266,,Surface,6,Image 1,1,3905,
0.812869,,Surface,6,Image 1,1,3906,
0.0923637,,Surface,6,Image 1,1,3908,
0.0802569,,Surface,6,Image 1,1,3912,
0.485667,,Surface,6,Image 1,1,3914,
0.74939,,Surface,6,Image 1,1,3915,
0.184685,,Surface,6,Image 1,1,3916,
0.292285,,Surface,6,Image 1,1,3919,
0.153323,,Surface,6,Image 1,1,3920,
0.216803,,Surface,6,Image 1,1,3921,
0.253814,,Surface,6,Image 1,1,3922,
0.794943,,Surface,6,Image 1,1,3925,
1.74642,,Surface,6,Image 1,1,3927,
0.140723,,Surface,6,Image 1,1,3934,
0.543194,,Surface,6,Image 1,1,3935,
0.192733,,Surface,6,Image 1,1,3936,
0.000200406,,Surface,6,Image 1,1,3939,
0.292099,,Surface,6,Image 1,1,3940,
0.10911,,Surface,6,Image 1,1,3941,
0.25391,,Surface,6,Image 1,1,3946,
0.39429,,Surface,6,Image 1,1,3948,
0.204073,,Surface,6,Image 1,1,3949,
0.701938,,Surface,6,Image 1,1,3950,
0.332569,,Surface,6,Image 1,1,3952,
0.0596909,,Surface,6,Image 1,1,3954,
0.135828,,Surface,6,Image 1,1,3955,
0.055897,,Surface,6,Image 1,1,3956,
0.0599415,,Surface,6,Image 1,1,3957,
0.213391,,Surface,6,Image 1,1,3958,
0.018611,,Surface,6,Image 1,1,3959,
0.182286,,Surface,6,Image 1,1,3961,
0.0944689,,Surface,6,Image 1,1,3965,
0.0503358,,Surface,6,Image 1,1,3969,
0.14093,,Surface,6,Image 1,1,3971,
0.00789114,,Surface,6,Image 1,1,3972,
0.02248,,Surface,6,Image 1,1,3974,
0.0454112,,Surface,6,Image 1,1,3979,
0.363364,,Surface,6,Image 1,1,3980,
0.203266,,Surface,6,Image 1,1,3984,
0.068709,,Surface,6,Image 1,1,3985,
0.38549,,Surface,6,Image 1,1,3986,
0.0723953,,Surface,6,Image 1,1,3989,
0.290064,,Surface,6,Image 1,1,3990,
0.113652,,Surface,6,Image 1,1,3991,
0.184684,,Surface,6,Image 1,1,3994,
0.36431,,Surface,6,Image 1,1,3995,
1.36822,,Surface,6,Image 1,1,4001,
0.354416,,Surface,6,Image 1,1,4004,
0.0850691,,Surface,6,Image 1,1,4005,
0.0967404,,Surface,6,Image 1,1,4007,
0.478012,,Surface,6,Image 1,1,4009,
0.0107442,,Surface,6,Image 1,1,4011,
0.129494,,Surface,6,Image 1,1,4012,
0.6497,,Surface,6,Image 1,1,4014,
0.323382,,Surface,6,Image 1,1,4015,
0.0598449,,Surface,6,Image 1,1,4017,
0.656497,,Surface,6,Image 1,1,4019,
0.024897,,Surface,6,Image 1,1,4023,
0.489901,,Surface,6,Image 1,1,4024,
0.194,,Surface,6,Image 1,1,4025,
0.162995,,Surface,6,Image 1,1,4026,
0.477522,,Surface,6,Image 1,1,4028,
0.262266,,Surface,6,Image 1,1,4030,
0.0600187,,Surface,6,Image 1,1,4032,
0.0764793,,Surface,6,Image 1,1,4034,
0.162673,,Surface,6,Image 1,1,4035,
0.171153,,Surface,6,Image 1,1,4037,
0.265306,,Surface,6,Image 1,1,4039,
0.143759,,Surface,6,Image 1,1,4040,
0.156406,,Surface,6,Image 1,1,4043,
0.0828894,,Surface,6,Image 1,1,4049,
0.0859907,,Surface,6,Image 1,1,4050,
0.0780865,,Surface,6,Image 1,1,4054,
0.0510497,,Surface,6,Image 1,1,4055,
0.0266204,,Surface,6,Image 1,1,4056,
0.0480361,,Surface,6,Image 1,1,4058,
0.130056,,Surface,6,Image 1,1,4059,
0.400668,,Surface,6,Image 1,1,4060,
0.181492,,Surface,6,Image 1,1,4061,
1.12817,,Surface,6,Image 1,1,4064,
0.1934,,Surface,6,Image 1,1,4066,
0.148675,,Surface,6,Image 1,1,4067,
0.274755,,Surface,6,Image 1,1,4070,
0.248495,,Surface,6,Image 1,1,4071,
0.138585,,Surface,6,Image 1,1,4072,
0.0799639,,Surface,6,Image 1,1,4073,
0.316076,,Surface,6,Image 1,1,4075,
0.85863,,Surface,6,Image 1,1,4078,
0.0690538,,Surface,6,Image 1,1,4079,
0.435907,,Surface,6,Image 1,1,4081,
0.578836,,Surface,6,Image 1,1,4085,
0.0797465,,Surface,6,Image 1,1,4086,
0.16277,,Surface,6,Image 1,1,4093,
0.179461,,Surface,6,Image 1,1,4097,
0.395896,,Surface,6,Image 1,1,4098,
0.343512,,Surface,6,Image 1,1,4101,
0.124691,,Surface,6,Image 1,1,4102,
0.325622,,Surface,6,Image 1,1,4104,
0.0470197,,Surface,6,Image 1,1,4105,
0.136514,,Surface,6,Image 1,1,4106,
0.00669414,,Surface,6,Image 1,1,4107,
0.123985,,Surface,6,Image 1,1,4108,
0.432118,,Surface,6,Image 1,1,4109,
0.121744,,Surface,6,Image 1,1,4110,
0.572175,,Surface,6,Image 1,1,4111,
0.226424,,Surface,6,Image 1,1,4113,
0.0605422,,Surface,6,Image 1,1,4115,
0.155794,,Surface,6,Image 1,1,4119,
0.108458,,Surface,6,Image 1,1,4125,
0.0901006,,Surface,6,Image 1,1,4126,
0.0100025,,Surface,6,Image 1,1,4127,
0.0991164,,Surface,6,Image 1,1,4128,
0.13328,,Surface,6,Image 1,1,4130,
0.162591,,Surface,6,Image 1,1,4132,
0.113643,,Surface,6,Image 1,1,4133,
0.176231,,Surface,6,Image 1,1,4137,
0.056261,,Surface,6,Image 1,1,4138,
0.0393641,,Surface,6,Image 1,1,4141,
0.0912318,,Surface,6,Image 1,1,4142,
0.178153,,Surface,6,Image 1,1,4143,
0.207139,,Surface,6,Image 1,1,4145,
0.10791,,Surface,6,Image 1,1,4146,
0.316825,,Surface,6,Image 1,1,4147,
0.166693,,Surface,6,Image 1,1,4148,
0.277144,,Surface,6,Image 1,1,4149,
0.199385,,Surface,6,Image 1,1,4152,
0.0156362,,Surface,6,Image 1,1,4153,
0.0386198,,Surface,6,Image 1,1,4156,
0.197343,,Surface,6,Image 1,1,4158,
0.101176,,Surface,6,Image 1,1,4161,
0.0631274,,Surface,6,Image 1,1,4162,
0.507801,,Surface,6,Image 1,1,4163,
0.0317612,,Surface,6,Image 1,1,4167,
0.0621981,,Surface,6,Image 1,1,4168,
0.118512,,Surface,6,Image 1,1,4171,
0.323192,,Surface,6,Image 1,1,4172,
0.288493,,Surface,6,Image 1,1,4174,
0.866572,,Surface,6,Image 1,1,4178,
0.0752373,,Surface,6,Image 1,1,4181,
0.26892,,Surface,6,Image 1,1,4182,
0.239,,Surface,6,Image 1,1,4183,
0.336602,,Surface,6,Image 1,1,4184,
0.0559657,,Surface,6,Image 1,1,4186,
0.187556,,Surface,6,Image 1,1,4187,
0.0908073,,Surface,6,Image 1,1,4191,
0.0968823,,Surface,6,Image 1,1,4192,
0.0829055,,Surface,6,Image 1,1,4194,
0.26901,,Surface,6,Image 1,1,4195,
0.199318,,Surface,6,Image 1,1,4197,
0.167897,,Surface,6,Image 1,1,4200,
0.471272,,Surface,6,Image 1,1,4202,
0.0114659,,Surface,6,Image 1,1,4203,
0.0349419,,Surface,6,Image 1,1,4208,
1.14277,,Surface,6,Image 1,1,4211,
0.0758223,,Surface,6,Image 1,1,4212,
0.193833,,Surface,6,Image 1,1,4214,
0.266908,,Surface,6,Image 1,1,4216,
0.131149,,Surface,6,Image 1,1,4218,
0.114561,,Surface,6,Image 1,1,4223,
0.148772,,Surface,6,Image 1,1,4224,
0.394691,,Surface,6,Image 1,1,4225,
0.374528,,Surface,6,Image 1,1,4226,
0.0834643,,Surface,6,Image 1,1,4228,
0.103183,,Surface,6,Image 1,1,4229,
0.148821,,Surface,6,Image 1,1,4230,
0.247965,,Surface,6,Image 1,1,4233,
0.0462751,,Surface,6,Image 1,1,4236,
0.275143,,Surface,6,Image 1,1,4239,
0.239795,,Surface,6,Image 1,1,4242,
0.360162,,Surface,6,Image 1,1,4243,
0.13148,,Surface,6,Image 1,1,4245,
0.125592,,Surface,6,Image 1,1,4247,
0.333568,,Surface,6,Image 1,1,4248,
0.125272,,Surface,6,Image 1,1,4250,
0.404322,,Surface,6,Image 1,1,4252,
0.155622,,Surface,6,Image 1,1,4253,
0.122175,,Surface,6,Image 1,1,4256,
0.174544,,Surface,6,Image 1,1,4257,
0.228162,,Surface,6,Image 1,1,4259,
0.146204,,Surface,6,Image 1,1,4260,
0.573272,,Surface,6,Image 1,1,4261,
0.250183,,Surface,6,Image 1,1,4263,
0.897481,,Surface,6,Image 1,1,4265,
0.0977324,,Surface,6,Image 1,1,4266,
0.194281,,Surface,6,Image 1,1,4267,
0.132953,,Surface,6,Image 1,1,4268,
0.126473,,Surface,6,Image 1,1,4269,
0.184904,,Surface,6,Image 1,1,4271,
0.158206,,Surface,6,Image 1,1,4275,
0.0334525,,Surface,6,Image 1,1,4276,
0.577524,,Surface,6,Image 1,1,4277,
0.0170159,,Surface,6,Image 1,1,4278,
0.0726475,,Surface,6,Image 1,1,4279,
0.262196,,Surface,6,Image 1,1,4282,
0.636575,,Surface,6,Image 1,1,4283,
0.110633,,Surface,6,Image 1,1,4285,
0.094957,,Surface,6,Image 1,1,4290,
0.10738,,Surface,6,Image 1,1,4291,
0.097401,,Surface,6,Image 1,1,4298,
0.236535,,Surface,6,Image 1,1,4301,
0.210871,,Surface,6,Image 1,1,4304,
0.191368,,Surface,6,Image 1,1,4307,
0.375992,,Surface,6,Image 1,1,4308,
0.350467,,Surface,6,Image 1,1,4309,
0.00498384,,Surface,6,Image 1,1,4311,
0.12233,,Surface,6,Image 1,1,4312,
0.149352,,Surface,6,Image 1,1,4314,
0.539403,,Surface,6,Image 1,1,4315,
0.305233,,Surface,6,Image 1,1,4316,
0.053994,,Surface,6,Image 1,1,4317,
0.301305,,Surface,6,Image 1,1,4318,
0.810499,,Surface,6,Image 1,1,4319,
0.507537,,Surface,6,Image 1,1,4321,
0.0928335,,Surface,6,Image 1,1,4325,
0.353666,,Surface,6,Image 1,1,4326,
0.232801,,Surface,6,Image 1,1,4327,
0.235737,,Surface,6,Image 1,1,4329,
0.117754,,Surface,6,Image 1,1,4330,
0.821638,,Surface,6,Image 1,1,4332,
0.0713912,,Surface,6,Image 1,1,4333,
0.147389,,Surface,6,Image 1,1,4336,
1.17361,,Surface,6,Image 1,1,4337,
5.97606,,Surface,6,Image 1,1,4338,
0.200975,,Surface,6,Image 1,1,4342,
0.250355,,Surface,6,Image 1,1,4343,
0.109804,,Surface,6,Image 1,1,4349,
0.237465,,Surface,6,Image 1,1,4350,
0.309441,,Surface,6,Image 1,1,4351,
0.521731,,Surface,6,Image 1,1,4354,
1.02416,,Surface,6,Image 1,1,4356,
0.908048,,Surface,6,Image 1,1,4357,
0.114965,,Surface,6,Image 1,1,4363,
0.035991,,Surface,6,Image 1,1,4368,
0.360893,,Surface,6,Image 1,1,4369,
0.258637,,Surface,6,Image 1,1,4371,
0.120508,,Surface,6,Image 1,1,4374,
0.246283,,Surface,6,Image 1,1,4375,
0.217842,,Surface,6,Image 1,1,4376,
0.296887,,Surface,6,Image 1,1,4378,
0.295069,,Surface,6,Image 1,1,4380,
0.578166,,Surface,6,Image 1,1,4381,
0.846958,,Surface,6,Image 1,1,4382,
0.479244,,Surface,6,Image 1,1,4383,
0.00527277,,Surface,6,Image 1,1,4387,
0.130507,,Surface,6,Image 1,1,4389,
0.106755,,Surface,6,Image 1,1,4390,
0.591644,,Surface,6,Image 1,1,4393,
1.05401,,Surface,6,Image 1,1,4396,
0.755139,,Surface,6,Image 1,1,4397,
0.340628,,Surface,6,Image 1,1,4398,
0.329253,,Surface,6,Image 1,1,4399,
0.166586,,Surface,6,Image 1,1,4400,
0.104818,,Surface,6,Image 1,1,4401,
0.117941,,Surface,6,Image 1,1,4411,
0.237374,,Surface,6,Image 1,1,4412,
1.36777,,Surface,6,Image 1,1,4413,
0.0749575,,Surface,6,Image 1,1,4414,
0.759774,,Surface,6,Image 1,1,4415,
0.0774734,,Surface,6,Image 1,1,4416,
0.277104,,Surface,6,Image 1,1,4418,
0.634829,,Surface,6,Image 1,1,4419,
0.21129,,Surface,6,Image 1,1,4420,
0.40926,,Surface,6,Image 1,1,4421,
0.265415,,Surface,6,Image 1,1,4429,
0.0393813,,Surface,6,Image 1,1,4431,
0.102439,,Surface,6,Image 1,1,4433,
0.115573,,Surface,6,Image 1,1,4435,
0.0843475,,Surface,6,Image 1,1,4440,
0.991726,,Surface,6,Image 1,1,4442,
0.0807454,,Surface,6,Image 1,1,4443,
0.0903652,,Surface,6,Image 1,1,4445,
0.203325,,Surface,6,Image 1,1,4448,
0.111848,,Surface,6,Image 1,1,4449,
0.324907,,Surface,6,Image 1,1,4451,
0.411159,,Surface,6,Image 1,1,4452,
0.375436,,Surface,6,Image 1,1,4453,
0.129814,,Surface,6,Image 1,1,4454,
0.0657369,,Surface,6,Image 1,1,4456,
0.0202563,,Surface,6,Image 1,1,4457,
0.154253,,Surface,6,Image 1,1,4458,
0.0400441,,Surface,6,Image 1,1,4459,
3.15714,,Surface,6,Image 1,1,4462,
0.0852886,,Surface,6,Image 1,1,4467,
4.74629,,Surface,6,Image 1,1,4470,
0.368332,,Surface,6,Image 1,1,4471,
0.304924,,Surface,6,Image 1,1,4472,
3.5536,,Surface,6,Image 1,1,4473,
0.0181035,,Surface,6,Image 1,1,4474,
1.31544,,Surface,6,Image 1,1,4475,
0.218493,,Surface,6,Image 1,1,4478,
0.184801,,Surface,6,Image 1,1,4479,
0.0432677,,Surface,6,Image 1,1,4480,
0.365801,,Surface,6,Image 1,1,4482,
0.604028,,Surface,6,Image 1,1,4483,
0.882869,,Surface,6,Image 1,1,4485,
0.0779518,,Surface,6,Image 1,1,4487,
0.0501917,,Surface,6,Image 1,1,4491,
0.297667,,Surface,6,Image 1,1,4492,
0.890902,,Surface,6,Image 1,1,4493,
0.281414,,Surface,6,Image 1,1,4495,
0.269026,,Surface,6,Image 1,1,4496,
0.990933,,Surface,6,Image 1,1,4497,
0.191979,,Surface,6,Image 1,1,4498,
1.2238,,Surface,6,Image 1,1,4499,
0.194172,,Surface,6,Image 1,1,4502,
0.0753801,,Surface,6,Image 1,1,4503,
0.210116,,Surface,6,Image 1,1,4506,
0.639085,,Surface,6,Image 1,1,4507,
0.998827,,Surface,6,Image 1,1,4508,
1.12651,,Surface,6,Image 1,1,4509,
1.7584,,Surface,6,Image 1,1,4512,
1.0483,,Surface,6,Image 1,1,4514,
0.043178,,Surface,6,Image 1,1,4521,
1.05474,,Surface,6,Image 1,1,4523,
0.198907,,Surface,6,Image 1,1,4525,
4.53284,,Surface,6,Image 1,1,4530,
0.74229,,Surface,6,Image 1,1,4533,
0.160236,,Surface,6,Image 1,1,4534,
3.8754,,Surface,6,Image 1,1,4535,
0.306299,,Surface,6,Image 1,1,4538,
2.65562,,Surface,6,Image 1,1,4540,
0.416578,,Surface,6,Image 1,1,4541,
0.171276,,Surface,6,Image 1,1,4543,
2.60123,,Surface,6,Image 1,1,4548,
1.15002,,Surface,6,Image 1,1,4549,
4.27438,,Surface,6,Image 1,1,4551,
0.177551,,Surface,6,Image 1,1,4552,
0.0775198,,Surface,6,Image 1,1,4556,
0.0324743,,Surface,6,Image 1,1,4557,
3.38558,,Surface,6,Image 1,1,4558,
2.69571,,Surface,6,Image 1,1,4560,
0.493949,,Surface,6,Image 1,1,4562,
0.344772,,Surface,6,Image 1,1,4563,
1.20566,,Surface,6,Image 1,1,4564,
0.0441817,,Surface,6,Image 1,1,4565,
0.0832265,,Surface,6,Image 1,1,4567,
0.0585151,,Surface,6,Image 1,1,4570,
0.22143,,Surface,6,Image 1,1,4572,
2.24903,,Surface,6,Image 1,1,4575,
0.700997,,Surface,6,Image 1,1,4578,
0.184248,,Surface,6,Image 1,1,4580,
0.0456818,,Surface,6,Image 1,1,4582,
0.332667,,Surface,6,Image 1,1,4587,
1.86997,,Surface,6,Image 1,1,4588,
0.658713,,Surface,6,Image 1,1,4589,
0.255686,,Surface,6,Image 1,1,4591,
1.85522,,Surface,6,Image 1,1,4593,
0.0811165,,Surface,6,Image 1,1,4594,
0.583571,,Surface,6,Image 1,1,4595,
2.24331,,Surface,6,Image 1,1,4597,
0.254192,,Surface,6,Image 1,1,4599,
1.93239,,Surface,6,Image 1,1,4603,
5.88184,,Surface,6,Image 1,1,4604,
2.88336,,Surface,6,Image 1,1,4605,
4.38697,,Surface,6,Image 1,1,4607,
1.34555,,Surface,6,Image 1,1,4608,
0.781378,,Surface,6,Image 1,1,4610,
10.5393,,Surface,6,Image 1,1,4611,
2.54401,,Surface,6,Image 1,1,4612,
2.67536,,Surface,6,Image 1,1,4613,
2.50696,,Surface,6,Image 1,1,4614,
4.35254,,Surface,6,Image 1,1,4615,
0.743855,,Surface,6,Image 1,1,4619,
3.90874,,Surface,6,Image 1,1,4620,
0.803969,,Surface,6,Image 1,1,4622,
0.125338,,Surface,6,Image 1,1,4623,
6.69969,,Surface,6,Image 1,1,4625,
0.00984209,,Surface,6,Image 1,1,4626,
0.462679,,Surface,6,Image 1,1,4630,
1.4672,,Surface,6,Image 1,1,4632,
0.84484,,Surface,6,Image 1,1,4633,
1.60763,,Surface,6,Image 1,1,4637,
0.274114,,Surface,6,Image 1,1,4638,
0.208442,,Surface,6,Image 1,1,4640,
0.0995226,,Surface,6,Image 1,1,4642,
5.10823,,Surface,6,Image 1,1,4643,
3.79593,,Surface,6,Image 1,1,4645,
0.259519,,Surface,6,Image 1,1,4646,
0.916291,,Surface,6,Image 1,1,4647,
5.28609,,Surface,6,Image 1,1,4652,
2.15624,,Surface,6,Image 1,1,4655,
3.97085,,Surface,6,Image 1,1,4659,
0.448076,,Surface,6,Image 1,1,4661,
0.148279,,Surface,6,Image 1,1,4662,
0.336981,,Surface,6,Image 1,1,4665,
7.63572,,Surface,6,Image 1,1,4667,
4.61761,,Surface,6,Image 1,1,4669,
4.98234,,Surface,6,Image 1,1,4670,
0.685617,,Surface,6,Image 1,1,4672,
4.42875,,Surface,6,Image 1,1,4676,
3.19043,,Surface,6,Image 1,1,4678,
2.44764,,Surface,6,Image 1,1,4680,
0.0805233,,Surface,6,Image 1,1,4681,
0.682662,,Surface,6,Image 1,1,4682,
0.880733,,Surface,6,Image 1,1,4684,
0.218824,,Surface,6,Image 1,1,4688,
0.30166,,Surface,6,Image 1,1,4689,
4.91685,,Surface,6,Image 1,1,4690,
0.948538,,Surface,6,Image 1,1,4691,
3.73074,,Surface,6,Image 1,1,4694,
0.238114,,Surface,6,Image 1,1,4696,
0.217202,,Surface,6,Image 1,1,4697,
2.66353,,Surface,6,Image 1,1,4698,
0.896492,,Surface,6,Image 1,1,4705,
0.325876,,Surface,6,Image 1,1,4706,
4.55578,,Surface,6,Image 1,1,4707,
0.193926,,Surface,6,Image 1,1,4711,
5.31962,,Surface,6,Image 1,1,4712,
3.54834,,Surface,6,Image 1,1,4713,
0.0582122,,Surface,6,Image 1,1,4714,
1.4552,,Surface,6,Image 1,1,4715,
1.23956,,Surface,6,Image 1,1,4716,
0.653222,,Surface,6,Image 1,1,4717,
3.23781,,Surface,6,Image 1,1,4719,
4.08618,,Surface,6,Image 1,1,4721,
5.05934,,Surface,6,Image 1,1,4722,
4.49387,,Surface,6,Image 1,1,4725,
2.20509,,Surface,6,Image 1,1,4727,
2.25018,,Surface,6,Image 1,1,4728,
0.492051,,Surface,6,Image 1,1,4730,
3.14124,,Surface,6,Image 1,1,4731,
6.0366,,Surface,6,Image 1,1,4732,
0.916669,,Surface,6,Image 1,1,4734,
0.629593,,Surface,6,Image 1,1,4737,
3.64572,,Surface,6,Image 1,1,4742,
2.16527,,Surface,6,Image 1,1,4743,
4.58004,,Surface,6,Image 1,1,4744,
0.411389,,Surface,6,Image 1,1,4745,
5.97219,,Surface,6,Image 1,1,4750,
0.214776,,Surface,6,Image 1,1,4753,
3.60389,,Surface,6,Image 1,1,4754,
0.084284,,Surface,6,Image 1,1,4755,
0.000154584,,Surface,6,Image 1,1,4756,
0.867685,,Surface,6,Image 1,1,4758,
1.20055,,Surface,6,Image 1,1,4760,
1.35777,,Surface,6,Image 1,1,4761,
2.52587,,Surface,6,Image 1,1,4762,
0.500428,,Surface,6,Image 1,1,4765,
5.44468,,Surface,6,Image 1,1,4766,
0.286779,,Surface,6,Image 1,1,4769,
2.30464,,Surface,6,Image 1,1,4770,
5.36986,,Surface,6,Image 1,1,4771,
1.69771,,Surface,6,Image 1,1,4773,
0.544565,,Surface,6,Image 1,1,4776,
4.58999,,Surface,6,Image 1,1,4779,
0.500397,,Surface,6,Image 1,1,4783,
0.76003,,Surface,6,Image 1,1,4785,
0.743974,,Surface,6,Image 1,1,4787,
7.27998,,Surface,6,Image 1,1,4789,
0.289781,,Surface,6,Image 1,1,4791,
3.56697,,Surface,6,Image 1,1,4797,
0.1774,,Surface,6,Image 1,1,4798,
0.195126,,Surface,6,Image 1,1,4808,
0.91537,,Surface,6,Image 1,1,4809,
4.02867,,Surface,6,Image 1,1,4810,
0.233802,,Surface,6,Image 1,1,4812,
3.71317,,Surface,6,Image 1,1,4813,
2.73674,,Surface,6,Image 1,1,4814,
0.208056,,Surface,6,Image 1,1,4816,
0.843908,,Surface,6,Image 1,1,4817,
2.66836,,Surface,6,Image 1,1,4818,
2.02829,,Surface,6,Image 1,1,4820,
4.9821,,Surface,6,Image 1,1,4822,
3.39175,,Surface,6,Image 1,1,4823,
0.550013,,Surface,6,Image 1,1,4824,
5.11888,,Surface,6,Image 1,1,4825,
3.23684,,Surface,6,Image 1,1,4826,
0.240875,,Surface,6,Image 1,1,4827,
0.829545,,Surface,6,Image 1,1,4835,
4.88022,,Surface,6,Image 1,1,4836,
0.148381,,Surface,6,Image 1,1,4837,
3.12305,,Surface,6,Image 1,1,4838,
2.23289,,Surface,6,Image 1,1,4840,
2.26161,,Surface,6,Image 1,1,4844,
0.204332,,Surface,6,Image 1,1,4847,
2.68175,,Surface,6,Image 1,1,4850,
0.124776,,Surface,6,Image 1,1,4852,
4.37354,,Surface,6,Image 1,1,4853,
4.67234,,Surface,6,Image 1,1,4855,
4.29967,,Surface,6,Image 1,1,4856,
3.50136,,Surface,6,Image 1,1,4857,
2.15284,,Surface,6,Image 1,1,4858,
0.519521,,Surface,6,Image 1,1,4860,
1.01183,,Surface,6,Image 1,1,4864,
1.05373,,Surface,6,Image 1,1,4866,
2.9713,,Surface,6,Image 1,1,4868,
0.506403,,Surface,6,Image 1,1,4869,
4.24396,,Surface,6,Image 1,1,4871,
3.63051,,Surface,6,Image 1,1,4873,
0.830726,,Surface,6,Image 1,1,4874,
1.97818,,Surface,6,Image 1,1,4876,
2.00265,,Surface,6,Image 1,1,4878,
2.74533,,Surface,6,Image 1,1,4879,
1.26616,,Surface,6,Image 1,1,4880,
0.207008,,Surface,6,Image 1,1,4883,
3.97628,,Surface,6,Image 1,1,4885,
1.15377,,Surface,6,Image 1,1,4888,
1.54294,,Surface,6,Image 1,1,4889,
17.0993,,Surface,6,Image 1,1,4896,
1.72646,,Surface,6,Image 1,1,4899,
3.2826,,Surface,6,Image 1,1,4903,
0.678099,,Surface,6,Image 1,1,4904,
1.70157,,Surface,6,Image 1,1,4905,
3.43186,,Surface,6,Image 1,1,4906,
3.59627,,Surface,6,Image 1,1,4908,
1.88417,,Surface,6,Image 1,1,4911,
1.49971,,Surface,6,Image 1,1,4913,
1.08037,,Surface,6,Image 1,1,4916,
2.31951,,Surface,6,Image 1,1,4917,
0.900087,,Surface,6,Image 1,1,4920,
2.99709,,Surface,6,Image 1,1,4921,
5.76457,,Surface,6,Image 1,1,4924,
1.10051,,Surface,6,Image 1,1,4926,
2.87412,,Surface,6,Image 1,1,4928,
4.43134,,Surface,6,Image 1,1,4930,
1.31439,,Surface,6,Image 1,1,4934,
1.52459,,Surface,6,Image 1,1,4935,
2.18726,,Surface,6,Image 1,1,4937,
1.18214,,Surface,6,Image 1,1,4938,
4.07517,,Surface,6,Image 1,1,4939,
0.893601,,Surface,6,Image 1,1,4943,
1.71743,,Surface,6,Image 1,1,4944,
4.0393,,Surface,6,Image 1,1,4947,
4.34232,,Surface,6,Image 1,1,4948,
4.09358,,Surface,6,Image 1,1,4949,
2.42387,,Surface,6,Image 1,1,4950,
5.17579,,Surface,6,Image 1,1,4954,
0.680572,,Surface,6,Image 1,1,4955,
0.825825,,Surface,6,Image 1,1,4956,
0.496107,,Surface,6,Image 1,1,4958,
2.91016,,Surface,6,Image 1,1,4959,
0.194958,,Surface,6,Image 1,1,4960,
2.61715,,Surface,6,Image 1,1,4961,
2.1057,,Surface,6,Image 1,1,4962,
1.56436,,Surface,6,Image 1,1,4964,
1.29031,,Surface,6,Image 1,1,4966,
4.09238,,Surface,6,Image 1,1,4967,
2.3397,,Surface,6,Image 1,1,4971,
0.018144,,Surface,6,Image 1,1,4973,
13.3709,,Surface,6,Image 1,1,4974,
2.79937,,Surface,6,Image 1,1,4976,
15.1009,,Surface,6,Image 1,1,4982,
0.631684,,Surface,6,Image 1,1,4985,
9.75314,,Surface,6,Image 1,1,4990,
4.79694,,Surface,6,Image 1,1,4992,
1.48998,,Surface,6,Image 1,1,4993,
2.76626,,Surface,6,Image 1,1,4995,
2.25319,,Surface,6,Image 1,1,4998,
3.85957,,Surface,6,Image 1,1,4999,
2.92564,,Surface,6,Image 1,1,5000,
1.73983,,Surface,6,Image 1,1,5002,
1.30371,,Surface,6,Image 1,1,5003,
5.56136,,Surface,6,Image 1,1,5005,
7.18655,,Surface,6,Image 1,1,5007,
1.90722,,Surface,6,Image 1,1,5008,
2.85754,,Surface,6,Image 1,1,5009,
3.68338,,Surface,6,Image 1,1,5010,
1.24506,,Surface,6,Image 1,1,5011,
2.31694,,Surface,6,Image 1,1,5013,
2.95907,,Surface,6,Image 1,1,5016,
1.45521,,Surface,6,Image 1,1,5018,
5.11731,,Surface,6,Image 1,1,5019,
7.80825,,Surface,6,Image 1,1,5020,
2.97377,,Surface,6,Image 1,1,5022,
3.69785,,Surface,6,Image 1,1,5027,
5.0894,,Surface,6,Image 1,1,5030,
1.07696,,Surface,6,Image 1,1,5032,
1.16087,,Surface,6,Image 1,1,5033,
0.895858,,Surface,6,Image 1,1,5035,
1.13392,,Surface,6,Image 1,1,5037,
4.86029,,Surface,6,Image 1,1,5038,
0.427753,,Surface,6,Image 1,1,5040,
4.32077,,Surface,6,Image 1,1,5041,
0.90607,,Surface,6,Image 1,1,5046,
0.326899,,Surface,6,Image 1,1,5047,
0.803551,,Surface,6,Image 1,1,5049,
6.39629,,Surface,6,Image 1,1,5050,
1.31561,,Surface,6,Image 1,1,5053,
0.66245,,Surface,6,Image 1,1,5054,
2.08723,,Surface,6,Image 1,1,5055,
3.76218,,Surface,6,Image 1,1,5057,
1.01134,,Surface,6,Image 1,1,5058,
1.03303,,Surface,6,Image 1,1,5061,
0.719902,,Surface,6,Image 1,1,5064,
6.4266,,Surface,6,Image 1,1,5067,
2.03964,,Surface,6,Image 1,1,5068,
4.0821,,Surface,6,Image 1,1,5069,
4.52814,,Surface,6,Image 1,1,5070,
5.28365,,Surface,6,Image 1,1,5072,
2.88257,,Surface,6,Image 1,1,5081,
3.80615,,Surface,6,Image 1,1,5082,
3.03466,,Surface,6,Image 1,1,5086,
3.51074,,Surface,6,Image 1,1,5088,
6.31321,,Surface,6,Image 1,1,5089,
0.48644,,Surface,6,Image 1,1,5090,
0.651017,,Surface,6,Image 1,1,5091,
1.75988,,Surface,6,Image 1,1,5092,
2.63752,,Surface,6,Image 1,1,5093,
0.472656,,Surface,6,Image 1,1,5094,
1.60769,,Surface,6,Image 1,1,5095,
7.11245,,Surface,6,Image 1,1,5096,
1.29009,,Surface,6,Image 1,1,5098,
3.24216,,Surface,6,Image 1,1,5100,
3.04713,,Surface,6,Image 1,1,5101,
4.47448,,Surface,6,Image 1,1,5108,
1.43419,,Surface,6,Image 1,1,5109,
4.25263,,Surface,6,Image 1,1,5110,
8.85898,,Surface,6,Image 1,1,5111,
0.647289,,Surface,6,Image 1,1,5116,
6.27596,,Surface,6,Image 1,1,5122,
4.2773,,Surface,6,Image 1,1,5123,
1.87332,,Surface,6,Image 1,1,5124,
2.14239,,Surface,6,Image 1,1,5125,
1.24652,,Surface,6,Image 1,1,5126,
6.25894,,Surface,6,Image 1,1,5128,
6.5777,,Surface,6,Image 1,1,5129,
0.914984,,Surface,6,Image 1,1,5130,
2.56275,,Surface,6,Image 1,1,5131,
0.526529,,Surface,6,Image 1,1,5133,
4.60378,,Surface,6,Image 1,1,5135,
4.59175,,Surface,6,Image 1,1,5137,
0.172928,,Surface,6,Image 1,1,5140,
3.22642,,Surface,6,Image 1,1,5141,
1.22376,,Surface,6,Image 1,1,5147,
8.01872,,Surface,6,Image 1,1,5148,
0.911669,,Surface,6,Image 1,1,5150,
0.599119,,Surface,6,Image 1,1,5151,
9.23027,,Surface,6,Image 1,1,5154,
1.96152,,Surface,6,Image 1,1,5155,
1.8755,,Surface,6,Image 1,1,5157,
0.33661,,Surface,6,Image 1,1,5158,
7.02056,,Surface,6,Image 1,1,5159,
1.81406,,Surface,6,Image 1,1,5162,
2.67451,,Surface,6,Image 1,1,5163,
0.447576,,Surface,6,Image 1,1,5167,
2.61281,,Surface,6,Image 1,1,5168,
0.426291,,Surface,6,Image 1,1,5169,
4.84869,,Surface,6,Image 1,1,5170,
4.31608,,Surface,6,Image 1,1,5173,
2.97259,,Surface,6,Image 1,1,5174,
2.37347,,Surface,6,Image 1,1,5175,
3.67324,,Surface,6,Image 1,1,5179,
1.64463,,Surface,6,Image 1,1,5180,
9.55541,,Surface,6,Image 1,1,5181,
1.24163,,Surface,6,Image 1,1,5182,
3.06039,,Surface,6,Image 1,1,5183,
3.90462,,Surface,6,Image 1,1,5188,
0.778317,,Surface,6,Image 1,1,5189,
3.44293,,Surface,6,Image 1,1,5190,
0.658353,,Surface,6,Image 1,1,5191,
2.25683,,Surface,6,Image 1,1,5192,
1.17512,,Surface,6,Image 1,1,5198,
1.65873,,Surface,6,Image 1,1,5200,
0.950129,,Surface,6,Image 1,1,5205,
4.7075,,Surface,6,Image 1,1,5207,
1.17387,,Surface,6,Image 1,1,5208,
1.03251,,Surface,6,Image 1,1,5209,
0.672855,,Surface,6,Image 1,1,5210,
1.8083,,Surface,6,Image 1,1,5211,
0.0264329,,Surface,6,Image 1,1,5212,
3.061,,Surface,6,Image 1,1,5213,
0.601249,,Surface,6,Image 1,1,5214,
6.82353,,Surface,6,Image 1,1,5216,
0.372869,,Surface,6,Image 1,1,5218,
0.331616,,Surface,6,Image 1,1,5220,
4.21109,,Surface,6,Image 1,1,5222,
4.44312,,Surface,6,Image 1,1,5223,
2.34943,,Surface,6,Image 1,1,5224,
4.61634,,Surface,6,Image 1,1,5228,
2.16529,,Surface,6,Image 1,1,5230,
0.404317,,Surface,6,Image 1,1,5231,
5.37765,,Surface,6,Image 1,1,5232,
0.339115,,Surface,6,Image 1,1,5236,
0.367356,,Surface,6,Image 1,1,5237,
4.92418,,Surface,6,Image 1,1,5239,
2.25654,,Surface,6,Image 1,1,5243,
0.943167,,Surface,6,Image 1,1,5245,
2.76678,,Surface,6,Image 1,1,5246,
1.10171,,Surface,6,Image 1,1,5247,
10.1488,,Surface,6,Image 1,1,5248,
4.95321,,Surface,6,Image 1,1,5249,
0.640567,,Surface,6,Image 1,1,5250,
1.22081,,Surface,6,Image 1,1,5251,
2.03261,,Surface,6,Image 1,1,5252,
3.44753,,Surface,6,Image 1,1,5254,
2.29175,,Surface,6,Image 1,1,5255,
1.169,,Surface,6,Image 1,1,5260,
4.32004,,Surface,6,Image 1,1,5262,
1.0225,,Surface,6,Image 1,1,5266,
0.509051,,Surface,6,Image 1,1,5267,
4.12142,,Surface,6,Image 1,1,5269,
3.39641,,Surface,6,Image 1,1,5270,
4.26491,,Surface,6,Image 1,1,5271,
9.51134,,Surface,6,Image 1,1,5273,
0.596106,,Surface,6,Image 1,1,5274,
0.0483334,,Surface,6,Image 1,1,5276,
5.70509,,Surface,6,Image 1,1,5277,
2.96243,,Surface,6,Image 1,1,5278,
0.267012,,Surface,6,Image 1,1,5280,
2.08663,,Surface,6,Image 1,1,5283,
6.31483,,Surface,6,Image 1,1,5285,
6.08316,,Surface,6,Image 1,1,5286,
0.615196,,Surface,6,Image 1,1,5287,
0.875162,,Surface,6,Image 1,1,5292,
0.276659,,Surface,6,Image 1,1,5293,
5.49955,,Surface,6,Image 1,1,5296,
1.29653,,Surface,6,Image 1,1,5298,
1.46896,,Surface,6,Image 1,1,5299,
3.02531,,Surface,6,Image 1,1,5301,
0.711133,,Surface,6,Image 1,1,5302,
6.98559,,Surface,6,Image 1,1,5304,
0.380214,,Surface,6,Image 1,1,5305,
0.340091,,Surface,6,Image 1,1,5306,
2.12428,,Surface,6,Image 1,1,5307,
2.21083,,Surface,6,Image 1,1,5308,
1.8515,,Surface,6,Image 1,1,5309,
0.99774,,Surface,6,Image 1,1,5310,
0.393774,,Surface,6,Image 1,1,5311,
2.38774,,Surface,6,Image 1,1,5313,
5.2381,,Surface,6,Image 1,1,5314,
5.22424,,Surface,6,Image 1,1,5317,
3.39875,,Surface,6,Image 1,1,5319,
6.35136,,Surface,6,Image 1,1,5321,
6.16876,,Surface,6,Image 1,1,5322,
3.68544,,Surface,6,Image 1,1,5324,
2.63631,,Surface,6,Image 1,1,5327,
9.07622,,Surface,6,Image 1,1,5328,
1.25229,,Surface,6,Image 1,1,5329,
2.19236,,Surface,6,Image 1,1,5331,
0.394979,,Surface,6,Image 1,1,5332,
1.53257,,Surface,6,Image 1,1,5333,
2.4815,,Surface,6,Image 1,1,5334,
0.488066,,Surface,6,Image 1,1,5335,
1.825,,Surface,6,Image 1,1,5336,
3.78307,,Surface,6,Image 1,1,5337,
5.16749,,Surface,6,Image 1,1,5338,
1.94785,,Surface,6,Image 1,1,5340,
1.24462,,Surface,6,Image 1,1,5341,
0.453126,,Surface,6,Image 1,1,5343,
0.554208,,Surface,6,Image 1,1,5344,
0.459869,,Surface,6,Image 1,1,5345,
4.86524,,Surface,6,Image 1,1,5346,
4.43275,,Surface,6,Image 1,1,5347,
2.97944,,Surface,6,Image 1,1,5348,
0.791361,,Surface,6,Image 1,1,5352,
2.50872,,Surface,6,Image 1,1,5353,
0.319911,,Surface,6,Image 1,1,5354,
1.44217,,Surface,6,Image 1,1,5358,
1.67095,,Surface,6,Image 1,1,5359,
0.14185,,Surface,6,Image 1,1,5360,
5.4739,,Surface,6,Image 1,1,5363,
0.795006,,Surface,6,Image 1,1,5364,
3.04015,,Surface,6,Image 1,1,5366,
0.509207,,Surface,6,Image 1,1,5367,
4.83555,,Surface,6,Image 1,1,5371,
6.51106,,Surface,6,Image 1,1,5372,
0.332404,,Surface,6,Image 1,1,5373,
0.548968,,Surface,6,Image 1,1,5374,
0.517142,,Surface,6,Image 1,1,5376,
2.46566,,Surface,6,Image 1,1,5379,
2.94399,,Surface,6,Image 1,1,5382,
5.17011,,Surface,6,Image 1,1,5383,
3.347,,Surface,6,Image 1,1,5384,
3.22593,,Surface,6,Image 1,1,5386,
1.80879,,Surface,6,Image 1,1,5387,
4.09827,,Surface,6,Image 1,1,5389,
0.467701,,Surface,6,Image 1,1,5392,
2.90863,,Surface,6,Image 1,1,5395,
2.22087,,Surface,6,Image 1,1,5396,
3.25179,,Surface,6,Image 1,1,5397,
4.04453,,Surface,6,Image 1,1,5399,
0.0108696,,Surface,6,Image 1,1,5400,
1.0297,,Surface,6,Image 1,1,5401,
5.89669,,Surface,6,Image 1,1,5406,
1.49138,,Surface,6,Image 1,1,5407,
4.65973,,Surface,6,Image 1,1,5408,
2.48713,,Surface,6,Image 1,1,5409,
1.4927,,Surface,6,Image 1,1,5411,
6.20094,,Surface,6,Image 1,1,5413,
1.606,,Surface,6,Image 1,1,5415,
3.11728,,Surface,6,Image 1,1,5416,
0.650295,,Surface,6,Image 1,1,5417,
1.22412,,Surface,6,Image 1,1,5418,
1.94488,,Surface,6,Image 1,1,5422,
5.84839,,Surface,6,Image 1,1,5423,
5.33928,,Surface,6,Image 1,1,5424,
1.9883,,Surface,6,Image 1,1,5425,
0.346429,,Surface,6,Image 1,1,5429,
1.44514,,Surface,6,Image 1,1,5431,
8.62703,,Surface,6,Image 1,1,5432,
1.07841,,Surface,6,Image 1,1,5433,
0.968941,,Surface,6,Image 1,1,5436,
0.260356,,Surface,6,Image 1,1,5438,
4.44721,,Surface,6,Image 1,1,5439,
0.938948,,Surface,6,Image 1,1,5440,
6.5525,,Surface,6,Image 1,1,5442,
0.528593,,Surface,6,Image 1,1,5443,
3.71649,,Surface,6,Image 1,1,5448,
0.852584,,Surface,6,Image 1,1,5451,
0.266797,,Surface,6,Image 1,1,5452,
0.483839,,Surface,6,Image 1,1,5453,
6.40826,,Surface,6,Image 1,1,5454,
2.73648,,Surface,6,Image 1,1,5456,
2.61179,,Surface,6,Image 1,1,5457,
6.36278,,Surface,6,Image 1,1,5458,
1.80533,,Surface,6,Image 1,1,5459,
4.38596,,Surface,6,Image 1,1,5461,
3.35704,,Surface,6,Image 1,1,5462,
0.474983,,Surface,6,Image 1,1,5465,
2.29713,,Surface,6,Image 1,1,5467,
0.7637,,Surface,6,Image 1,1,5468,
7.70901,,Surface,6,Image 1,1,5469,
0.420742,,Surface,6,Image 1,1,5471,
5.39571,,Surface,6,Image 1,1,5472,
4.23344,,Surface,6,Image 1,1,5473,
0.482326,,Surface,6,Image 1,1,5474,
0.391036,,Surface,6,Image 1,1,5475,
1.40608,,Surface,6,Image 1,1,5476,
0.436786,,Surface,6,Image 1,1,5477,
2.90677,,Surface,6,Image 1,1,5478,
1.01427,,Surface,6,Image 1,1,5480,
7.31734,,Surface,6,Image 1,1,5482,
2.77188,,Surface,6,Image 1,1,5483,
2.70576,,Surface,6,Image 1,1,5484,
3.43648,,Surface,6,Image 1,1,5487,
3.3764,,Surface,6,Image 1,1,5489,
2.48407,,Surface,6,Image 1,1,5491,
3.81301,,Surface,6,Image 1,1,5493,
3.46331,,Surface,6,Image 1,1,5495,
1.61649,,Surface,6,Image 1,1,5496,
2.94243,,Surface,6,Image 1,1,5498,
6.08985,,Surface,6,Image 1,1,5500,
3.16343,,Surface,6,Image 1,1,5501,
0.653932,,Surface,6,Image 1,1,5502,
4.78591,,Surface,6,Image 1,1,5504,
0.57559,,Surface,6,Image 1,1,5505,
1.24111,,Surface,6,Image 1,1,5506,
6.77889,,Surface,6,Image 1,1,5507,
0.91417,,Surface,6,Image 1,1,5508,
0.430254,,Surface,6,Image 1,1,5512,
2.29358,,Surface,6,Image 1,1,5514,
9.63283,,Surface,6,Image 1,1,5515,
2.32592,,Surface,6,Image 1,1,5516,
1.33123,,Surface,6,Image 1,1,5517,
0.558218,,Surface,6,Image 1,1,5518,
3.09088,,Surface,6,Image 1,1,5519,
6.17295,,Surface,6,Image 1,1,5524,
0.892024,,Surface,6,Image 1,1,5525,
8.01836,,Surface,6,Image 1,1,5526,
1.39182,,Surface,6,Image 1,1,5529,
7.52389,,Surface,6,Image 1,1,5530,
3.99642,,Surface,6,Image 1,1,5532,
5.10766,,Surface,6,Image 1,1,5533,
0.465509,,Surface,6,Image 1,1,5535,
3.44849,,Surface,6,Image 1,1,5539,
0.382927,,Surface,6,Image 1,1,5540,
4.85236,,Surface,6,Image 1,1,5541,
1.31236,,Surface,6,Image 1,1,5544,
1.82346,,Surface,6,Image 1,1,5545,
3.49037,,Surface,6,Image 1,1,5552,
0.464869,,Surface,6,Image 1,1,5554,
0.837268,,Surface,6,Image 1,1,5555,
0.374529,,Surface,6,Image 1,1,5556,
1.01585,,Surface,6,Image 1,1,5557,
1.05902,,Surface,6,Image 1,1,5558,
6.08689,,Surface,6,Image 1,1,5560,
3.50797,,Surface,6,Image 1,1,5561,
1.50288,,Surface,6,Image 1,1,5562,
0.604057,,Surface,6,Image 1,1,5563,
0.965323,,Surface,6,Image 1,1,5565,
2.96499,,Surface,6,Image 1,1,5567,
2.70571,,Surface,6,Image 1,1,5569,
1.10422,,Surface,6,Image 1,1,5571,
3.46341,,Surface,6,Image 1,1,5572,
0.446607,,Surface,6,Image 1,1,5573,
0.480983,,Surface,6,Image 1,1,5576,
4.65199,,Surface,6,Image 1,1,5577,
1.45467,,Surface,6,Image 1,1,5578,
0.163088,,Surface,6,Image 1,1,5581,
4.9115,,Surface,6,Image 1,1,5582,
0.213339,,Surface,6,Image 1,1,5584,
6.29998,,Surface,6,Image 1,1,5585,
1.98941,,Surface,6,Image 1,1,5588,
2.95718,,Surface,6,Image 1,1,5589,
2.78649,,Surface,6,Image 1,1,5591,
0.93988,,Surface,6,Image 1,1,5594,
2.98404,,Surface,6,Image 1,1,5595,
4.86031,,Surface,6,Image 1,1,5597,
1.84285,,Surface,6,Image 1,1,5599,
1.0922,,Surface,6,Image 1,1,5600,
6.46755,,Surface,6,Image 1,1,5601,
0.524382,,Surface,6,Image 1,1,5602,
0.458413,,Surface,6,Image 1,1,5604,
4.08149,,Surface,6,Image 1,1,5606,
8.28636,,Surface,6,Image 1,1,5610,
1.72541,,Surface,6,Image 1,1,5611,
4.43899,,Surface,6,Image 1,1,5612,
2.29736,,Surface,6,Image 1,1,5615,
2.42752,,Surface,6,Image 1,1,5620,
1.68112,,Surface,6,Image 1,1,5623,
1.02469,,Surface,6,Image 1,1,5624,
1.90633,,Surface,6,Image 1,1,5625,
4.88335,,Surface,6,Image 1,1,5627,
5.14737,,Surface,6,Image 1,1,5629,
3.37088,,Surface,6,Image 1,1,5632,
4.1895,,Surface,6,Image 1,1,5633,
0.289689,,Surface,6,Image 1,1,5634,
4.60972,,Surface,6,Image 1,1,5635,
0.584925,,Surface,6,Image 1,1,5638,
0.901073,,Surface,6,Image 1,1,5639,
1.38983,,Surface,6,Image 1,1,5641,
6.73573,,Surface,6,Image 1,1,5642,
2.05716,,Surface,6,Image 1,1,5644,
1.31539,,Surface,6,Image 1,1,5647,
0.780329,,Surface,6,Image 1,1,5648,
2.4766,,Surface,6,Image 1,1,5649,
0.049341,,Surface,6,Image 1,1,5651,
1.82502,,Surface,6,Image 1,1,5654,
4.1824,,Surface,6,Image 1,1,5655,
4.33085,,Surface,6,Image 1,1,5656,
2.73951,,Surface,6,Image 1,1,5657,
8.83558,,Surface,6,Image 1,1,5658,
2.77293,,Surface,6,Image 1,1,5659,
6.8839,,Surface,6,Image 1,1,5660,
2.47926,,Surface,6,Image 1,1,5663,
0.727046,,Surface,6,Image 1,1,5664,
5.35586,,Surface,6,Image 1,1,5667,
2.99764,,Surface,6,Image 1,1,5668,
1.79773,,Surface,6,Image 1,1,5669,
2.87792,,Surface,6,Image 1,1,5671,
3.0106,,Surface,6,Image 1,1,5672,
1.08905,,Surface,6,Image 1,1,5673,
2.35013,,Surface,6,Image 1,1,5676,
3.13714,,Surface,6,Image 1,1,5679,
2.92216,,Surface,6,Image 1,1,5680,
2.54697,,Surface,6,Image 1,1,5681,
1.88176,,Surface,6,Image 1,1,5682,
3.66746,,Surface,6,Image 1,1,5683,
2.12221,,Surface,6,Image 1,1,5684,
3.87108,,Surface,6,Image 1,1,5685,
1.91036,,Surface,6,Image 1,1,5686,
3.17829,,Surface,6,Image 1,1,5687,
0.431389,,Surface,6,Image 1,1,5688,
1.65648,,Surface,6,Image 1,1,5689,
2.73714,,Surface,6,Image 1,1,5692,
1.07755,,Surface,6,Image 1,1,5693,
12.8055,,Surface,6,Image 1,1,5694,
2.78933,,Surface,6,Image 1,1,5695,
0.558857,,Surface,6,Image 1,1,5696,
5.09982,,Surface,6,Image 1,1,5697,
0.00119412,,Surface,6,Image 1,1,5699,
3.51472,,Surface,6,Image 1,1,5700,
2.05305,,Surface,6,Image 1,1,5701,
3.96368,,Surface,6,Image 1,1,5702,
4.13233,,Surface,6,Image 1,1,5703,
3.10233,,Surface,6,Image 1,1,5704,
1.53162,,Surface,6,Image 1,1,5705,
0.462103,,Surface,6,Image 1,1,5706,
3.2176,,Surface,6,Image 1,1,5710,
1.67955,,Surface,6,Image 1,1,5711,
0.0167579,,Surface,6,Image 1,1,5712,
1.28507,,Surface,6,Image 1,1,5713,
0.228495,,Surface,6,Image 1,1,5714,
0.585258,,Surface,6,Image 1,1,5715,
1.34243,,Surface,6,Image 1,1,5717,
3.62103,,Surface,6,Image 1,1,5718,
2.23054,,Surface,6,Image 1,1,5719,
5.84324,,Surface,6,Image 1,1,5720,
0.894427,,Surface,6,Image 1,1,5721,
0.979622,,Surface,6,Image 1,1,5722,
0.191739,,Surface,6,Image 1,1,5725,
0.0844886,,Surface,6,Image 1,1,5726,
3.02541,,Surface,6,Image 1,1,5727,
1.0242,,Surface,6,Image 1,1,5728,
0.243944,,Surface,6,Image 1,1,5730,
5.47926,,Surface,6,Image 1,1,5731,
13.487,,Surface,6,Image 1,1,5732,
1.37609,,Surface,6,Image 1,1,5734,
2.2134,,Surface,6,Image 1,1,5736,
2.99424,,Surface,6,Image 1,1,5737,
2.72826,,Surface,6,Image 1,1,5738,
1.13566,,Surface,6,Image 1,1,5739,
3.53643,,Surface,6,Image 1,1,5740,
4.07689,,Surface,6,Image 1,1,5741,
0.558546,,Surface,6,Image 1,1,5742,
2.71289,,Surface,6,Image 1,1,5743,
4.551,,Surface,6,Image 1,1,5747,
2.57036,,Surface,6,Image 1,1,5748,
4.4409,,Surface,6,Image 1,1,5750,
0.174132,,Surface,6,Image 1,1,5752,
0.0598875,,Surface,6,Image 1,1,5753,
0.594455,,Surface,6,Image 1,1,5754,
0.00548066,,Surface,6,Image 1,1,5755,
0.785944,,Surface,6,Image 1,1,5758,
0.0292467,,Surface,6,Image 1,1,5759,
0.500089,,Surface,6,Image 1,1,5762,
3.01555,,Surface,6,Image 1,1,5765,
2.90128,,Surface,6,Image 1,1,5767,
4.92982,,Surface,6,Image 1,1,5768,
0.658974,,Surface,6,Image 1,1,5769,
2.68258,,Surface,6,Image 1,1,5771,
11.0219,,Surface,6,Image 1,1,5772,
2.75621,,Surface,6,Image 1,1,5773,
0.45331,,Surface,6,Image 1,1,5774,
0.0487432,,Surface,6,Image 1,1,5775,
0.441908,,Surface,6,Image 1,1,5777,
6.07743,,Surface,6,Image 1,1,5778,
0.0815244,,Surface,6,Image 1,1,5780,
3.8478,,Surface,6,Image 1,1,5788,
0.139206,,Surface,6,Image 1,1,5789,
3.13646,,Surface,6,Image 1,1,5790,
2.84687,,Surface,6,Image 1,1,5791,
2.96717,,Surface,6,Image 1,1,5794,
3.17849,,Surface,6,Image 1,1,5795,
3.45957,,Surface,6,Image 1,1,5796,
3.59688,,Surface,6,Image 1,1,5797,
3.48676,,Surface,6,Image 1,1,5798,
0.955019,,Surface,6,Image 1,1,5799,
0.12367,,Surface,6,Image 1,1,5800,
0.349334,,Surface,6,Image 1,1,5804,
0.0784849,,Surface,6,Image 1,1,5807,
1.39635,,Surface,6,Image 1,1,5808,
2.22657,,Surface,6,Image 1,1,5809,
2.05406,,Surface,6,Image 1,1,5811,
0.908628,,Surface,6,Image 1,1,5813,
0.205533,,Surface,6,Image 1,1,5815,
3.64982,,Surface,6,Image 1,1,5816,
0.395117,,Surface,6,Image 1,1,5817,
2.5858,,Surface,6,Image 1,1,5818,
1.72623,,Surface,6,Image 1,1,5819,
4.63352,,Surface,6,Image 1,1,5820,
5.25109,,Surface,6,Image 1,1,5821,
0.201336,,Surface,6,Image 1,1,5822,
3.38773,,Surface,6,Image 1,1,5823,
1.29884,,Surface,6,Image 1,1,5826,
2.07947,,Surface,6,Image 1,1,5828,
1.72262,,Surface,6,Image 1,1,5829,
0.735202,,Surface,6,Image 1,1,5832,
0.160409,,Surface,6,Image 1,1,5833,
1.96106,,Surface,6,Image 1,1,5836,
0.324246,,Surface,6,Image 1,1,5837,
0.957492,,Surface,6,Image 1,1,5841,
0.0509211,,Surface,6,Image 1,1,5844,
0.171477,,Surface,6,Image 1,1,5845,
1.89467,,Surface,6,Image 1,1,5847,
0.301175,,Surface,6,Image 1,1,5848,
0.278206,,Surface,6,Image 1,1,5849,
0.264901,,Surface,6,Image 1,1,5851,
3.29584,,Surface,6,Image 1,1,5852,
0.0259293,,Surface,6,Image 1,1,5853,
1.43364,,Surface,6,Image 1,1,5854,
1.14201,,Surface,6,Image 1,1,5858,
0.299205,,Surface,6,Image 1,1,5859,
0.165279,,Surface,6,Image 1,1,5860,
2.48067,,Surface,6,Image 1,1,5861,
0.423037,,Surface,6,Image 1,1,5862,
1.57013,,Surface,6,Image 1,1,5863,
2.67109,,Surface,6,Image 1,1,5865,
0.339684,,Surface,6,Image 1,1,5866,
2.01316,,Surface,6,Image 1,1,5868,
2.01767,,Surface,6,Image 1,1,5869,
2.50063,,Surface,6,Image 1,1,5870,
1.84619,,Surface,6,Image 1,1,5872,
1.06113,,Surface,6,Image 1,1,5873,
3.08945,,Surface,6,Image 1,1,5874,
2.37218,,Surface,6,Image 1,1,5876,
1.86895,,Surface,6,Image 1,1,5882,
0.133558,,Surface,6,Image 1,1,5885,
1.52303,,Surface,6,Image 1,1,5887,
0.242368,,Surface,6,Image 1,1,5888,
0.90722,,Surface,6,Image 1,1,5890,
0.078602,,Surface,6,Image 1,1,5891,
2.00172,,Surface,6,Image 1,1,5893,
0.742318,,Surface,6,Image 1,1,5896,
0.222314,,Surface,6,Image 1,1,5897,
0.331817,,Surface,6,Image 1,1,5899,
0.00441192,,Surface,6,Image 1,1,5901,
0.465694,,Surface,6,Image 1,1,5902,
0.198703,,Surface,6,Image 1,1,5903,
1.05731,,Surface,6,Image 1,1,5905,
1.15704,,Surface,6,Image 1,1,5906,
0.0826736,,Surface,6,Image 1,1,5907,
1.34296,,Surface,6,Image 1,1,5910,
2.7524,,Surface,6,Image 1,1,5911,
0.224717,,Surface,6,Image 1,1,5915,
0.255399,,Surface,6,Image 1,1,5916,
0.279519,,Surface,6,Image 1,1,5917,
0.0696575,,Surface,6,Image 1,1,5921,
0.164186,,Surface,6,Image 1,1,5922,
2.9666,,Surface,6,Image 1,1,5926,
0.346426,,Surface,6,Image 1,1,5928,
0.297261,,Surface,6,Image 1,1,5929,
0.55748,,Surface,6,Image 1,1,5930,
0.258227,,Surface,6,Image 1,1,5932,
2.4443,,Surface,6,Image 1,1,5935,
3.63352,,Surface,6,Image 1,1,5937,
2.55836,,Surface,6,Image 1,1,5938,
1.23753,,Surface,6,Image 1,1,5944,
1.7552,,Surface,6,Image 1,1,5948,
0.80905,,Surface,6,Image 1,1,5949,
0.323631,,Surface,6,Image 1,1,5956,
0.0385909,,Surface,6,Image 1,1,5960,
0.00260972,,Surface,6,Image 1,1,5962,
0.0391334,,Surface,6,Image 1,1,5968,
0.109868,,Surface,6,Image 1,1,5970,
0.31529,,Surface,6,Image 1,1,5971,
0.0861492,,Surface,6,Image 1,1,5972,
0.0168553,,Surface,6,Image 1,1,5974,
0.112881,,Surface,6,Image 1,1,5975,
0.209482,,Surface,6,Image 1,1,5977,
0.684783,,Surface,6,Image 1,1,5982,
0.478707,,Surface,6,Image 1,1,5984,
0.131913,,Surface,6,Image 1,1,5994,
0.612393,,Surface,6,Image 1,1,5995,
0.0700348,,Surface,6,Image 1,1,5999,
0.0348578,,Surface,6,Image 1,1,6000,
0.0114005,,Surface,6,Image 1,1,6003,
0.0513003,,Surface,6,Image 1,1,6006,
0.0885841,,Surface,6,Image 1,1,6007,
0.198416,,Surface,6,Image 1,1,6016,
0.204183,,Surface,6,Image 1,1,6017,
0.00179307,,Surface,6,Image 1,1,6020,
0.0273148,,Surface,6,Image 1,1,6021,
0.143874,,Surface,6,Image 1,1,6025,
0.0977661,,Surface,6,Image 1,1,6026,
0.178548,,Surface,6,Image 1,1,6027,
0.0296033,,Surface,6,Image 1,1,6030,
0.212947,,Surface,6,Image 1,1,6032,
0.0511737,,Surface,6,Image 1,1,6039,
0.000140297,,Surface,6,Image 1,1,6049,
0.0345178,,Surface,6,Image 1,1,6051,
0.365647,,Surface,6,Image 1,1,6055,
0.16572,,Surface,6,Image 1,1,6056,
0.584558,,Surface,6,Image 1,1,6068,
0.0157954,,Surface,6,Image 1,1,6071,
0.287307,,Surface,6,Image 1,1,6072,
0.00488109,,Surface,6,Image 1,1,6076,
0.0124047,,Surface,6,Image 1,1,6077,
0.0689945,,Surface,6,Image 1,1,6081,
0.146187,,Surface,6,Image 1,1,6086,
0.0244721,,Surface,6,Image 1,1,6087,
1.79379,,Surface,6,Image 1,1,6090,
0.133984,,Surface,6,Image 1,1,6093,
1.05778,,Surface,6,Image 1,1,6094,
0.561769,,Surface,6,Image 1,1,6098,
0.0269751,,Surface,6,Image 1,1,6100,
4.44636,,Surface,6,Image 1,1,6102,
0.359616,,Surface,6,Image 1,1,6107,
0.116548,,Surface,6,Image 1,1,6109,
0.327185,,Surface,6,Image 1,1,6118,
0.127774,,Surface,6,Image 1,1,6121,
0.222326,,Surface,6,Image 1,1,6126,
0.129266,,Surface,6,Image 1,1,6127,
0.0887332,,Surface,6,Image 1,1,6131,
0.135421,,Surface,6,Image 1,1,6137,
0.245345,,Surface,6,Image 1,1,6138,
0.182937,,Surface,6,Image 1,1,6139,
0.0824164,,Surface,6,Image 1,1,6145,
0.0956698,,Surface,6,Image 1,1,6148,
0.0567644,,Surface,6,Image 1,1,6151,
0.283453,,Surface,6,Image 1,1,6153,
0.461685,,Surface,6,Image 1,1,6156,
0.613812,,Surface,6,Image 1,1,6157,
0.0136642,,Surface,6,Image 1,1,6164,
0.00727154,,Surface,6,Image 1,1,6165,
0.0391203,,Surface,6,Image 1,1,6166,
0.0820955,,Surface,6,Image 1,1,6180,
0.0695774,,Surface,6,Image 1,1,6183,
0.0386152,,Surface,6,Image 1,1,6187,
0.0535921,,Surface,6,Image 1,1,6190,
0.113951,,Surface,6,Image 1,1,6195,
1.64901e-05,,Surface,6,Image 1,1,6197,
0.0170068,,Surface,6,Image 1,1,6204,
0.260358,,Surface,6,Image 1,1,6209,
0.0780275,,Surface,6,Image 1,1,6211,
0.0447486,,Surface,6,Image 1,1,6215,
0.436618,,Surface,6,Image 1,1,6216,
0.104828,,Surface,6,Image 1,1,6217,
0.195548,,Surface,6,Image 1,1,6219,
0.389697,,Surface,6,Image 1,1,6222,
0.051598,,Surface,6,Image 1,1,6223,
0.00647859,,Surface,6,Image 1,1,6229,
0.198242,,Surface,6,Image 1,1,6230,
0.108268,,Surface,6,Image 1,1,6236,
0.207197,,Surface,6,Image 1,1,6241,
0.035406,,Surface,6,Image 1,1,6243,
0.074856,,Surface,6,Image 1,1,6244,
0.0271881,,Surface,6,Image 1,1,6247,
0.217223,,Surface,6,Image 1,1,6249,
0.150733,,Surface,6,Image 1,1,6252,
0.0634894,,Surface,6,Image 1,1,6253,
0.13218,,Surface,6,Image 1,1,6256,
0.0492177,,Surface,6,Image 1,1,6267,
0.043645,,Surface,6,Image 1,1,6268,
0.129385,,Surface,6,Image 1,1,6269,
0.177858,,Surface,6,Image 1,1,6272,
0.0549341,,Surface,6,Image 1,1,6273,
0.13649,,Surface,6,Image 1,1,6277,
0.114182,,Surface,6,Image 1,1,6279,
0.276906,,Surface,6,Image 1,1,6284,
0.0153574,,Surface,6,Image 1,1,6291,
0.0785165,,Surface,6,Image 1,1,6292,
0.0157881,,Surface,6,Image 1,1,6295,
0.0334663,,Surface,6,Image 1,1,6299,
3.59494,,Surface,6,Image 1,1,6304,
0.271511,,Surface,6,Image 1,1,6315,
0.0238589,,Surface,6,Image 1,1,6320,
0.0398771,,Surface,6,Image 1,1,6324,
0.000559726,,Surface,6,Image 1,1,6328,
0.181888,,Surface,6,Image 1,1,6335,
0.0818234,,Surface,6,Image 1,1,6344,
0.146809,,Surface,6,Image 1,1,6347,
0.0329717,,Surface,6,Image 1,1,6385,
0.121306,,Surface,6,Image 1,1,6388,
0.0400773,,Surface,6,Image 1,1,6391,
0.0587422,,Surface,6,Image 1,1,6397,
0.163945,,Surface,6,Image 1,1,6399,
0.319376,,Surface,6,Image 1,1,6407,
0.0331006,,Surface,6,Image 1,1,6408,
0.229237,,Surface,6,Image 1,1,6420,
0.378587,,Surface,6,Image 1,1,6434,
0.810375,,Surface,6,Image 1,1,6442,
0.0216428,,Surface,6,Image 1,1,6444,
0.51076,,Surface,6,Image 1,1,6445,
0.0126566,,Surface,6,Image 1,1,6455,
0.24468,,Surface,6,Image 1,1,6461,
0.422583,,Surface,6,Image 1,1,6465,
0.0138946,,Surface,6,Image 1,1,6474,
0.0283269,,Surface,6,Image 1,1,6493,
0.0530138,,Surface,6,Image 1,1,6507,
0.0193251,,Surface,6,Image 1,1,6508,
0.00783287,,Surface,6,Image 1,1,6512,
0.0349314,,Surface,6,Image 1,1,6517,
0.0210107,,Surface,6,Image 1,1,6547,
0.0142769,,Surface,6,Image 1,1,6551,
0.260019,,Surface,6,Image 1,1,6573,
0.10896,,Surface,6,Image 1,1,6585,
0.0370581,,Surface,6,Image 1,1,6594,
0.210793,,Surface,6,Image 1,1,6600,
0.031408,,Surface,6,Image 1,1,6603,
0.00211716,,Surface,6,Image 1,1,6617,
0.156294,,Surface,6,Image 1,1,6636,
0.0355085,,Surface,6,Image 1,1,6654,
0.136056,,Surface,6,Image 1,1,6680,
0.0783086,,Surface,6,Image 1,1,6688,
0.219774,,Surface,6,Image 1,1,6703,
0.132713,,Surface,6,Image 1,1,6713,
0.524752,,Surface,6,Image 1,1,6738,
0.159585,,Surface,6,Image 1,1,6740,
6.48401e-06,,Surface,6,Image 1,1,6742,
0.118858,,Surface,6,Image 1,1,6768,
0.0300904,,Surface,6,Image 1,1,6773,
0.0616486,,Surface,6,Image 1,1,6786,
0.00857679,,Surface,6,Image 1,1,6804,
0.00772397,,Surface,6,Image 1,1,6809,
0.0199353,,Surface,6,Image 1,1,6819,
0.201637,,Surface,6,Image 1,1,6825,
0.495784,,Surface,6,Image 1,1,6827,
0.0181911,,Surface,6,Image 1,1,6829,
0.356228,,Surface,6,Image 1,1,6845,
0.00791388,,Surface,6,Image 1,1,6988,
0.0261837,,Surface,6,Image 1,1,6997,
0.271932,,Surface,6,Image 1,1,7000,
0.11171,,Surface,6,Image 1,1,7007,
0.0116744,,Surface,6,Image 1,1,7037,
0.00555769,,Surface,6,Image 1,1,7147,
0.00512838,,Surface,6,Image 1,1,7150,
0.0651311,,Surface,6,Image 1,1,7185,
