
Overlapped Volume Ratio to Surfaces Surfaces=N2
 ==================== 
Overlapped Volume Ratio to Surfaces,Unit,Category,Surfaces,Time,ID,
0,,Surface,N2,1,0,
0,,Surface,N2,1,1,
0,,Surface,N2,1,8,
0,,Surface,N2,1,12,
0,,Surface,N2,1,13,
0,,Surface,N2,1,14,
0,,Surface,N2,1,18,
0,,Surface,N2,1,25,
0,,Surface,N2,1,28,
0,,Surface,N2,1,29,
0,,Surface,N2,1,36,
0,,Surface,N2,1,37,
0,,Surface,N2,1,38,
0,,Surface,N2,1,43,
0,,Surface,N2,1,48,
0,,Surface,N2,1,51,
0,,Surface,N2,1,53,
0,,Surface,N2,1,56,
0,,Surface,N2,1,61,
0,,Surface,N2,1,63,
0,,Surface,N2,1,70,
0,,Surface,N2,1,136,
0,,Surface,N2,1,137,
0,,Surface,N2,1,139,
0,,Surface,N2,1,140,
0,,Surface,N2,1,142,
0,,Surface,N2,1,145,
0,,Surface,N2,1,146,
0,,Surface,N2,1,148,
0,,Surface,N2,1,152,
0,,Surface,N2,1,154,
0,,Surface,N2,1,155,
0,,Surface,N2,1,156,
0,,Surface,N2,1,160,
0,,Surface,N2,1,161,
0,,Surface,N2,1,163,
0,,Surface,N2,1,164,
0,,Surface,N2,1,165,
0,,Surface,N2,1,166,
0,,Surface,N2,1,167,
0,,Surface,N2,1,169,
0,,Surface,N2,1,171,
0.112661,,Surface,N2,1,172,
0,,Surface,N2,1,173,
0.155826,,Surface,N2,1,174,
0,,Surface,N2,1,175,
0,,Surface,N2,1,176,
0,,Surface,N2,1,177,
0,,Surface,N2,1,179,
0,,Surface,N2,1,180,
0,,Surface,N2,1,181,
0,,Surface,N2,1,184,
0,,Surface,N2,1,186,
0,,Surface,N2,1,189,
0,,Surface,N2,1,190,
0,,Surface,N2,1,191,
0,,Surface,N2,1,192,
0,,Surface,N2,1,194,
0,,Surface,N2,1,195,
0,,Surface,N2,1,196,
0,,Surface,N2,1,197,
0,,Surface,N2,1,198,
0,,Surface,N2,1,200,
0,,Surface,N2,1,201,
0,,Surface,N2,1,202,
0,,Surface,N2,1,203,
0,,Surface,N2,1,204,
0,,Surface,N2,1,206,
0,,Surface,N2,1,208,
0,,Surface,N2,1,210,
0.0597913,,Surface,N2,1,211,
0,,Surface,N2,1,214,
0,,Surface,N2,1,215,
0,,Surface,N2,1,216,
0,,Surface,N2,1,218,
0,,Surface,N2,1,220,
0,,Surface,N2,1,221,
0,,Surface,N2,1,223,
0,,Surface,N2,1,224,
0,,Surface,N2,1,225,
0.0938521,,Surface,N2,1,226,
0,,Surface,N2,1,227,
0.00580815,,Surface,N2,1,228,
0,,Surface,N2,1,229,
0,,Surface,N2,1,230,
0,,Surface,N2,1,231,
0,,Surface,N2,1,232,
0,,Surface,N2,1,233,
0.0548164,,Surface,N2,1,235,
0,,Surface,N2,1,236,
0,,Surface,N2,1,237,
0,,Surface,N2,1,238,
0,,Surface,N2,1,239,
0,,Surface,N2,1,240,
0,,Surface,N2,1,241,
0,,Surface,N2,1,243,
0,,Surface,N2,1,245,
0.25595,,Surface,N2,1,246,
0,,Surface,N2,1,249,
0,,Surface,N2,1,250,
0,,Surface,N2,1,251,
0,,Surface,N2,1,253,
0,,Surface,N2,1,256,
0,,Surface,N2,1,257,
0,,Surface,N2,1,258,
0,,Surface,N2,1,260,
0,,Surface,N2,1,261,
0.189047,,Surface,N2,1,263,
0,,Surface,N2,1,264,
0,,Surface,N2,1,265,
0,,Surface,N2,1,267,
0.16477,,Surface,N2,1,269,
0,,Surface,N2,1,270,
0,,Surface,N2,1,272,
0,,Surface,N2,1,273,
0,,Surface,N2,1,274,
0,,Surface,N2,1,275,
0,,Surface,N2,1,276,
0,,Surface,N2,1,277,
0,,Surface,N2,1,278,
0,,Surface,N2,1,279,
0,,Surface,N2,1,280,
0,,Surface,N2,1,281,
0,,Surface,N2,1,282,
0,,Surface,N2,1,283,
0.0360438,,Surface,N2,1,285,
0,,Surface,N2,1,286,
0,,Surface,N2,1,287,
0,,Surface,N2,1,288,
0,,Surface,N2,1,289,
0,,Surface,N2,1,290,
0,,Surface,N2,1,291,
0,,Surface,N2,1,292,
0,,Surface,N2,1,294,
0,,Surface,N2,1,295,
0,,Surface,N2,1,296,
0,,Surface,N2,1,297,
0,,Surface,N2,1,298,
0,,Surface,N2,1,299,
0.0333311,,Surface,N2,1,300,
0,,Surface,N2,1,301,
0,,Surface,N2,1,302,
0,,Surface,N2,1,303,
0,,Surface,N2,1,306,
0,,Surface,N2,1,307,
0.12098,,Surface,N2,1,308,
3.34222e-05,,Surface,N2,1,310,
0,,Surface,N2,1,312,
0,,Surface,N2,1,313,
0,,Surface,N2,1,314,
0,,Surface,N2,1,315,
0,,Surface,N2,1,316,
0,,Surface,N2,1,319,
0,,Surface,N2,1,320,
0,,Surface,N2,1,321,
0.201691,,Surface,N2,1,322,
0,,Surface,N2,1,323,
0,,Surface,N2,1,324,
0,,Surface,N2,1,325,
0,,Surface,N2,1,326,
0,,Surface,N2,1,327,
0,,Surface,N2,1,328,
0,,Surface,N2,1,329,
0,,Surface,N2,1,330,
0,,Surface,N2,1,331,
0.0502615,,Surface,N2,1,333,
0,,Surface,N2,1,334,
0,,Surface,N2,1,335,
0,,Surface,N2,1,338,
0.485422,,Surface,N2,1,339,
0,,Surface,N2,1,340,
0,,Surface,N2,1,341,
0,,Surface,N2,1,342,
0,,Surface,N2,1,343,
0,,Surface,N2,1,344,
0,,Surface,N2,1,345,
0,,Surface,N2,1,346,
0,,Surface,N2,1,347,
0,,Surface,N2,1,349,
0,,Surface,N2,1,350,
0.206526,,Surface,N2,1,352,
0,,Surface,N2,1,353,
0,,Surface,N2,1,354,
0,,Surface,N2,1,356,
0,,Surface,N2,1,358,
0.080935,,Surface,N2,1,359,
0,,Surface,N2,1,360,
0.131296,,Surface,N2,1,361,
0,,Surface,N2,1,362,
0,,Surface,N2,1,364,
0,,Surface,N2,1,365,
0,,Surface,N2,1,366,
0,,Surface,N2,1,367,
0.163136,,Surface,N2,1,369,
0,,Surface,N2,1,370,
0,,Surface,N2,1,371,
0,,Surface,N2,1,372,
0,,Surface,N2,1,374,
0,,Surface,N2,1,376,
0.196306,,Surface,N2,1,377,
0,,Surface,N2,1,378,
0,,Surface,N2,1,379,
0,,Surface,N2,1,380,
0.0268358,,Surface,N2,1,382,
0,,Surface,N2,1,383,
0,,Surface,N2,1,384,
0,,Surface,N2,1,387,
0.127212,,Surface,N2,1,388,
0,,Surface,N2,1,390,
0,,Surface,N2,1,391,
0.194298,,Surface,N2,1,392,
0,,Surface,N2,1,393,
0,,Surface,N2,1,394,
0,,Surface,N2,1,395,
0.306109,,Surface,N2,1,396,
0,,Surface,N2,1,397,
0.283346,,Surface,N2,1,398,
0,,Surface,N2,1,399,
0.00581804,,Surface,N2,1,403,
0.209271,,Surface,N2,1,404,
0,,Surface,N2,1,406,
0,,Surface,N2,1,408,
0,,Surface,N2,1,409,
0,,Surface,N2,1,410,
0,,Surface,N2,1,412,
0,,Surface,N2,1,413,
0,,Surface,N2,1,414,
0,,Surface,N2,1,416,
0,,Surface,N2,1,417,
0,,Surface,N2,1,419,
0,,Surface,N2,1,420,
0.175236,,Surface,N2,1,422,
0,,Surface,N2,1,423,
0,,Surface,N2,1,424,
0,,Surface,N2,1,425,
0.000332448,,Surface,N2,1,426,
0,,Surface,N2,1,428,
0,,Surface,N2,1,429,
0.00416896,,Surface,N2,1,432,
0,,Surface,N2,1,433,
0,,Surface,N2,1,434,
0,,Surface,N2,1,435,
0,,Surface,N2,1,436,
0,,Surface,N2,1,437,
0,,Surface,N2,1,439,
0,,Surface,N2,1,440,
0.0459435,,Surface,N2,1,442,
0,,Surface,N2,1,444,
0,,Surface,N2,1,445,
0,,Surface,N2,1,446,
0.133567,,Surface,N2,1,447,
0,,Surface,N2,1,448,
0,,Surface,N2,1,449,
0,,Surface,N2,1,450,
0,,Surface,N2,1,451,
0,,Surface,N2,1,452,
0,,Surface,N2,1,453,
0,,Surface,N2,1,454,
0,,Surface,N2,1,457,
0,,Surface,N2,1,458,
0,,Surface,N2,1,459,
0,,Surface,N2,1,462,
0,,Surface,N2,1,463,
0.0832194,,Surface,N2,1,465,
0.0422495,,Surface,N2,1,466,
0,,Surface,N2,1,468,
0,,Surface,N2,1,469,
0,,Surface,N2,1,470,
0.11687,,Surface,N2,1,471,
0,,Surface,N2,1,472,
0.0525861,,Surface,N2,1,473,
0,,Surface,N2,1,474,
0,,Surface,N2,1,475,
0,,Surface,N2,1,476,
0.0430457,,Surface,N2,1,478,
0,,Surface,N2,1,479,
0,,Surface,N2,1,480,
0,,Surface,N2,1,481,
0.0128778,,Surface,N2,1,482,
0.0535738,,Surface,N2,1,485,
0,,Surface,N2,1,486,
0.08924,,Surface,N2,1,487,
0.0895633,,Surface,N2,1,488,
0,,Surface,N2,1,489,
0,,Surface,N2,1,490,
0.15759,,Surface,N2,1,491,
0.124678,,Surface,N2,1,493,
0.238118,,Surface,N2,1,495,
0.0013986,,Surface,N2,1,496,
0,,Surface,N2,1,497,
0.000333951,,Surface,N2,1,499,
0,,Surface,N2,1,501,
0.166208,,Surface,N2,1,502,
0,,Surface,N2,1,505,
0,,Surface,N2,1,506,
0,,Surface,N2,1,510,
0.126244,,Surface,N2,1,511,
0,,Surface,N2,1,512,
0.0353211,,Surface,N2,1,513,
0,,Surface,N2,1,514,
0,,Surface,N2,1,515,
0,,Surface,N2,1,516,
0,,Surface,N2,1,517,
0.309404,,Surface,N2,1,518,
0,,Surface,N2,1,519,
0.131199,,Surface,N2,1,520,
0,,Surface,N2,1,521,
0.0347465,,Surface,N2,1,522,
0,,Surface,N2,1,523,
0,,Surface,N2,1,524,
0,,Surface,N2,1,525,
0.221281,,Surface,N2,1,526,
0,,Surface,N2,1,527,
0.112535,,Surface,N2,1,528,
0,,Surface,N2,1,532,
0,,Surface,N2,1,533,
0.11247,,Surface,N2,1,534,
0,,Surface,N2,1,535,
0,,Surface,N2,1,536,
0.0707231,,Surface,N2,1,537,
0,,Surface,N2,1,538,
0,,Surface,N2,1,539,
0.056572,,Surface,N2,1,540,
0,,Surface,N2,1,541,
0,,Surface,N2,1,542,
0,,Surface,N2,1,543,
0,,Surface,N2,1,544,
0,,Surface,N2,1,545,
0,,Surface,N2,1,546,
0.0179267,,Surface,N2,1,548,
0.0240808,,Surface,N2,1,550,
0,,Surface,N2,1,551,
0.0848079,,Surface,N2,1,553,
0.0759748,,Surface,N2,1,555,
0,,Surface,N2,1,556,
0,,Surface,N2,1,557,
0,,Surface,N2,1,558,
0.18056,,Surface,N2,1,561,
0,,Surface,N2,1,562,
0.023862,,Surface,N2,1,564,
0.181671,,Surface,N2,1,565,
0,,Surface,N2,1,566,
0.0446376,,Surface,N2,1,567,
0,,Surface,N2,1,568,
0,,Surface,N2,1,570,
0,,Surface,N2,1,571,
0.00205175,,Surface,N2,1,572,
0.00298939,,Surface,N2,1,574,
0,,Surface,N2,1,576,
0,,Surface,N2,1,577,
0,,Surface,N2,1,578,
0.188879,,Surface,N2,1,579,
0,,Surface,N2,1,581,
0,,Surface,N2,1,582,
0.0234141,,Surface,N2,1,583,
0,,Surface,N2,1,584,
0.0640178,,Surface,N2,1,585,
0,,Surface,N2,1,588,
0,,Surface,N2,1,593,
0.000199495,,Surface,N2,1,594,
0,,Surface,N2,1,595,
0.0442664,,Surface,N2,1,596,
0,,Surface,N2,1,597,
0,,Surface,N2,1,599,
0,,Surface,N2,1,600,
0,,Surface,N2,1,602,
0,,Surface,N2,1,604,
0,,Surface,N2,1,606,
0,,Surface,N2,1,607,
0,,Surface,N2,1,609,
0.102439,,Surface,N2,1,611,
0.0351008,,Surface,N2,1,612,
0.084483,,Surface,N2,1,613,
0,,Surface,N2,1,614,
0,,Surface,N2,1,615,
0.0148784,,Surface,N2,1,616,
0,,Surface,N2,1,619,
0,,Surface,N2,1,620,
0,,Surface,N2,1,621,
0.00136371,,Surface,N2,1,622,
0,,Surface,N2,1,623,
0.418086,,Surface,N2,1,624,
0,,Surface,N2,1,627,
0,,Surface,N2,1,628,
0.000279688,,Surface,N2,1,629,
0,,Surface,N2,1,631,
0.0119244,,Surface,N2,1,633,
0,,Surface,N2,1,634,
0,,Surface,N2,1,635,
0,,Surface,N2,1,636,
0,,Surface,N2,1,637,
0.0591531,,Surface,N2,1,639,
0,,Surface,N2,1,641,
0,,Surface,N2,1,642,
0,,Surface,N2,1,643,
0,,Surface,N2,1,644,
0,,Surface,N2,1,645,
0.0564666,,Surface,N2,1,646,
0.00806782,,Surface,N2,1,647,
0,,Surface,N2,1,648,
0,,Surface,N2,1,650,
0,,Surface,N2,1,651,
0,,Surface,N2,1,652,
0.168091,,Surface,N2,1,653,
0,,Surface,N2,1,655,
0.00439134,,Surface,N2,1,656,
0.101867,,Surface,N2,1,657,
0,,Surface,N2,1,659,
0.0727159,,Surface,N2,1,661,
0,,Surface,N2,1,662,
0,,Surface,N2,1,663,
0.0131259,,Surface,N2,1,664,
0,,Surface,N2,1,667,
0,,Surface,N2,1,668,
0,,Surface,N2,1,669,
0,,Surface,N2,1,670,
0,,Surface,N2,1,671,
0,,Surface,N2,1,673,
0,,Surface,N2,1,675,
0,,Surface,N2,1,676,
0,,Surface,N2,1,678,
0.179877,,Surface,N2,1,680,
0.619199,,Surface,N2,1,681,
0.176682,,Surface,N2,1,682,
0.0488849,,Surface,N2,1,683,
0.00374537,,Surface,N2,1,686,
0.4524,,Surface,N2,1,687,
0,,Surface,N2,1,688,
0,,Surface,N2,1,689,
0,,Surface,N2,1,690,
0.0684026,,Surface,N2,1,692,
0.174919,,Surface,N2,1,693,
0,,Surface,N2,1,694,
0,,Surface,N2,1,695,
0,,Surface,N2,1,696,
0.0357768,,Surface,N2,1,697,
0,,Surface,N2,1,698,
0,,Surface,N2,1,699,
0.0349692,,Surface,N2,1,700,
0,,Surface,N2,1,701,
0.19023,,Surface,N2,1,702,
0,,Surface,N2,1,703,
0,,Surface,N2,1,704,
0,,Surface,N2,1,705,
0,,Surface,N2,1,707,
0,,Surface,N2,1,708,
0.0577584,,Surface,N2,1,709,
0,,Surface,N2,1,710,
0,,Surface,N2,1,711,
0,,Surface,N2,1,712,
0.458537,,Surface,N2,1,713,
0,,Surface,N2,1,714,
0,,Surface,N2,1,716,
0,,Surface,N2,1,718,
0.123866,,Surface,N2,1,719,
0,,Surface,N2,1,720,
0,,Surface,N2,1,721,
0,,Surface,N2,1,722,
0.527405,,Surface,N2,1,723,
0.0202291,,Surface,N2,1,724,
0.611975,,Surface,N2,1,727,
0.420338,,Surface,N2,1,728,
0.09766,,Surface,N2,1,729,
0.73831,,Surface,N2,1,730,
0,,Surface,N2,1,731,
0,,Surface,N2,1,732,
0,,Surface,N2,1,733,
0.284716,,Surface,N2,1,735,
0.156068,,Surface,N2,1,736,
0,,Surface,N2,1,738,
4.40544e-05,,Surface,N2,1,739,
0.0292365,,Surface,N2,1,740,
0,,Surface,N2,1,742,
0,,Surface,N2,1,744,
0,,Surface,N2,1,745,
0,,Surface,N2,1,746,
0.0308128,,Surface,N2,1,747,
0.947471,,Surface,N2,1,748,
0.0962258,,Surface,N2,1,749,
0.348351,,Surface,N2,1,752,
0.271889,,Surface,N2,1,753,
0,,Surface,N2,1,755,
0.917567,,Surface,N2,1,756,
0.136235,,Surface,N2,1,758,
0.727836,,Surface,N2,1,759,
0,,Surface,N2,1,761,
0.296977,,Surface,N2,1,763,
0,,Surface,N2,1,765,
0.843666,,Surface,N2,1,766,
0,,Surface,N2,1,767,
0,,Surface,N2,1,769,
0.672708,,Surface,N2,1,770,
0,,Surface,N2,1,772,
0,,Surface,N2,1,773,
0,,Surface,N2,1,775,
0,,Surface,N2,1,778,
0.0118544,,Surface,N2,1,780,
0.218269,,Surface,N2,1,781,
0,,Surface,N2,1,782,
0,,Surface,N2,1,783,
0,,Surface,N2,1,784,
0,,Surface,N2,1,785,
0.445233,,Surface,N2,1,786,
0,,Surface,N2,1,788,
0.0363535,,Surface,N2,1,789,
0.0475787,,Surface,N2,1,790,
0,,Surface,N2,1,791,
0.00887936,,Surface,N2,1,792,
0,,Surface,N2,1,793,
0,,Surface,N2,1,794,
0.126206,,Surface,N2,1,795,
0,,Surface,N2,1,797,
0.468788,,Surface,N2,1,800,
0.86622,,Surface,N2,1,801,
0.0162964,,Surface,N2,1,802,
0.185899,,Surface,N2,1,803,
0,,Surface,N2,1,805,
0.252969,,Surface,N2,1,806,
0.882759,,Surface,N2,1,807,
0,,Surface,N2,1,808,
0.658152,,Surface,N2,1,810,
0.000395352,,Surface,N2,1,811,
0.283887,,Surface,N2,1,812,
0,,Surface,N2,1,813,
0,,Surface,N2,1,814,
0.106197,,Surface,N2,1,816,
0.392163,,Surface,N2,1,817,
0,,Surface,N2,1,820,
0.0327806,,Surface,N2,1,821,
0,,Surface,N2,1,825,
0,,Surface,N2,1,826,
0,,Surface,N2,1,827,
0.913769,,Surface,N2,1,828,
0,,Surface,N2,1,829,
0,,Surface,N2,1,830,
0.180449,,Surface,N2,1,831,
0.149918,,Surface,N2,1,832,
0.284147,,Surface,N2,1,833,
0.183473,,Surface,N2,1,834,
0.976723,,Surface,N2,1,835,
0,,Surface,N2,1,836,
0,,Surface,N2,1,839,
0.973484,,Surface,N2,1,840,
0,,Surface,N2,1,841,
0.119298,,Surface,N2,1,842,
0.955371,,Surface,N2,1,843,
0.722013,,Surface,N2,1,845,
0.0511117,,Surface,N2,1,847,
0.303654,,Surface,N2,1,848,
0,,Surface,N2,1,849,
0.170983,,Surface,N2,1,850,
0,,Surface,N2,1,851,
0.222269,,Surface,N2,1,854,
0.78268,,Surface,N2,1,855,
0.944842,,Surface,N2,1,856,
0.768524,,Surface,N2,1,857,
0.893229,,Surface,N2,1,858,
0.705788,,Surface,N2,1,860,
0.00332917,,Surface,N2,1,862,
0.0695345,,Surface,N2,1,865,
0,,Surface,N2,1,866,
0.00268421,,Surface,N2,1,867,
0.594581,,Surface,N2,1,868,
0,,Surface,N2,1,870,
0,,Surface,N2,1,871,
0,,Surface,N2,1,872,
0.0241598,,Surface,N2,1,874,
0.588529,,Surface,N2,1,875,
0,,Surface,N2,1,876,
0.527872,,Surface,N2,1,877,
0.206593,,Surface,N2,1,878,
0,,Surface,N2,1,879,
0,,Surface,N2,1,880,
0,,Surface,N2,1,881,
0.222291,,Surface,N2,1,882,
0.562135,,Surface,N2,1,883,
0,,Surface,N2,1,885,
0.868086,,Surface,N2,1,888,
0,,Surface,N2,1,890,
0.576344,,Surface,N2,1,893,
0.982479,,Surface,N2,1,894,
0.962874,,Surface,N2,1,895,
0.978702,,Surface,N2,1,896,
0,,Surface,N2,1,897,
0.476018,,Surface,N2,1,898,
0.95248,,Surface,N2,1,900,
0.887096,,Surface,N2,1,901,
0.860445,,Surface,N2,1,902,
0.539768,,Surface,N2,1,903,
0.301447,,Surface,N2,1,904,
0.92839,,Surface,N2,1,905,
0.211252,,Surface,N2,1,906,
0.980047,,Surface,N2,1,907,
0.708533,,Surface,N2,1,908,
0.0823816,,Surface,N2,1,909,
0.798888,,Surface,N2,1,910,
0,,Surface,N2,1,912,
0.0241124,,Surface,N2,1,914,
0.0938694,,Surface,N2,1,916,
0,,Surface,N2,1,917,
0,,Surface,N2,1,919,
0,,Surface,N2,1,920,
0,,Surface,N2,1,921,
0,,Surface,N2,1,924,
0.919285,,Surface,N2,1,925,
0.634918,,Surface,N2,1,926,
0,,Surface,N2,1,927,
0,,Surface,N2,1,928,
0.0143626,,Surface,N2,1,929,
0.754506,,Surface,N2,1,930,
0,,Surface,N2,1,931,
0.252684,,Surface,N2,1,932,
8.95853e-05,,Surface,N2,1,933,
0.49906,,Surface,N2,1,934,
0.628455,,Surface,N2,1,935,
0,,Surface,N2,1,936,
0.982113,,Surface,N2,1,937,
0,,Surface,N2,1,938,
0.858036,,Surface,N2,1,940,
0.111308,,Surface,N2,1,942,
0.0332586,,Surface,N2,1,943,
0.168285,,Surface,N2,1,945,
0.349316,,Surface,N2,1,946,
0,,Surface,N2,1,947,
0.179942,,Surface,N2,1,948,
0.784839,,Surface,N2,1,949,
0.215498,,Surface,N2,1,950,
0.972973,,Surface,N2,1,951,
0.968466,,Surface,N2,1,954,
0.860897,,Surface,N2,1,955,
0,,Surface,N2,1,956,
0.843878,,Surface,N2,1,957,
0,,Surface,N2,1,958,
0,,Surface,N2,1,959,
0.0474423,,Surface,N2,1,960,
0,,Surface,N2,1,962,
0.0125988,,Surface,N2,1,963,
0.000156699,,Surface,N2,1,964,
0.0405925,,Surface,N2,1,965,
0.163814,,Surface,N2,1,966,
0.403055,,Surface,N2,1,970,
0.0231458,,Surface,N2,1,971,
0.284312,,Surface,N2,1,972,
0.341467,,Surface,N2,1,974,
0,,Surface,N2,1,976,
0,,Surface,N2,1,977,
0.198633,,Surface,N2,1,978,
0.849724,,Surface,N2,1,979,
0.31233,,Surface,N2,1,980,
0.215629,,Surface,N2,1,985,
0.262114,,Surface,N2,1,986,
0.981686,,Surface,N2,1,987,
0.993638,,Surface,N2,1,989,
0.235652,,Surface,N2,1,992,
0.955486,,Surface,N2,1,993,
0.566278,,Surface,N2,1,994,
0.821288,,Surface,N2,1,997,
0.458364,,Surface,N2,1,999,
0,,Surface,N2,1,1001,
0.0666613,,Surface,N2,1,1003,
0,,Surface,N2,1,1004,
0,,Surface,N2,1,1006,
0.784622,,Surface,N2,1,1007,
0.617286,,Surface,N2,1,1009,
0.850716,,Surface,N2,1,1010,
0,,Surface,N2,1,1011,
0,,Surface,N2,1,1012,
0,,Surface,N2,1,1013,
0,,Surface,N2,1,1014,
0.924165,,Surface,N2,1,1015,
0.0444718,,Surface,N2,1,1016,
0.921969,,Surface,N2,1,1019,
0.236137,,Surface,N2,1,1020,
0.24543,,Surface,N2,1,1021,
0.427482,,Surface,N2,1,1022,
0.107852,,Surface,N2,1,1024,
0,,Surface,N2,1,1025,
0.972294,,Surface,N2,1,1026,
0.755153,,Surface,N2,1,1027,
0.219514,,Surface,N2,1,1029,
0.000310804,,Surface,N2,1,1030,
0,,Surface,N2,1,1031,
0.709137,,Surface,N2,1,1032,
0.0658676,,Surface,N2,1,1034,
0.958244,,Surface,N2,1,1035,
0.265775,,Surface,N2,1,1036,
0.802593,,Surface,N2,1,1037,
0,,Surface,N2,1,1040,
0.166339,,Surface,N2,1,1041,
0,,Surface,N2,1,1043,
0.0534688,,Surface,N2,1,1044,
0.452372,,Surface,N2,1,1045,
0.864536,,Surface,N2,1,1046,
0,,Surface,N2,1,1047,
0.320775,,Surface,N2,1,1048,
0,,Surface,N2,1,1049,
0.962175,,Surface,N2,1,1050,
0,,Surface,N2,1,1051,
0.823312,,Surface,N2,1,1052,
0.975341,,Surface,N2,1,1053,
0,,Surface,N2,1,1054,
0.759268,,Surface,N2,1,1056,
0,,Surface,N2,1,1057,
0.114927,,Surface,N2,1,1059,
0,,Surface,N2,1,1060,
0.612282,,Surface,N2,1,1061,
0.683496,,Surface,N2,1,1062,
0,,Surface,N2,1,1063,
0.0542635,,Surface,N2,1,1065,
0.788152,,Surface,N2,1,1066,
0.965228,,Surface,N2,1,1067,
0,,Surface,N2,1,1068,
0,,Surface,N2,1,1070,
0.920018,,Surface,N2,1,1071,
0,,Surface,N2,1,1073,
0.882298,,Surface,N2,1,1074,
0.0157719,,Surface,N2,1,1075,
0,,Surface,N2,1,1076,
0.93671,,Surface,N2,1,1077,
0,,Surface,N2,1,1078,
0.951151,,Surface,N2,1,1079,
0.105403,,Surface,N2,1,1081,
0.123692,,Surface,N2,1,1082,
0.000205305,,Surface,N2,1,1083,
0,,Surface,N2,1,1085,
0.972963,,Surface,N2,1,1087,
0.688783,,Surface,N2,1,1088,
0.750916,,Surface,N2,1,1090,
0.74243,,Surface,N2,1,1092,
0,,Surface,N2,1,1094,
0.712896,,Surface,N2,1,1095,
0.900366,,Surface,N2,1,1096,
0.386833,,Surface,N2,1,1097,
0.970139,,Surface,N2,1,1098,
0,,Surface,N2,1,1099,
0.000623604,,Surface,N2,1,1101,
0,,Surface,N2,1,1102,
0.136251,,Surface,N2,1,1104,
0.243992,,Surface,N2,1,1106,
0.146208,,Surface,N2,1,1107,
0.570517,,Surface,N2,1,1108,
0.766953,,Surface,N2,1,1110,
0.952989,,Surface,N2,1,1111,
0,,Surface,N2,1,1112,
0,,Surface,N2,1,1114,
0,,Surface,N2,1,1115,
0.864464,,Surface,N2,1,1116,
0.762811,,Surface,N2,1,1117,
0.191812,,Surface,N2,1,1118,
0.350036,,Surface,N2,1,1119,
0.749992,,Surface,N2,1,1121,
0.29294,,Surface,N2,1,1122,
0,,Surface,N2,1,1123,
0.0855672,,Surface,N2,1,1124,
0.969672,,Surface,N2,1,1125,
0,,Surface,N2,1,1128,
0.982569,,Surface,N2,1,1129,
0.392751,,Surface,N2,1,1131,
0,,Surface,N2,1,1132,
0,,Surface,N2,1,1133,
0.011408,,Surface,N2,1,1135,
0.0300343,,Surface,N2,1,1136,
0,,Surface,N2,1,1137,
0,,Surface,N2,1,1138,
0.970007,,Surface,N2,1,1140,
0.291188,,Surface,N2,1,1141,
0.978513,,Surface,N2,1,1143,
0,,Surface,N2,1,1144,
0.0465135,,Surface,N2,1,1145,
0.0664098,,Surface,N2,1,1146,
0.00143673,,Surface,N2,1,1148,
0,,Surface,N2,1,1149,
0,,Surface,N2,1,1151,
0,,Surface,N2,1,1153,
0.988576,,Surface,N2,1,1155,
0,,Surface,N2,1,1156,
0.037707,,Surface,N2,1,1157,
0.0816002,,Surface,N2,1,1159,
0,,Surface,N2,1,1160,
0.0382312,,Surface,N2,1,1163,
0.320109,,Surface,N2,1,1165,
0.888421,,Surface,N2,1,1166,
0,,Surface,N2,1,1167,
0.00075567,,Surface,N2,1,1169,
0.122792,,Surface,N2,1,1174,
0.0109854,,Surface,N2,1,1175,
0.668102,,Surface,N2,1,1176,
0,,Surface,N2,1,1177,
0.215099,,Surface,N2,1,1178,
0.951011,,Surface,N2,1,1179,
0.00085243,,Surface,N2,1,1180,
0,,Surface,N2,1,1181,
0,,Surface,N2,1,1182,
0.000445894,,Surface,N2,1,1184,
0,,Surface,N2,1,1185,
0.749414,,Surface,N2,1,1187,
0,,Surface,N2,1,1190,
0.843143,,Surface,N2,1,1191,
0.51055,,Surface,N2,1,1193,
0,,Surface,N2,1,1195,
0.0642526,,Surface,N2,1,1196,
0.97907,,Surface,N2,1,1197,
0.72576,,Surface,N2,1,1199,
0.0448014,,Surface,N2,1,1201,
0,,Surface,N2,1,1202,
0.816742,,Surface,N2,1,1203,
0.766052,,Surface,N2,1,1204,
0.813745,,Surface,N2,1,1206,
0.586031,,Surface,N2,1,1207,
0.0449073,,Surface,N2,1,1208,
0,,Surface,N2,1,1209,
0,,Surface,N2,1,1210,
0.812356,,Surface,N2,1,1211,
0.0145743,,Surface,N2,1,1213,
0.459557,,Surface,N2,1,1215,
0.858452,,Surface,N2,1,1217,
0.807935,,Surface,N2,1,1218,
0.969684,,Surface,N2,1,1220,
0.658609,,Surface,N2,1,1221,
0.00501957,,Surface,N2,1,1223,
0.988921,,Surface,N2,1,1225,
0,,Surface,N2,1,1226,
0,,Surface,N2,1,1227,
0.735656,,Surface,N2,1,1228,
0,,Surface,N2,1,1229,
0.984992,,Surface,N2,1,1230,
0,,Surface,N2,1,1231,
0.377897,,Surface,N2,1,1232,
0,,Surface,N2,1,1233,
0.753059,,Surface,N2,1,1234,
0.671187,,Surface,N2,1,1236,
0.786129,,Surface,N2,1,1237,
0.237467,,Surface,N2,1,1238,
0.0362636,,Surface,N2,1,1239,
0.10729,,Surface,N2,1,1240,
0,,Surface,N2,1,1241,
0,,Surface,N2,1,1242,
0.730472,,Surface,N2,1,1243,
0.933565,,Surface,N2,1,1244,
0.174188,,Surface,N2,1,1245,
0.0591464,,Surface,N2,1,1246,
0.0116207,,Surface,N2,1,1247,
0.719089,,Surface,N2,1,1248,
0.230849,,Surface,N2,1,1249,
0.0123848,,Surface,N2,1,1253,
0,,Surface,N2,1,1254,
0.330034,,Surface,N2,1,1259,
0.974301,,Surface,N2,1,1260,
0.021403,,Surface,N2,1,1261,
0.908371,,Surface,N2,1,1262,
0.553705,,Surface,N2,1,1263,
0.266517,,Surface,N2,1,1264,
0,,Surface,N2,1,1266,
0.864918,,Surface,N2,1,1267,
0,,Surface,N2,1,1268,
0.92317,,Surface,N2,1,1270,
0,,Surface,N2,1,1274,
0.603303,,Surface,N2,1,1277,
0.772034,,Surface,N2,1,1278,
0.00053529,,Surface,N2,1,1279,
0.430954,,Surface,N2,1,1280,
0,,Surface,N2,1,1281,
0.872652,,Surface,N2,1,1282,
0.846787,,Surface,N2,1,1283,
0,,Surface,N2,1,1284,
0.674523,,Surface,N2,1,1285,
0,,Surface,N2,1,1286,
0.554206,,Surface,N2,1,1288,
0.0020117,,Surface,N2,1,1289,
0,,Surface,N2,1,1290,
0.0222465,,Surface,N2,1,1291,
0,,Surface,N2,1,1293,
0,,Surface,N2,1,1294,
0.0764238,,Surface,N2,1,1295,
0.931045,,Surface,N2,1,1296,
0.00722885,,Surface,N2,1,1297,
0.726437,,Surface,N2,1,1299,
0.240605,,Surface,N2,1,1300,
0.886987,,Surface,N2,1,1301,
0.609579,,Surface,N2,1,1302,
0.0069414,,Surface,N2,1,1303,
0.498226,,Surface,N2,1,1304,
0,,Surface,N2,1,1305,
0.712186,,Surface,N2,1,1308,
0,,Surface,N2,1,1311,
0,,Surface,N2,1,1312,
0.415501,,Surface,N2,1,1313,
0.0291768,,Surface,N2,1,1314,
0.531487,,Surface,N2,1,1315,
0.0122169,,Surface,N2,1,1316,
0.954034,,Surface,N2,1,1317,
0,,Surface,N2,1,1319,
0.458993,,Surface,N2,1,1320,
0,,Surface,N2,1,1321,
0.216928,,Surface,N2,1,1322,
0.171153,,Surface,N2,1,1324,
0.696441,,Surface,N2,1,1325,
0.0939929,,Surface,N2,1,1326,
0,,Surface,N2,1,1327,
0.816887,,Surface,N2,1,1329,
0.580745,,Surface,N2,1,1330,
0.281351,,Surface,N2,1,1332,
0,,Surface,N2,1,1333,
0.478103,,Surface,N2,1,1334,
0,,Surface,N2,1,1337,
0.408357,,Surface,N2,1,1338,
0.487649,,Surface,N2,1,1339,
0.967929,,Surface,N2,1,1341,
0.00184118,,Surface,N2,1,1344,
0.818435,,Surface,N2,1,1345,
0.01995,,Surface,N2,1,1346,
0,,Surface,N2,1,1347,
0.0378261,,Surface,N2,1,1349,
0.905574,,Surface,N2,1,1350,
0,,Surface,N2,1,1351,
0.513063,,Surface,N2,1,1352,
0.000121552,,Surface,N2,1,1353,
0.0075082,,Surface,N2,1,1354,
0.68292,,Surface,N2,1,1356,
0.671832,,Surface,N2,1,1357,
0,,Surface,N2,1,1358,
0.446814,,Surface,N2,1,1359,
0,,Surface,N2,1,1360,
0.549684,,Surface,N2,1,1362,
0.00326254,,Surface,N2,1,1363,
0.920701,,Surface,N2,1,1364,
0.986972,,Surface,N2,1,1365,
0,,Surface,N2,1,1366,
0.00295043,,Surface,N2,1,1367,
0,,Surface,N2,1,1369,
0.822732,,Surface,N2,1,1370,
0,,Surface,N2,1,1373,
0.878821,,Surface,N2,1,1374,
0.00423071,,Surface,N2,1,1375,
0.000907116,,Surface,N2,1,1377,
0,,Surface,N2,1,1379,
0,,Surface,N2,1,1380,
0.200718,,Surface,N2,1,1381,
0,,Surface,N2,1,1382,
0.343029,,Surface,N2,1,1384,
0.775361,,Surface,N2,1,1385,
0.979936,,Surface,N2,1,1387,
0,,Surface,N2,1,1388,
0.105309,,Surface,N2,1,1390,
0.092148,,Surface,N2,1,1391,
0.000113056,,Surface,N2,1,1392,
0,,Surface,N2,1,1394,
0,,Surface,N2,1,1396,
0.00315706,,Surface,N2,1,1398,
0.910563,,Surface,N2,1,1399,
0.388482,,Surface,N2,1,1401,
0.000214686,,Surface,N2,1,1404,
0.558577,,Surface,N2,1,1406,
0.256527,,Surface,N2,1,1410,
0,,Surface,N2,1,1411,
0.744062,,Surface,N2,1,1414,
0.968637,,Surface,N2,1,1415,
0.474335,,Surface,N2,1,1416,
0,,Surface,N2,1,1417,
0.0361694,,Surface,N2,1,1418,
0.232156,,Surface,N2,1,1419,
0.934561,,Surface,N2,1,1421,
0,,Surface,N2,1,1422,
0.449492,,Surface,N2,1,1423,
0.266413,,Surface,N2,1,1426,
0.893243,,Surface,N2,1,1427,
0.514929,,Surface,N2,1,1428,
0.833901,,Surface,N2,1,1429,
0.832923,,Surface,N2,1,1430,
0.55764,,Surface,N2,1,1431,
0,,Surface,N2,1,1432,
0.728341,,Surface,N2,1,1433,
0.819125,,Surface,N2,1,1434,
0.232017,,Surface,N2,1,1435,
0.574196,,Surface,N2,1,1436,
0,,Surface,N2,1,1437,
0.514633,,Surface,N2,1,1438,
0,,Surface,N2,1,1439,
0.97551,,Surface,N2,1,1442,
0.204127,,Surface,N2,1,1443,
0.034541,,Surface,N2,1,1444,
0,,Surface,N2,1,1445,
0.833103,,Surface,N2,1,1447,
0.887649,,Surface,N2,1,1448,
0.0965502,,Surface,N2,1,1449,
0,,Surface,N2,1,1451,
0.405822,,Surface,N2,1,1453,
0.0184278,,Surface,N2,1,1455,
0,,Surface,N2,1,1456,
0.0753802,,Surface,N2,1,1457,
0.980214,,Surface,N2,1,1458,
0.290785,,Surface,N2,1,1462,
0.000969315,,Surface,N2,1,1466,
0.0299897,,Surface,N2,1,1467,
0.0419714,,Surface,N2,1,1468,
0.940917,,Surface,N2,1,1469,
0,,Surface,N2,1,1470,
0.260825,,Surface,N2,1,1471,
0.611455,,Surface,N2,1,1473,
0.688707,,Surface,N2,1,1474,
0.536183,,Surface,N2,1,1475,
0,,Surface,N2,1,1477,
0.805014,,Surface,N2,1,1479,
0,,Surface,N2,1,1480,
0,,Surface,N2,1,1481,
0.969238,,Surface,N2,1,1482,
0.811405,,Surface,N2,1,1484,
0,,Surface,N2,1,1486,
0.65731,,Surface,N2,1,1487,
0.949014,,Surface,N2,1,1488,
0.0276915,,Surface,N2,1,1489,
0,,Surface,N2,1,1492,
0,,Surface,N2,1,1493,
0.0120963,,Surface,N2,1,1494,
0.531728,,Surface,N2,1,1495,
0.00175942,,Surface,N2,1,1499,
0.932795,,Surface,N2,1,1500,
0.103661,,Surface,N2,1,1501,
0,,Surface,N2,1,1502,
0.979222,,Surface,N2,1,1503,
0,,Surface,N2,1,1504,
0,,Surface,N2,1,1508,
0,,Surface,N2,1,1510,
0.000796398,,Surface,N2,1,1511,
0.324142,,Surface,N2,1,1513,
0,,Surface,N2,1,1514,
0.758983,,Surface,N2,1,1515,
0.611895,,Surface,N2,1,1517,
0,,Surface,N2,1,1518,
0,,Surface,N2,1,1519,
0.426366,,Surface,N2,1,1520,
0.08483,,Surface,N2,1,1521,
0,,Surface,N2,1,1522,
0.838393,,Surface,N2,1,1523,
0.00943611,,Surface,N2,1,1525,
0,,Surface,N2,1,1527,
0,,Surface,N2,1,1529,
0.881198,,Surface,N2,1,1530,
0.480503,,Surface,N2,1,1531,
0.260999,,Surface,N2,1,1533,
0.0465061,,Surface,N2,1,1534,
0.711375,,Surface,N2,1,1535,
0.107442,,Surface,N2,1,1536,
0.192217,,Surface,N2,1,1537,
0,,Surface,N2,1,1538,
0.59498,,Surface,N2,1,1540,
0.00647371,,Surface,N2,1,1541,
0.0543148,,Surface,N2,1,1543,
0.0122099,,Surface,N2,1,1544,
0,,Surface,N2,1,1547,
0,,Surface,N2,1,1550,
0.376147,,Surface,N2,1,1553,
0.750551,,Surface,N2,1,1554,
0.776611,,Surface,N2,1,1555,
0,,Surface,N2,1,1557,
0,,Surface,N2,1,1558,
0,,Surface,N2,1,1559,
0.124874,,Surface,N2,1,1561,
0.367611,,Surface,N2,1,1562,
0.0671486,,Surface,N2,1,1563,
0.376672,,Surface,N2,1,1564,
0.901977,,Surface,N2,1,1565,
0.0811273,,Surface,N2,1,1566,
0.929297,,Surface,N2,1,1567,
0.315037,,Surface,N2,1,1568,
0.427107,,Surface,N2,1,1569,
0.238988,,Surface,N2,1,1570,
0.583658,,Surface,N2,1,1571,
0.0318505,,Surface,N2,1,1572,
0,,Surface,N2,1,1574,
0,,Surface,N2,1,1575,
0,,Surface,N2,1,1576,
0.677869,,Surface,N2,1,1578,
0.0511302,,Surface,N2,1,1579,
0,,Surface,N2,1,1581,
0,,Surface,N2,1,1582,
0.945527,,Surface,N2,1,1584,
0.632173,,Surface,N2,1,1585,
0,,Surface,N2,1,1586,
0.612897,,Surface,N2,1,1587,
0,,Surface,N2,1,1590,
0.0379312,,Surface,N2,1,1592,
0.938629,,Surface,N2,1,1593,
0,,Surface,N2,1,1594,
0,,Surface,N2,1,1596,
0.284302,,Surface,N2,1,1598,
0,,Surface,N2,1,1599,
0.74276,,Surface,N2,1,1600,
0.712423,,Surface,N2,1,1601,
0,,Surface,N2,1,1602,
0.000184993,,Surface,N2,1,1604,
0,,Surface,N2,1,1605,
0,,Surface,N2,1,1606,
2.55118e-05,,Surface,N2,1,1607,
0,,Surface,N2,1,1608,
0,,Surface,N2,1,1609,
0,,Surface,N2,1,1610,
0.888424,,Surface,N2,1,1611,
0,,Surface,N2,1,1612,
0,,Surface,N2,1,1613,
0,,Surface,N2,1,1614,
0.00254006,,Surface,N2,1,1615,
0.00902166,,Surface,N2,1,1616,
0.000703398,,Surface,N2,1,1617,
0,,Surface,N2,1,1618,
0.442107,,Surface,N2,1,1619,
0.109366,,Surface,N2,1,1620,
8.61809e-05,,Surface,N2,1,1621,
0,,Surface,N2,1,1622,
0,,Surface,N2,1,1623,
0.0833036,,Surface,N2,1,1624,
0,,Surface,N2,1,1625,
0,,Surface,N2,1,1626,
0.00557503,,Surface,N2,1,1627,
0,,Surface,N2,1,1628,
0,,Surface,N2,1,1629,
0,,Surface,N2,1,1630,
0,,Surface,N2,1,1632,
0,,Surface,N2,1,1633,
0,,Surface,N2,1,1634,
0.0590705,,Surface,N2,1,1635,
0,,Surface,N2,1,1636,
0.399168,,Surface,N2,1,1637,
0.659947,,Surface,N2,1,1639,
0,,Surface,N2,1,1640,
0.0219664,,Surface,N2,1,1641,
0,,Surface,N2,1,1642,
0,,Surface,N2,1,1643,
0,,Surface,N2,1,1644,
1.35428e-05,,Surface,N2,1,1645,
0,,Surface,N2,1,1646,
0.229788,,Surface,N2,1,1647,
0.80394,,Surface,N2,1,1648,
0,,Surface,N2,1,1649,
0,,Surface,N2,1,1651,
0.858166,,Surface,N2,1,1654,
0.233569,,Surface,N2,1,1655,
0.136695,,Surface,N2,1,1656,
0.204843,,Surface,N2,1,1657,
0,,Surface,N2,1,1658,
0.744712,,Surface,N2,1,1659,
0,,Surface,N2,1,1660,
0.634464,,Surface,N2,1,1663,
0.846191,,Surface,N2,1,1665,
0.166277,,Surface,N2,1,1666,
0,,Surface,N2,1,1667,
0.0342929,,Surface,N2,1,1668,
0.338045,,Surface,N2,1,1671,
0.0753709,,Surface,N2,1,1672,
0,,Surface,N2,1,1673,
0,,Surface,N2,1,1676,
0.0458854,,Surface,N2,1,1677,
0.667423,,Surface,N2,1,1679,
0.00344283,,Surface,N2,1,1682,
0.674523,,Surface,N2,1,1683,
0.388971,,Surface,N2,1,1686,
0.0472546,,Surface,N2,1,1687,
0,,Surface,N2,1,1688,
0,,Surface,N2,1,1689,
0.722254,,Surface,N2,1,1690,
0,,Surface,N2,1,1691,
0.346808,,Surface,N2,1,1692,
0.000153029,,Surface,N2,1,1695,
0.026653,,Surface,N2,1,1698,
0.725703,,Surface,N2,1,1699,
0,,Surface,N2,1,1700,
0,,Surface,N2,1,1702,
0.00285348,,Surface,N2,1,1703,
0.130052,,Surface,N2,1,1704,
0.0461312,,Surface,N2,1,1705,
0.463205,,Surface,N2,1,1707,
0,,Surface,N2,1,1708,
0,,Surface,N2,1,1709,
0.456762,,Surface,N2,1,1710,
0.296025,,Surface,N2,1,1711,
0.0097148,,Surface,N2,1,1712,
0,,Surface,N2,1,1713,
0.901899,,Surface,N2,1,1715,
0.497595,,Surface,N2,1,1716,
0,,Surface,N2,1,1717,
0,,Surface,N2,1,1718,
0,,Surface,N2,1,1719,
0,,Surface,N2,1,1720,
0.949034,,Surface,N2,1,1723,
0,,Surface,N2,1,1724,
0.432034,,Surface,N2,1,1725,
0.129752,,Surface,N2,1,1726,
0,,Surface,N2,1,1727,
0.0680738,,Surface,N2,1,1728,
0,,Surface,N2,1,1729,
0.0197345,,Surface,N2,1,1730,
0,,Surface,N2,1,1731,
0.295393,,Surface,N2,1,1732,
0.132912,,Surface,N2,1,1733,
0.146452,,Surface,N2,1,1734,
0,,Surface,N2,1,1735,
0,,Surface,N2,1,1736,
0,,Surface,N2,1,1737,
0,,Surface,N2,1,1738,
0.00526452,,Surface,N2,1,1739,
0,,Surface,N2,1,1742,
0.0441207,,Surface,N2,1,1743,
0,,Surface,N2,1,1744,
0,,Surface,N2,1,1746,
0.10711,,Surface,N2,1,1747,
0.0255545,,Surface,N2,1,1748,
0,,Surface,N2,1,1749,
0.380862,,Surface,N2,1,1750,
0,,Surface,N2,1,1752,
0.074884,,Surface,N2,1,1753,
0.154046,,Surface,N2,1,1754,
0,,Surface,N2,1,1755,
0,,Surface,N2,1,1756,
0,,Surface,N2,1,1757,
0,,Surface,N2,1,1758,
0.12275,,Surface,N2,1,1760,
0.436414,,Surface,N2,1,1761,
0,,Surface,N2,1,1762,
0,,Surface,N2,1,1763,
0.0877944,,Surface,N2,1,1764,
0.18693,,Surface,N2,1,1765,
0,,Surface,N2,1,1766,
0,,Surface,N2,1,1767,
0,,Surface,N2,1,1768,
0,,Surface,N2,1,1770,
0.0126256,,Surface,N2,1,1771,
0.0136317,,Surface,N2,1,1772,
0,,Surface,N2,1,1773,
0,,Surface,N2,1,1774,
0,,Surface,N2,1,1775,
0,,Surface,N2,1,1778,
1.72585e-05,,Surface,N2,1,1779,
0,,Surface,N2,1,1780,
0.0376355,,Surface,N2,1,1781,
0,,Surface,N2,1,1782,
0.0432811,,Surface,N2,1,1783,
0,,Surface,N2,1,1784,
0,,Surface,N2,1,1787,
0.0550645,,Surface,N2,1,1788,
0,,Surface,N2,1,1789,
0.0202651,,Surface,N2,1,1790,
0,,Surface,N2,1,1792,
0,,Surface,N2,1,1794,
0.264396,,Surface,N2,1,1795,
0,,Surface,N2,1,1796,
0,,Surface,N2,1,1797,
8.94493e-06,,Surface,N2,1,1798,
0.0324497,,Surface,N2,1,1800,
0,,Surface,N2,1,1801,
0.170047,,Surface,N2,1,1802,
0,,Surface,N2,1,1803,
0,,Surface,N2,1,1804,
0.0225815,,Surface,N2,1,1805,
0,,Surface,N2,1,1806,
0,,Surface,N2,1,1807,
0,,Surface,N2,1,1808,
0.235699,,Surface,N2,1,1810,
0.118286,,Surface,N2,1,1811,
0.0652398,,Surface,N2,1,1812,
0.320318,,Surface,N2,1,1813,
0.198279,,Surface,N2,1,1814,
0,,Surface,N2,1,1815,
0,,Surface,N2,1,1816,
0,,Surface,N2,1,1818,
0,,Surface,N2,1,1819,
0,,Surface,N2,1,1820,
0.0870561,,Surface,N2,1,1821,
0.353321,,Surface,N2,1,1823,
0,,Surface,N2,1,1824,
0,,Surface,N2,1,1825,
0,,Surface,N2,1,1826,
0,,Surface,N2,1,1827,
0,,Surface,N2,1,1828,
0.229302,,Surface,N2,1,1829,
0.162798,,Surface,N2,1,1830,
0.0447707,,Surface,N2,1,1832,
0,,Surface,N2,1,1833,
0,,Surface,N2,1,1834,
0.0199156,,Surface,N2,1,1835,
0,,Surface,N2,1,1837,
0.211447,,Surface,N2,1,1838,
0,,Surface,N2,1,1839,
0.00983692,,Surface,N2,1,1840,
0,,Surface,N2,1,1841,
0.00211414,,Surface,N2,1,1842,
0,,Surface,N2,1,1843,
0,,Surface,N2,1,1844,
0.174267,,Surface,N2,1,1845,
0.187395,,Surface,N2,1,1846,
0,,Surface,N2,1,1847,
0,,Surface,N2,1,1849,
0,,Surface,N2,1,1850,
0.00100491,,Surface,N2,1,1851,
0.371793,,Surface,N2,1,1853,
0,,Surface,N2,1,1854,
0.0123961,,Surface,N2,1,1855,
0,,Surface,N2,1,1857,
0,,Surface,N2,1,1859,
0,,Surface,N2,1,1860,
0,,Surface,N2,1,1861,
0,,Surface,N2,1,1863,
0,,Surface,N2,1,1864,
0,,Surface,N2,1,1865,
0,,Surface,N2,1,1866,
0,,Surface,N2,1,1867,
0,,Surface,N2,1,1868,
0.0252636,,Surface,N2,1,1869,
0,,Surface,N2,1,1870,
0,,Surface,N2,1,1871,
0.122843,,Surface,N2,1,1872,
0,,Surface,N2,1,1873,
0,,Surface,N2,1,1875,
0,,Surface,N2,1,1876,
0,,Surface,N2,1,1877,
0,,Surface,N2,1,1878,
0.0341658,,Surface,N2,1,1879,
0.000780565,,Surface,N2,1,1880,
0.161231,,Surface,N2,1,1881,
0,,Surface,N2,1,1882,
0.0539804,,Surface,N2,1,1883,
0,,Surface,N2,1,1884,
0,,Surface,N2,1,1885,
0,,Surface,N2,1,1887,
0,,Surface,N2,1,1888,
0,,Surface,N2,1,1889,
0,,Surface,N2,1,1890,
0.439125,,Surface,N2,1,1891,
0,,Surface,N2,1,1892,
0.120209,,Surface,N2,1,1893,
0,,Surface,N2,1,1894,
0,,Surface,N2,1,1895,
0,,Surface,N2,1,1897,
0,,Surface,N2,1,1899,
0,,Surface,N2,1,1901,
0.0136126,,Surface,N2,1,1902,
0.0911056,,Surface,N2,1,1903,
0,,Surface,N2,1,1905,
0,,Surface,N2,1,1906,
0,,Surface,N2,1,1907,
0,,Surface,N2,1,1908,
0,,Surface,N2,1,1909,
0,,Surface,N2,1,1910,
0,,Surface,N2,1,1912,
0.0618501,,Surface,N2,1,1913,
0,,Surface,N2,1,1914,
0.0960972,,Surface,N2,1,1915,
0,,Surface,N2,1,1917,
0,,Surface,N2,1,1919,
0.109645,,Surface,N2,1,1922,
0.13516,,Surface,N2,1,1923,
0.191573,,Surface,N2,1,1924,
0,,Surface,N2,1,1925,
0,,Surface,N2,1,1926,
0,,Surface,N2,1,1927,
0.136221,,Surface,N2,1,1929,
0,,Surface,N2,1,1930,
0.198132,,Surface,N2,1,1934,
0.126842,,Surface,N2,1,1935,
0,,Surface,N2,1,1937,
0,,Surface,N2,1,1938,
0,,Surface,N2,1,1940,
0,,Surface,N2,1,1941,
0,,Surface,N2,1,1942,
0,,Surface,N2,1,1943,
0,,Surface,N2,1,1944,
0.19651,,Surface,N2,1,1947,
0,,Surface,N2,1,1950,
0.0912952,,Surface,N2,1,1951,
0,,Surface,N2,1,1952,
0,,Surface,N2,1,1953,
0,,Surface,N2,1,1954,
0,,Surface,N2,1,1955,
0,,Surface,N2,1,1956,
0,,Surface,N2,1,1959,
0,,Surface,N2,1,1961,
0.00980351,,Surface,N2,1,1962,
0,,Surface,N2,1,1963,
0,,Surface,N2,1,1964,
0.053535,,Surface,N2,1,1965,
0,,Surface,N2,1,1966,
0.11222,,Surface,N2,1,1968,
0,,Surface,N2,1,1969,
0,,Surface,N2,1,1970,
0,,Surface,N2,1,1971,
0.144233,,Surface,N2,1,1972,
0,,Surface,N2,1,1973,
0,,Surface,N2,1,1974,
0.0268927,,Surface,N2,1,1975,
0.184222,,Surface,N2,1,1976,
0,,Surface,N2,1,1978,
0,,Surface,N2,1,1979,
0,,Surface,N2,1,1980,
0,,Surface,N2,1,1981,
0,,Surface,N2,1,1983,
0,,Surface,N2,1,1984,
0,,Surface,N2,1,1986,
0.186507,,Surface,N2,1,1988,
0.00278962,,Surface,N2,1,1989,
0.302181,,Surface,N2,1,1990,
0,,Surface,N2,1,1991,
0,,Surface,N2,1,1992,
4.04406e-05,,Surface,N2,1,1993,
0.158518,,Surface,N2,1,1994,
0.122236,,Surface,N2,1,1995,
0,,Surface,N2,1,1996,
0.188604,,Surface,N2,1,1997,
0,,Surface,N2,1,1998,
0.182985,,Surface,N2,1,1999,
0,,Surface,N2,1,2002,
0,,Surface,N2,1,2003,
0.0213885,,Surface,N2,1,2004,
0,,Surface,N2,1,2005,
0,,Surface,N2,1,2006,
0,,Surface,N2,1,2007,
0.0944013,,Surface,N2,1,2008,
0,,Surface,N2,1,2009,
0,,Surface,N2,1,2010,
0,,Surface,N2,1,2011,
0,,Surface,N2,1,2012,
0,,Surface,N2,1,2013,
0.0675218,,Surface,N2,1,2014,
0.130881,,Surface,N2,1,2016,
0,,Surface,N2,1,2017,
0,,Surface,N2,1,2018,
0.000698598,,Surface,N2,1,2019,
0,,Surface,N2,1,2020,
0,,Surface,N2,1,2021,
0,,Surface,N2,1,2022,
0.0839789,,Surface,N2,1,2023,
0,,Surface,N2,1,2024,
0,,Surface,N2,1,2025,
0,,Surface,N2,1,2026,
0,,Surface,N2,1,2027,
0,,Surface,N2,1,2028,
0.0826979,,Surface,N2,1,2029,
0,,Surface,N2,1,2030,
0,,Surface,N2,1,2032,
0,,Surface,N2,1,2033,
0.0748104,,Surface,N2,1,2034,
0.000106813,,Surface,N2,1,2036,
0,,Surface,N2,1,2037,
0.000863053,,Surface,N2,1,2038,
0,,Surface,N2,1,2039,
0.0537125,,Surface,N2,1,2040,
0,,Surface,N2,1,2041,
0,,Surface,N2,1,2043,
0,,Surface,N2,1,2045,
0.0226882,,Surface,N2,1,2046,
0,,Surface,N2,1,2047,
0,,Surface,N2,1,2048,
0.148992,,Surface,N2,1,2049,
0,,Surface,N2,1,2050,
0,,Surface,N2,1,2052,
0,,Surface,N2,1,2053,
0,,Surface,N2,1,2055,
0.0586902,,Surface,N2,1,2057,
0,,Surface,N2,1,2058,
0,,Surface,N2,1,2059,
0,,Surface,N2,1,2060,
0,,Surface,N2,1,2061,
0.231048,,Surface,N2,1,2062,
0.154172,,Surface,N2,1,2064,
0,,Surface,N2,1,2067,
0.00247748,,Surface,N2,1,2068,
0.266909,,Surface,N2,1,2069,
0,,Surface,N2,1,2070,
0,,Surface,N2,1,2071,
0.279934,,Surface,N2,1,2072,
0,,Surface,N2,1,2073,
0,,Surface,N2,1,2074,
0,,Surface,N2,1,2075,
0.238033,,Surface,N2,1,2077,
0.0460596,,Surface,N2,1,2078,
0,,Surface,N2,1,2079,
0.376635,,Surface,N2,1,2080,
0,,Surface,N2,1,2081,
0,,Surface,N2,1,2082,
0,,Surface,N2,1,2083,
0.00319392,,Surface,N2,1,2084,
0,,Surface,N2,1,2085,
0,,Surface,N2,1,2086,
0.00100589,,Surface,N2,1,2087,
0,,Surface,N2,1,2088,
0,,Surface,N2,1,2089,
0,,Surface,N2,1,2091,
0,,Surface,N2,1,2093,
0.0120359,,Surface,N2,1,2094,
0,,Surface,N2,1,2095,
0.219545,,Surface,N2,1,2096,
0,,Surface,N2,1,2097,
0,,Surface,N2,1,2099,
0,,Surface,N2,1,2100,
0,,Surface,N2,1,2101,
0,,Surface,N2,1,2102,
0,,Surface,N2,1,2103,
0.0149594,,Surface,N2,1,2104,
0,,Surface,N2,1,2105,
0,,Surface,N2,1,2106,
0.126376,,Surface,N2,1,2107,
0.037848,,Surface,N2,1,2108,
0,,Surface,N2,1,2112,
0,,Surface,N2,1,2114,
0.0889976,,Surface,N2,1,2115,
0,,Surface,N2,1,2116,
0.162766,,Surface,N2,1,2118,
0,,Surface,N2,1,2120,
0.309308,,Surface,N2,1,2121,
0,,Surface,N2,1,2122,
0,,Surface,N2,1,2123,
0,,Surface,N2,1,2124,
0,,Surface,N2,1,2125,
0,,Surface,N2,1,2126,
0,,Surface,N2,1,2127,
0,,Surface,N2,1,2128,
0,,Surface,N2,1,2129,
0,,Surface,N2,1,2130,
0,,Surface,N2,1,2131,
0,,Surface,N2,1,2133,
0,,Surface,N2,1,2134,
0,,Surface,N2,1,2136,
0,,Surface,N2,1,2138,
0.00103776,,Surface,N2,1,2142,
0,,Surface,N2,1,2143,
0,,Surface,N2,1,2144,
0.0661158,,Surface,N2,1,2147,
0,,Surface,N2,1,2148,
0,,Surface,N2,1,2150,
0,,Surface,N2,1,2151,
0.00037071,,Surface,N2,1,2152,
0.206824,,Surface,N2,1,2154,
0.489407,,Surface,N2,1,2155,
0,,Surface,N2,1,2156,
0,,Surface,N2,1,2157,
0.417345,,Surface,N2,1,2158,
0.0048063,,Surface,N2,1,2160,
0,,Surface,N2,1,2161,
0.26067,,Surface,N2,1,2162,
0,,Surface,N2,1,2163,
0,,Surface,N2,1,2164,
0.0192711,,Surface,N2,1,2165,
0,,Surface,N2,1,2166,
0,,Surface,N2,1,2167,
0.0726968,,Surface,N2,1,2168,
0.0315107,,Surface,N2,1,2169,
0.122037,,Surface,N2,1,2170,
0,,Surface,N2,1,2171,
0.0457603,,Surface,N2,1,2172,
0,,Surface,N2,1,2173,
0,,Surface,N2,1,2174,
0,,Surface,N2,1,2175,
0,,Surface,N2,1,2176,
0,,Surface,N2,1,2177,
0,,Surface,N2,1,2178,
0,,Surface,N2,1,2181,
0,,Surface,N2,1,2183,
0,,Surface,N2,1,2184,
0,,Surface,N2,1,2186,
0,,Surface,N2,1,2187,
0,,Surface,N2,1,2189,
0,,Surface,N2,1,2190,
0,,Surface,N2,1,2191,
0,,Surface,N2,1,2192,
0,,Surface,N2,1,2194,
0,,Surface,N2,1,2195,
0,,Surface,N2,1,2196,
0.247525,,Surface,N2,1,2198,
0,,Surface,N2,1,2201,
0.0923894,,Surface,N2,1,2203,
0,,Surface,N2,1,2204,
0,,Surface,N2,1,2207,
0,,Surface,N2,1,2208,
0,,Surface,N2,1,2210,
0,,Surface,N2,1,2211,
0,,Surface,N2,1,2213,
0,,Surface,N2,1,2214,
0,,Surface,N2,1,2215,
0,,Surface,N2,1,2216,
0,,Surface,N2,1,2217,
0,,Surface,N2,1,2218,
0,,Surface,N2,1,2220,
0,,Surface,N2,1,2221,
0,,Surface,N2,1,2222,
0,,Surface,N2,1,2223,
0,,Surface,N2,1,2224,
0,,Surface,N2,1,2225,
0,,Surface,N2,1,2227,
0,,Surface,N2,1,2229,
2.45147e-05,,Surface,N2,1,2231,
0,,Surface,N2,1,2233,
0,,Surface,N2,1,2234,
0,,Surface,N2,1,2235,
0,,Surface,N2,1,2240,
0,,Surface,N2,1,2244,
0,,Surface,N2,1,2246,
0,,Surface,N2,1,2247,
0,,Surface,N2,1,2248,
0,,Surface,N2,1,2249,
0,,Surface,N2,1,2250,
0.605503,,Surface,N2,1,2251,
0.118036,,Surface,N2,1,2252,
0,,Surface,N2,1,2253,
0,,Surface,N2,1,2258,
0,,Surface,N2,1,2260,
0,,Surface,N2,1,2261,
0.324442,,Surface,N2,1,2262,
0.061449,,Surface,N2,1,2263,
0,,Surface,N2,1,2265,
0,,Surface,N2,1,2270,
0,,Surface,N2,1,2271,
0.175649,,Surface,N2,1,2275,
0.0545079,,Surface,N2,1,2276,
0.0299471,,Surface,N2,1,2277,
0,,Surface,N2,1,2278,
0,,Surface,N2,1,2280,
0,,Surface,N2,1,2282,
0.0538286,,Surface,N2,1,2284,
0,,Surface,N2,1,2286,
0,,Surface,N2,1,2287,
0,,Surface,N2,1,2288,
0,,Surface,N2,1,2291,
0,,Surface,N2,1,2292,
0,,Surface,N2,1,2293,
0.001097,,Surface,N2,1,2296,
0,,Surface,N2,1,2297,
0,,Surface,N2,1,2299,
0,,Surface,N2,1,2300,
0,,Surface,N2,1,2301,
0,,Surface,N2,1,2302,
0,,Surface,N2,1,2304,
0,,Surface,N2,1,2306,
0,,Surface,N2,1,2308,
0,,Surface,N2,1,2309,
0.278724,,Surface,N2,1,2311,
0,,Surface,N2,1,2313,
0,,Surface,N2,1,2314,
0,,Surface,N2,1,2316,
0,,Surface,N2,1,2317,
0.722881,,Surface,N2,1,2318,
0,,Surface,N2,1,2319,
0,,Surface,N2,1,2321,
0,,Surface,N2,1,2323,
0.0264469,,Surface,N2,1,2324,
0.0162549,,Surface,N2,1,2325,
0.123444,,Surface,N2,1,2326,
0,,Surface,N2,1,2328,
0.286688,,Surface,N2,1,2332,
0,,Surface,N2,1,2337,
0,,Surface,N2,1,2340,
0.557288,,Surface,N2,1,2342,
0.213346,,Surface,N2,1,2343,
0.711192,,Surface,N2,1,2345,
0,,Surface,N2,1,2348,
0,,Surface,N2,1,2352,
0,,Surface,N2,1,2354,
0.235039,,Surface,N2,1,2355,
0,,Surface,N2,1,2356,
0.0636382,,Surface,N2,1,2357,
0,,Surface,N2,1,2361,
0,,Surface,N2,1,2362,
0.102406,,Surface,N2,1,2363,
0,,Surface,N2,1,2364,
0.029154,,Surface,N2,1,2365,
0,,Surface,N2,1,2368,
0.0305563,,Surface,N2,1,2370,
4.21727e-05,,Surface,N2,1,2373,
0,,Surface,N2,1,2374,
0.0873081,,Surface,N2,1,2375,
0,,Surface,N2,1,2378,
0.125218,,Surface,N2,1,2380,
0.000212951,,Surface,N2,1,2387,
0,,Surface,N2,1,2388,
0.376782,,Surface,N2,1,2389,
0.0406934,,Surface,N2,1,2390,
0,,Surface,N2,1,2391,
0,,Surface,N2,1,2394,
0,,Surface,N2,1,2399,
0,,Surface,N2,1,2403,
0,,Surface,N2,1,2404,
0.00173951,,Surface,N2,1,2405,
0.0060776,,Surface,N2,1,2409,
0,,Surface,N2,1,2410,
0.329076,,Surface,N2,1,2412,
0,,Surface,N2,1,2414,
0,,Surface,N2,1,2416,
0,,Surface,N2,1,2417,
0,,Surface,N2,1,2419,
0.0533292,,Surface,N2,1,2421,
0,,Surface,N2,1,2422,
0,,Surface,N2,1,2423,
0.212949,,Surface,N2,1,2424,
0.130305,,Surface,N2,1,2425,
0,,Surface,N2,1,2428,
0.0561956,,Surface,N2,1,2429,
0.0744282,,Surface,N2,1,2431,
0.192909,,Surface,N2,1,2432,
0,,Surface,N2,1,2433,
0,,Surface,N2,1,2434,
0,,Surface,N2,1,2437,
0,,Surface,N2,1,2439,
0.0229661,,Surface,N2,1,2440,
0.283563,,Surface,N2,1,2443,
0.199709,,Surface,N2,1,2445,
0,,Surface,N2,1,2446,
0,,Surface,N2,1,2449,
0,,Surface,N2,1,2450,
0.00191247,,Surface,N2,1,2452,
0,,Surface,N2,1,2453,
0,,Surface,N2,1,2457,
0,,Surface,N2,1,2458,
0,,Surface,N2,1,2464,
0,,Surface,N2,1,2465,
0,,Surface,N2,1,2466,
0.000242399,,Surface,N2,1,2468,
0.0238596,,Surface,N2,1,2469,
0,,Surface,N2,1,2471,
0,,Surface,N2,1,2472,
0,,Surface,N2,1,2473,
0,,Surface,N2,1,2474,
0,,Surface,N2,1,2478,
0,,Surface,N2,1,2479,
0.231261,,Surface,N2,1,2483,
0.376644,,Surface,N2,1,2485,
0,,Surface,N2,1,2486,
0,,Surface,N2,1,2487,
0,,Surface,N2,1,2488,
0,,Surface,N2,1,2493,
0,,Surface,N2,1,2494,
0.0788545,,Surface,N2,1,2496,
0,,Surface,N2,1,2498,
0,,Surface,N2,1,2500,
0,,Surface,N2,1,2501,
0.00042432,,Surface,N2,1,2502,
0,,Surface,N2,1,2503,
0,,Surface,N2,1,2505,
0,,Surface,N2,1,2507,
0,,Surface,N2,1,2508,
0.0621009,,Surface,N2,1,2509,
0.41178,,Surface,N2,1,2510,
0,,Surface,N2,1,2511,
0,,Surface,N2,1,2522,
0,,Surface,N2,1,2524,
0.0355272,,Surface,N2,1,2529,
0,,Surface,N2,1,2530,
0,,Surface,N2,1,2531,
0,,Surface,N2,1,2532,
0,,Surface,N2,1,2534,
0,,Surface,N2,1,2535,
0,,Surface,N2,1,2536,
0.0778937,,Surface,N2,1,2537,
0,,Surface,N2,1,2538,
0.246993,,Surface,N2,1,2539,
0.015569,,Surface,N2,1,2540,
0,,Surface,N2,1,2541,
0,,Surface,N2,1,2543,
0.285953,,Surface,N2,1,2544,
0,,Surface,N2,1,2546,
0,,Surface,N2,1,2548,
0.242159,,Surface,N2,1,2549,
0,,Surface,N2,1,2551,
0,,Surface,N2,1,2556,
0.00386071,,Surface,N2,1,2557,
0,,Surface,N2,1,2561,
0,,Surface,N2,1,2562,
0.000714644,,Surface,N2,1,2565,
0,,Surface,N2,1,2566,
0,,Surface,N2,1,2567,
0.0187419,,Surface,N2,1,2568,
0,,Surface,N2,1,2569,
0,,Surface,N2,1,2572,
0.121597,,Surface,N2,1,2575,
0.0945891,,Surface,N2,1,2577,
0.0276664,,Surface,N2,1,2578,
0,,Surface,N2,1,2581,
0.000489448,,Surface,N2,1,2582,
0.0816323,,Surface,N2,1,2583,
0,,Surface,N2,1,2584,
0.0732744,,Surface,N2,1,2585,
0.0794079,,Surface,N2,1,2586,
0.00349319,,Surface,N2,1,2587,
0,,Surface,N2,1,2589,
0,,Surface,N2,1,2592,
1.25743e-05,,Surface,N2,1,2598,
0,,Surface,N2,1,2600,
0,,Surface,N2,1,2601,
0,,Surface,N2,1,2610,
0,,Surface,N2,1,2613,
0,,Surface,N2,1,2615,
0.0119484,,Surface,N2,1,2616,
0.101418,,Surface,N2,1,2619,
0.0838207,,Surface,N2,1,2621,
0.159889,,Surface,N2,1,2622,
0,,Surface,N2,1,2624,
0,,Surface,N2,1,2628,
0,,Surface,N2,1,2629,
0.0372624,,Surface,N2,1,2632,
0,,Surface,N2,1,2634,
6.58884e-05,,Surface,N2,1,2635,
0,,Surface,N2,1,2638,
0.768804,,Surface,N2,1,2639,
0.0515332,,Surface,N2,1,2641,
0,,Surface,N2,1,2642,
0,,Surface,N2,1,2643,
0,,Surface,N2,1,2644,
0.415891,,Surface,N2,1,2646,
0.572437,,Surface,N2,1,2648,
0,,Surface,N2,1,2649,
0,,Surface,N2,1,2650,
0.169874,,Surface,N2,1,2652,
0,,Surface,N2,1,2653,
0,,Surface,N2,1,2657,
0.538449,,Surface,N2,1,2666,
0,,Surface,N2,1,2668,
0,,Surface,N2,1,2669,
0.0585427,,Surface,N2,1,2670,
0,,Surface,N2,1,2671,
0.361396,,Surface,N2,1,2675,
0.321421,,Surface,N2,1,2677,
0.0399522,,Surface,N2,1,2681,
0,,Surface,N2,1,2682,
0,,Surface,N2,1,2685,
0,,Surface,N2,1,2686,
0.290619,,Surface,N2,1,2687,
0.00741262,,Surface,N2,1,2688,
0,,Surface,N2,1,2692,
0,,Surface,N2,1,2693,
0,,Surface,N2,1,2696,
0,,Surface,N2,1,2700,
0,,Surface,N2,1,2702,
0,,Surface,N2,1,2703,
0,,Surface,N2,1,2706,
0,,Surface,N2,1,2708,
0,,Surface,N2,1,2710,
0.31045,,Surface,N2,1,2711,
0,,Surface,N2,1,2712,
0,,Surface,N2,1,2714,
0.174243,,Surface,N2,1,2720,
0.00272834,,Surface,N2,1,2722,
0.223565,,Surface,N2,1,2724,
0.140353,,Surface,N2,1,2728,
0,,Surface,N2,1,2729,
0,,Surface,N2,1,2730,
0.0781664,,Surface,N2,1,2732,
0,,Surface,N2,1,2735,
0,,Surface,N2,1,2736,
0,,Surface,N2,1,2737,
3.25095e-05,,Surface,N2,1,2743,
0.491167,,Surface,N2,1,2746,
0,,Surface,N2,1,2747,
0,,Surface,N2,1,2748,
0.295364,,Surface,N2,1,2749,
0,,Surface,N2,1,2750,
0.00128846,,Surface,N2,1,2751,
0.013727,,Surface,N2,1,2756,
0,,Surface,N2,1,2757,
0.20002,,Surface,N2,1,2758,
0.135789,,Surface,N2,1,2759,
0.2438,,Surface,N2,1,2761,
0.0223698,,Surface,N2,1,2763,
0.0286259,,Surface,N2,1,2764,
0,,Surface,N2,1,2767,
0,,Surface,N2,1,2769,
0,,Surface,N2,1,2770,
0,,Surface,N2,1,2772,
0,,Surface,N2,1,2773,
0.354192,,Surface,N2,1,2776,
0,,Surface,N2,1,2777,
0,,Surface,N2,1,2778,
0,,Surface,N2,1,2783,
0,,Surface,N2,1,2784,
0,,Surface,N2,1,2785,
0.224442,,Surface,N2,1,2788,
0.0444032,,Surface,N2,1,2790,
0.0228403,,Surface,N2,1,2793,
0,,Surface,N2,1,2794,
0.0645138,,Surface,N2,1,2795,
0,,Surface,N2,1,2796,
0,,Surface,N2,1,2797,
0,,Surface,N2,1,2798,
0.346926,,Surface,N2,1,2799,
0,,Surface,N2,1,2801,
0,,Surface,N2,1,2805,
0.0931309,,Surface,N2,1,2807,
0,,Surface,N2,1,2808,
0,,Surface,N2,1,2809,
0,,Surface,N2,1,2810,
0,,Surface,N2,1,2813,
0.0939691,,Surface,N2,1,2814,
0,,Surface,N2,1,2815,
0,,Surface,N2,1,2816,
0,,Surface,N2,1,2817,
0,,Surface,N2,1,2818,
0.440984,,Surface,N2,1,2819,
0.165135,,Surface,N2,1,2823,
0,,Surface,N2,1,2824,
0,,Surface,N2,1,2825,
0,,Surface,N2,1,2830,
0,,Surface,N2,1,2831,
0,,Surface,N2,1,2832,
0,,Surface,N2,1,2833,
0,,Surface,N2,1,2835,
0,,Surface,N2,1,2837,
0,,Surface,N2,1,2840,
0.128378,,Surface,N2,1,2841,
0,,Surface,N2,1,2842,
0,,Surface,N2,1,2844,
0,,Surface,N2,1,2847,
0,,Surface,N2,1,2853,
0.472691,,Surface,N2,1,2854,
0,,Surface,N2,1,2856,
0,,Surface,N2,1,2857,
0,,Surface,N2,1,2858,
0.0089523,,Surface,N2,1,2860,
0,,Surface,N2,1,2861,
0.132529,,Surface,N2,1,2863,
0,,Surface,N2,1,2867,
0.0858507,,Surface,N2,1,2868,
0.0620072,,Surface,N2,1,2870,
0,,Surface,N2,1,2873,
0,,Surface,N2,1,2874,
0,,Surface,N2,1,2879,
0,,Surface,N2,1,2881,
0,,Surface,N2,1,2882,
0.0309922,,Surface,N2,1,2884,
0,,Surface,N2,1,2887,
0,,Surface,N2,1,2888,
0,,Surface,N2,1,2890,
0,,Surface,N2,1,2891,
0,,Surface,N2,1,2893,
0,,Surface,N2,1,2895,
0,,Surface,N2,1,2896,
0.0903461,,Surface,N2,1,2897,
0,,Surface,N2,1,2904,
0,,Surface,N2,1,2905,
0,,Surface,N2,1,2906,
0,,Surface,N2,1,2908,
0,,Surface,N2,1,2909,
0,,Surface,N2,1,2911,
0,,Surface,N2,1,2912,
0,,Surface,N2,1,2915,
0,,Surface,N2,1,2917,
0,,Surface,N2,1,2919,
0,,Surface,N2,1,2920,
0,,Surface,N2,1,2921,
0,,Surface,N2,1,2923,
0.0525927,,Surface,N2,1,2924,
0,,Surface,N2,1,2925,
0,,Surface,N2,1,2926,
0.0840512,,Surface,N2,1,2927,
0,,Surface,N2,1,2932,
0,,Surface,N2,1,2934,
0,,Surface,N2,1,2936,
0,,Surface,N2,1,2937,
0.0557503,,Surface,N2,1,2938,
0,,Surface,N2,1,2939,
0,,Surface,N2,1,2940,
0,,Surface,N2,1,2943,
0.00915415,,Surface,N2,1,2949,
0.0112258,,Surface,N2,1,2952,
0.130456,,Surface,N2,1,2954,
0.00538431,,Surface,N2,1,2956,
0.063024,,Surface,N2,1,2957,
0,,Surface,N2,1,2958,
0,,Surface,N2,1,2959,
0,,Surface,N2,1,2963,
0,,Surface,N2,1,2964,
0,,Surface,N2,1,2965,
0,,Surface,N2,1,2966,
0.0019916,,Surface,N2,1,2967,
0,,Surface,N2,1,2972,
0.2263,,Surface,N2,1,2973,
0,,Surface,N2,1,2974,
0.277609,,Surface,N2,1,2977,
0,,Surface,N2,1,2978,
0,,Surface,N2,1,2979,
0,,Surface,N2,1,2983,
0,,Surface,N2,1,2984,
0.140702,,Surface,N2,1,2986,
0,,Surface,N2,1,2987,
0,,Surface,N2,1,2988,
0,,Surface,N2,1,2991,
0.258447,,Surface,N2,1,2992,
0,,Surface,N2,1,2993,
0,,Surface,N2,1,2994,
0,,Surface,N2,1,2995,
0,,Surface,N2,1,2996,
0,,Surface,N2,1,2997,
0.0503249,,Surface,N2,1,2998,
0,,Surface,N2,1,2999,
0,,Surface,N2,1,3002,
0,,Surface,N2,1,3005,
0,,Surface,N2,1,3009,
0.0249515,,Surface,N2,1,3015,
0.345048,,Surface,N2,1,3017,
0,,Surface,N2,1,3018,
0.0170318,,Surface,N2,1,3020,
0,,Surface,N2,1,3025,
0.0462652,,Surface,N2,1,3026,
0.30607,,Surface,N2,1,3027,
0,,Surface,N2,1,3029,
0,,Surface,N2,1,3032,
0,,Surface,N2,1,3034,
0,,Surface,N2,1,3036,
0,,Surface,N2,1,3038,
0,,Surface,N2,1,3039,
0.0878896,,Surface,N2,1,3041,
0.0964793,,Surface,N2,1,3042,
0,,Surface,N2,1,3044,
0.37599,,Surface,N2,1,3047,
0,,Surface,N2,1,3048,
0.229461,,Surface,N2,1,3049,
0,,Surface,N2,1,3052,
0.107756,,Surface,N2,1,3053,
0.399903,,Surface,N2,1,3057,
0,,Surface,N2,1,3058,
0,,Surface,N2,1,3060,
0,,Surface,N2,1,3061,
0,,Surface,N2,1,3064,
0,,Surface,N2,1,3067,
0,,Surface,N2,1,3068,
0.00821768,,Surface,N2,1,3069,
0,,Surface,N2,1,3070,
0,,Surface,N2,1,3071,
0,,Surface,N2,1,3072,
0,,Surface,N2,1,3073,
0,,Surface,N2,1,3074,
0.0112645,,Surface,N2,1,3076,
0,,Surface,N2,1,3077,
0,,Surface,N2,1,3078,
0,,Surface,N2,1,3079,
0,,Surface,N2,1,3081,
0,,Surface,N2,1,3084,
0,,Surface,N2,1,3089,
0,,Surface,N2,1,3090,
0,,Surface,N2,1,3091,
0,,Surface,N2,1,3101,
0,,Surface,N2,1,3102,
0,,Surface,N2,1,3105,
0.00335747,,Surface,N2,1,3106,
0,,Surface,N2,1,3109,
0,,Surface,N2,1,3110,
0.00623582,,Surface,N2,1,3111,
0.0206176,,Surface,N2,1,3113,
0.23072,,Surface,N2,1,3114,
0,,Surface,N2,1,3117,
0.166106,,Surface,N2,1,3118,
0.275895,,Surface,N2,1,3119,
0.0557331,,Surface,N2,1,3121,
0,,Surface,N2,1,3122,
0,,Surface,N2,1,3124,
0,,Surface,N2,1,3125,
0,,Surface,N2,1,3126,
0,,Surface,N2,1,3130,
0,,Surface,N2,1,3131,
0,,Surface,N2,1,3134,
0,,Surface,N2,1,3135,
0,,Surface,N2,1,3136,
0,,Surface,N2,1,3138,
0.0644673,,Surface,N2,1,3141,
0.0949101,,Surface,N2,1,3144,
0,,Surface,N2,1,3146,
0,,Surface,N2,1,3147,
0,,Surface,N2,1,3148,
0,,Surface,N2,1,3150,
0,,Surface,N2,1,3151,
0.282832,,Surface,N2,1,3152,
0,,Surface,N2,1,3153,
0,,Surface,N2,1,3154,
0,,Surface,N2,1,3155,
0,,Surface,N2,1,3156,
0,,Surface,N2,1,3157,
0,,Surface,N2,1,3160,
0,,Surface,N2,1,3163,
0,,Surface,N2,1,3164,
0.272161,,Surface,N2,1,3165,
0,,Surface,N2,1,3168,
0.00716906,,Surface,N2,1,3169,
0.166235,,Surface,N2,1,3170,
0,,Surface,N2,1,3172,
0,,Surface,N2,1,3175,
0,,Surface,N2,1,3176,
0.00726007,,Surface,N2,1,3177,
0.0922447,,Surface,N2,1,3179,
0.062966,,Surface,N2,1,3183,
0.10579,,Surface,N2,1,3184,
0.251016,,Surface,N2,1,3186,
0,,Surface,N2,1,3194,
0,,Surface,N2,1,3198,
0.014461,,Surface,N2,1,3202,
0.07855,,Surface,N2,1,3207,
0,,Surface,N2,1,3209,
0,,Surface,N2,1,3212,
0,,Surface,N2,1,3214,
0,,Surface,N2,1,3216,
0.000536687,,Surface,N2,1,3217,
0,,Surface,N2,1,3218,
0,,Surface,N2,1,3219,
0,,Surface,N2,1,3221,
0.18962,,Surface,N2,1,3222,
0,,Surface,N2,1,3223,
0.106557,,Surface,N2,1,3227,
0.00735011,,Surface,N2,1,3229,
0,,Surface,N2,1,3230,
0.0397415,,Surface,N2,1,3231,
0.0571665,,Surface,N2,1,3233,
0,,Surface,N2,1,3234,
0,,Surface,N2,1,3235,
0.00124285,,Surface,N2,1,3236,
0,,Surface,N2,1,3237,
0,,Surface,N2,1,3238,
0.043508,,Surface,N2,1,3239,
0.0213218,,Surface,N2,1,3240,
0,,Surface,N2,1,3241,
0,,Surface,N2,1,3242,
0,,Surface,N2,1,3244,
0,,Surface,N2,1,3245,
0,,Surface,N2,1,3246,
0.0208112,,Surface,N2,1,3248,
0,,Surface,N2,1,3249,
0,,Surface,N2,1,3253,
1.65262e-05,,Surface,N2,1,3259,
0.0575473,,Surface,N2,1,3260,
0.0275333,,Surface,N2,1,3261,
0,,Surface,N2,1,3262,
0.0165104,,Surface,N2,1,3263,
0.241491,,Surface,N2,1,3264,
0,,Surface,N2,1,3265,
0.685875,,Surface,N2,1,3267,
0,,Surface,N2,1,3268,
0,,Surface,N2,1,3271,
0,,Surface,N2,1,3273,
0,,Surface,N2,1,3274,
0,,Surface,N2,1,3281,
0.0646241,,Surface,N2,1,3282,
0.343699,,Surface,N2,1,3285,
0.253821,,Surface,N2,1,3288,
0,,Surface,N2,1,3289,
0.364963,,Surface,N2,1,3291,
0.309079,,Surface,N2,1,3292,
0.000138307,,Surface,N2,1,3293,
0,,Surface,N2,1,3294,
0.134343,,Surface,N2,1,3296,
0,,Surface,N2,1,3297,
0,,Surface,N2,1,3298,
0,,Surface,N2,1,3299,
0.00565302,,Surface,N2,1,3300,
0,,Surface,N2,1,3301,
0.0690345,,Surface,N2,1,3303,
0.291994,,Surface,N2,1,3304,
0.00127044,,Surface,N2,1,3307,
0.038308,,Surface,N2,1,3308,
0,,Surface,N2,1,3309,
0.0658374,,Surface,N2,1,3314,
0.101557,,Surface,N2,1,3315,
0.286226,,Surface,N2,1,3316,
0.488134,,Surface,N2,1,3319,
0.039551,,Surface,N2,1,3320,
0,,Surface,N2,1,3321,
0,,Surface,N2,1,3322,
0,,Surface,N2,1,3323,
0,,Surface,N2,1,3324,
0,,Surface,N2,1,3326,
0,,Surface,N2,1,3327,
0,,Surface,N2,1,3328,
0.0630543,,Surface,N2,1,3329,
0,,Surface,N2,1,3332,
3.16396e-05,,Surface,N2,1,3334,
0.00758933,,Surface,N2,1,3335,
0,,Surface,N2,1,3336,
0.00832032,,Surface,N2,1,3337,
0,,Surface,N2,1,3338,
0,,Surface,N2,1,3340,
0,,Surface,N2,1,3341,
0.00695011,,Surface,N2,1,3342,
0.126199,,Surface,N2,1,3344,
0.0360812,,Surface,N2,1,3351,
0,,Surface,N2,1,3352,
0,,Surface,N2,1,3354,
0,,Surface,N2,1,3355,
0,,Surface,N2,1,3356,
0.0968051,,Surface,N2,1,3358,
0,,Surface,N2,1,3363,
0.0238627,,Surface,N2,1,3365,
0,,Surface,N2,1,3366,
0.0488476,,Surface,N2,1,3367,
0.764163,,Surface,N2,1,3369,
0.10435,,Surface,N2,1,3370,
0.140225,,Surface,N2,1,3371,
0.0876005,,Surface,N2,1,3373,
0.177669,,Surface,N2,1,3376,
0,,Surface,N2,1,3378,
0,,Surface,N2,1,3381,
0,,Surface,N2,1,3385,
0,,Surface,N2,1,3386,
0,,Surface,N2,1,3388,
0.670819,,Surface,N2,1,3389,
0,,Surface,N2,1,3391,
0.232451,,Surface,N2,1,3396,
0,,Surface,N2,1,3397,
0.0871544,,Surface,N2,1,3400,
0,,Surface,N2,1,3401,
0.0926287,,Surface,N2,1,3404,
0,,Surface,N2,1,3406,
0.545189,,Surface,N2,1,3407,
5.82933e-05,,Surface,N2,1,3408,
0,,Surface,N2,1,3409,
0.00414815,,Surface,N2,1,3410,
0,,Surface,N2,1,3411,
0,,Surface,N2,1,3413,
0.0569411,,Surface,N2,1,3417,
0.296364,,Surface,N2,1,3419,
0,,Surface,N2,1,3420,
0,,Surface,N2,1,3421,
0,,Surface,N2,1,3422,
0.107407,,Surface,N2,1,3423,
0.000108645,,Surface,N2,1,3424,
0,,Surface,N2,1,3425,
0.0939426,,Surface,N2,1,3426,
0.0615984,,Surface,N2,1,3429,
0.358266,,Surface,N2,1,3430,
0,,Surface,N2,1,3433,
0,,Surface,N2,1,3435,
0.11554,,Surface,N2,1,3436,
0,,Surface,N2,1,3437,
0.0138573,,Surface,N2,1,3439,
0,,Surface,N2,1,3440,
0.389626,,Surface,N2,1,3441,
0,,Surface,N2,1,3442,
0,,Surface,N2,1,3443,
0,,Surface,N2,1,3444,
9.2114e-05,,Surface,N2,1,3445,
0.0778748,,Surface,N2,1,3446,
0.0324081,,Surface,N2,1,3448,
0.0333156,,Surface,N2,1,3450,
0.0435215,,Surface,N2,1,3453,
0,,Surface,N2,1,3454,
0.0515479,,Surface,N2,1,3456,
0.153206,,Surface,N2,1,3460,
0.000898808,,Surface,N2,1,3464,
0.0406569,,Surface,N2,1,3465,
0,,Surface,N2,1,3466,
0.195379,,Surface,N2,1,3468,
0.000569158,,Surface,N2,1,3471,
0.0224324,,Surface,N2,1,3475,
0.255685,,Surface,N2,1,3476,
0.0446997,,Surface,N2,1,3479,
0.595954,,Surface,N2,1,3483,
0,,Surface,N2,1,3485,
0.0884764,,Surface,N2,1,3489,
0,,Surface,N2,1,3490,
0.174952,,Surface,N2,1,3492,
0.0870866,,Surface,N2,1,3493,
0,,Surface,N2,1,3495,
0,,Surface,N2,1,3496,
0,,Surface,N2,1,3497,
0,,Surface,N2,1,3498,
0.295091,,Surface,N2,1,3499,
0.0522018,,Surface,N2,1,3501,
0,,Surface,N2,1,3506,
0.17331,,Surface,N2,1,3507,
0,,Surface,N2,1,3508,
0.230065,,Surface,N2,1,3509,
0,,Surface,N2,1,3511,
0,,Surface,N2,1,3515,
0.104422,,Surface,N2,1,3517,
0.100513,,Surface,N2,1,3518,
0,,Surface,N2,1,3519,
0.0468997,,Surface,N2,1,3520,
0.0432821,,Surface,N2,1,3521,
0,,Surface,N2,1,3522,
0,,Surface,N2,1,3525,
0,,Surface,N2,1,3526,
0.679965,,Surface,N2,1,3529,
0,,Surface,N2,1,3533,
0,,Surface,N2,1,3534,
0.372856,,Surface,N2,1,3537,
0,,Surface,N2,1,3538,
0.244525,,Surface,N2,1,3541,
0.195311,,Surface,N2,1,3544,
0,,Surface,N2,1,3545,
0,,Surface,N2,1,3548,
0.209359,,Surface,N2,1,3549,
0,,Surface,N2,1,3553,
0,,Surface,N2,1,3554,
0.0548572,,Surface,N2,1,3558,
0.000796628,,Surface,N2,1,3560,
0,,Surface,N2,1,3562,
0.161297,,Surface,N2,1,3565,
0,,Surface,N2,1,3566,
0.254294,,Surface,N2,1,3567,
0,,Surface,N2,1,3570,
0.0158541,,Surface,N2,1,3571,
0,,Surface,N2,1,3572,
0,,Surface,N2,1,3573,
0.0975678,,Surface,N2,1,3574,
0,,Surface,N2,1,3576,
0,,Surface,N2,1,3578,
0,,Surface,N2,1,3579,
0,,Surface,N2,1,3583,
0,,Surface,N2,1,3584,
0,,Surface,N2,1,3586,
0,,Surface,N2,1,3587,
0.279977,,Surface,N2,1,3593,
0.00106184,,Surface,N2,1,3594,
0.0339405,,Surface,N2,1,3597,
0,,Surface,N2,1,3598,
0.0252368,,Surface,N2,1,3599,
0.12726,,Surface,N2,1,3601,
0,,Surface,N2,1,3603,
0.158868,,Surface,N2,1,3604,
0,,Surface,N2,1,3605,
0.351376,,Surface,N2,1,3606,
0,,Surface,N2,1,3607,
0.00534845,,Surface,N2,1,3611,
0.00217606,,Surface,N2,1,3612,
0.00962633,,Surface,N2,1,3613,
0.0714246,,Surface,N2,1,3614,
0.108783,,Surface,N2,1,3615,
0.0251438,,Surface,N2,1,3616,
0.272745,,Surface,N2,1,3617,
0.415943,,Surface,N2,1,3618,
0.0461663,,Surface,N2,1,3620,
0,,Surface,N2,1,3622,
0,,Surface,N2,1,3623,
0.087604,,Surface,N2,1,3626,
0,,Surface,N2,1,3627,
0,,Surface,N2,1,3628,
0.122384,,Surface,N2,1,3629,
0.350721,,Surface,N2,1,3632,
0.026032,,Surface,N2,1,3635,
0,,Surface,N2,1,3638,
0,,Surface,N2,1,3640,
0,,Surface,N2,1,3642,
0.00487557,,Surface,N2,1,3643,
0.0852637,,Surface,N2,1,3645,
0.0387537,,Surface,N2,1,3647,
0.36532,,Surface,N2,1,3648,
0,,Surface,N2,1,3649,
0,,Surface,N2,1,3651,
0.0777116,,Surface,N2,1,3654,
0,,Surface,N2,1,3655,
0,,Surface,N2,1,3657,
0,,Surface,N2,1,3658,
0,,Surface,N2,1,3661,
0,,Surface,N2,1,3662,
0.0137442,,Surface,N2,1,3663,
0.268808,,Surface,N2,1,3666,
0.178509,,Surface,N2,1,3668,
0,,Surface,N2,1,3670,
0.121496,,Surface,N2,1,3671,
0.499339,,Surface,N2,1,3674,
0,,Surface,N2,1,3675,
8.3435e-05,,Surface,N2,1,3676,
0.0356537,,Surface,N2,1,3677,
0,,Surface,N2,1,3680,
0,,Surface,N2,1,3681,
0,,Surface,N2,1,3683,
0.577436,,Surface,N2,1,3686,
0.0130184,,Surface,N2,1,3693,
0,,Surface,N2,1,3694,
0,,Surface,N2,1,3695,
0.00281216,,Surface,N2,1,3699,
0.145635,,Surface,N2,1,3700,
0.109373,,Surface,N2,1,3701,
0,,Surface,N2,1,3704,
0.482486,,Surface,N2,1,3707,
0,,Surface,N2,1,3708,
0.0023876,,Surface,N2,1,3709,
0,,Surface,N2,1,3710,
0.417839,,Surface,N2,1,3711,
0.155514,,Surface,N2,1,3712,
0.496404,,Surface,N2,1,3714,
0,,Surface,N2,1,3715,
0,,Surface,N2,1,3716,
0.000582157,,Surface,N2,1,3717,
0.000192876,,Surface,N2,1,3719,
0,,Surface,N2,1,3721,
0.498391,,Surface,N2,1,3724,
0,,Surface,N2,1,3725,
0,,Surface,N2,1,3729,
0.00064728,,Surface,N2,1,3730,
0.155443,,Surface,N2,1,3731,
0,,Surface,N2,1,3732,
0.0271759,,Surface,N2,1,3733,
0,,Surface,N2,1,3734,
0,,Surface,N2,1,3735,
0,,Surface,N2,1,3736,
0.105782,,Surface,N2,1,3737,
0.0049404,,Surface,N2,1,3738,
0,,Surface,N2,1,3739,
0,,Surface,N2,1,3740,
0.0636645,,Surface,N2,1,3741,
0,,Surface,N2,1,3743,
0,,Surface,N2,1,3744,
0.0103426,,Surface,N2,1,3745,
0,,Surface,N2,1,3747,
0,,Surface,N2,1,3748,
0,,Surface,N2,1,3752,
0,,Surface,N2,1,3754,
0,,Surface,N2,1,3756,
0,,Surface,N2,1,3757,
0,,Surface,N2,1,3758,
0,,Surface,N2,1,3759,
0.010804,,Surface,N2,1,3760,
0,,Surface,N2,1,3761,
0.0351063,,Surface,N2,1,3762,
0,,Surface,N2,1,3763,
0,,Surface,N2,1,3764,
0,,Surface,N2,1,3765,
0.145803,,Surface,N2,1,3766,
0,,Surface,N2,1,3767,
0.147596,,Surface,N2,1,3768,
0,,Surface,N2,1,3769,
0,,Surface,N2,1,3770,
0,,Surface,N2,1,3771,
0,,Surface,N2,1,3772,
0.118517,,Surface,N2,1,3773,
0,,Surface,N2,1,3774,
0,,Surface,N2,1,3777,
0,,Surface,N2,1,3778,
0,,Surface,N2,1,3781,
0,,Surface,N2,1,3782,
0.255374,,Surface,N2,1,3783,
0.0148608,,Surface,N2,1,3784,
0,,Surface,N2,1,3785,
0,,Surface,N2,1,3786,
0.0381577,,Surface,N2,1,3788,
0,,Surface,N2,1,3790,
0.0708493,,Surface,N2,1,3791,
0,,Surface,N2,1,3792,
0.14737,,Surface,N2,1,3793,
0,,Surface,N2,1,3794,
0.00030342,,Surface,N2,1,3796,
0.104208,,Surface,N2,1,3797,
0,,Surface,N2,1,3798,
0.0317318,,Surface,N2,1,3800,
0.0134519,,Surface,N2,1,3801,
0,,Surface,N2,1,3803,
0,,Surface,N2,1,3804,
0.0592853,,Surface,N2,1,3805,
0,,Surface,N2,1,3807,
0.00608874,,Surface,N2,1,3808,
0,,Surface,N2,1,3809,
0.0191906,,Surface,N2,1,3811,
0,,Surface,N2,1,3812,
0.135534,,Surface,N2,1,3814,
0,,Surface,N2,1,3816,
0,,Surface,N2,1,3817,
0.098472,,Surface,N2,1,3819,
0.164715,,Surface,N2,1,3821,
0.0191355,,Surface,N2,1,3822,
0,,Surface,N2,1,3823,
0.00165632,,Surface,N2,1,3824,
0,,Surface,N2,1,3825,
0,,Surface,N2,1,3826,
0,,Surface,N2,1,3827,
0,,Surface,N2,1,3829,
0,,Surface,N2,1,3831,
0,,Surface,N2,1,3832,
0,,Surface,N2,1,3833,
0,,Surface,N2,1,3834,
0,,Surface,N2,1,3835,
0.0285225,,Surface,N2,1,3836,
0,,Surface,N2,1,3837,
0.116387,,Surface,N2,1,3839,
0,,Surface,N2,1,3841,
0.068949,,Surface,N2,1,3842,
0,,Surface,N2,1,3843,
0,,Surface,N2,1,3844,
0.106911,,Surface,N2,1,3845,
0,,Surface,N2,1,3846,
0,,Surface,N2,1,3847,
0,,Surface,N2,1,3849,
0,,Surface,N2,1,3850,
0,,Surface,N2,1,3851,
0.0176997,,Surface,N2,1,3852,
0,,Surface,N2,1,3853,
0,,Surface,N2,1,3855,
0,,Surface,N2,1,3856,
0,,Surface,N2,1,3859,
0,,Surface,N2,1,3860,
0,,Surface,N2,1,3861,
0,,Surface,N2,1,3862,
0,,Surface,N2,1,3863,
0.509756,,Surface,N2,1,3866,
0.00892273,,Surface,N2,1,3867,
0,,Surface,N2,1,3868,
0,,Surface,N2,1,3869,
0.0706676,,Surface,N2,1,3870,
0.0310026,,Surface,N2,1,3872,
0.184318,,Surface,N2,1,3873,
0,,Surface,N2,1,3874,
0.0268446,,Surface,N2,1,3875,
0,,Surface,N2,1,3876,
0,,Surface,N2,1,3877,
0.151259,,Surface,N2,1,3878,
0,,Surface,N2,1,3879,
0,,Surface,N2,1,3880,
0,,Surface,N2,1,3881,
0,,Surface,N2,1,3882,
0,,Surface,N2,1,3883,
0,,Surface,N2,1,3884,
0,,Surface,N2,1,3886,
0,,Surface,N2,1,3888,
0,,Surface,N2,1,3889,
0,,Surface,N2,1,3890,
0,,Surface,N2,1,3891,
0,,Surface,N2,1,3892,
0,,Surface,N2,1,3893,
0,,Surface,N2,1,3894,
0,,Surface,N2,1,3895,
0.0755604,,Surface,N2,1,3896,
0.118677,,Surface,N2,1,3897,
0.115757,,Surface,N2,1,3898,
0.00154545,,Surface,N2,1,3899,
0.412871,,Surface,N2,1,3901,
0.153745,,Surface,N2,1,3903,
0.219951,,Surface,N2,1,3904,
0,,Surface,N2,1,3905,
0.0505815,,Surface,N2,1,3906,
0,,Surface,N2,1,3910,
0,,Surface,N2,1,3911,
0.0445969,,Surface,N2,1,3912,
0,,Surface,N2,1,3913,
0,,Surface,N2,1,3914,
0,,Surface,N2,1,3915,
0.0161428,,Surface,N2,1,3917,
0,,Surface,N2,1,3918,
0,,Surface,N2,1,3919,
0,,Surface,N2,1,3920,
0,,Surface,N2,1,3923,
0.177963,,Surface,N2,1,3927,
0,,Surface,N2,1,3928,
0,,Surface,N2,1,3929,
0.0818068,,Surface,N2,1,3930,
0,,Surface,N2,1,3931,
0,,Surface,N2,1,3932,
0,,Surface,N2,1,3933,
0,,Surface,N2,1,3934,
0.142148,,Surface,N2,1,3936,
0,,Surface,N2,1,3937,
0.00284253,,Surface,N2,1,3938,
0,,Surface,N2,1,3940,
0.0380872,,Surface,N2,1,3941,
0.317983,,Surface,N2,1,3942,
0.37255,,Surface,N2,1,3943,
0,,Surface,N2,1,3944,
0,,Surface,N2,1,3946,
0.00640024,,Surface,N2,1,3947,
0,,Surface,N2,1,3948,
0,,Surface,N2,1,3949,
0.0991345,,Surface,N2,1,3950,
0,,Surface,N2,1,3951,
0,,Surface,N2,1,3952,
0,,Surface,N2,1,3953,
0,,Surface,N2,1,3954,
0,,Surface,N2,1,3955,
0,,Surface,N2,1,3956,
0,,Surface,N2,1,3957,
0,,Surface,N2,1,3958,
0,,Surface,N2,1,3961,
0,,Surface,N2,1,3962,
0,,Surface,N2,1,3964,
0,,Surface,N2,1,3967,
0,,Surface,N2,1,3968,
0.175981,,Surface,N2,1,3969,
0,,Surface,N2,1,3970,
0,,Surface,N2,1,3971,
0,,Surface,N2,1,3972,
0.000112388,,Surface,N2,1,3973,
0,,Surface,N2,1,3975,
0,,Surface,N2,1,3977,
0,,Surface,N2,1,3979,
0,,Surface,N2,1,3981,
0,,Surface,N2,1,3983,
0,,Surface,N2,1,3984,
0,,Surface,N2,1,3985,
0,,Surface,N2,1,3986,
0,,Surface,N2,1,3988,
0,,Surface,N2,1,3989,
0,,Surface,N2,1,3990,
0.141175,,Surface,N2,1,3991,
0.125061,,Surface,N2,1,3992,
0,,Surface,N2,1,3993,
0.0834971,,Surface,N2,1,3994,
0,,Surface,N2,1,3995,
0.0142901,,Surface,N2,1,3996,
0,,Surface,N2,1,3997,
0,,Surface,N2,1,3998,
0,,Surface,N2,1,3999,
0,,Surface,N2,1,4000,
0,,Surface,N2,1,4002,
0.0652359,,Surface,N2,1,4003,
0,,Surface,N2,1,4004,
0,,Surface,N2,1,4005,
0,,Surface,N2,1,4006,
0,,Surface,N2,1,4007,
0,,Surface,N2,1,4008,
0.0961278,,Surface,N2,1,4009,
0,,Surface,N2,1,4010,
0,,Surface,N2,1,4012,
0,,Surface,N2,1,4013,
0,,Surface,N2,1,4015,
0,,Surface,N2,1,4017,
0,,Surface,N2,1,4018,
0,,Surface,N2,1,4019,
0.094044,,Surface,N2,1,4020,
0,,Surface,N2,1,4021,
0,,Surface,N2,1,4022,
0,,Surface,N2,1,4023,
0,,Surface,N2,1,4025,
0.115519,,Surface,N2,1,4026,
0,,Surface,N2,1,4027,
0,,Surface,N2,1,4028,
0,,Surface,N2,1,4029,
0,,Surface,N2,1,4030,
0.325949,,Surface,N2,1,4031,
0.0783148,,Surface,N2,1,4032,
0,,Surface,N2,1,4033,
0,,Surface,N2,1,4034,
0,,Surface,N2,1,4035,
0,,Surface,N2,1,4036,
0,,Surface,N2,1,4038,
0,,Surface,N2,1,4039,
0.0747574,,Surface,N2,1,4040,
0,,Surface,N2,1,4041,
0,,Surface,N2,1,4042,
0,,Surface,N2,1,4043,
0,,Surface,N2,1,4046,
0,,Surface,N2,1,4047,
0,,Surface,N2,1,4049,
0,,Surface,N2,1,4050,
0,,Surface,N2,1,4051,
0,,Surface,N2,1,4052,
0,,Surface,N2,1,4054,
0,,Surface,N2,1,4056,
0,,Surface,N2,1,4057,
0,,Surface,N2,1,4058,
0,,Surface,N2,1,4060,
0,,Surface,N2,1,4062,
0,,Surface,N2,1,4063,
0,,Surface,N2,1,4064,
0,,Surface,N2,1,4065,
0,,Surface,N2,1,4066,
0,,Surface,N2,1,4067,
0,,Surface,N2,1,4069,
0,,Surface,N2,1,4070,
0,,Surface,N2,1,4071,
0,,Surface,N2,1,4072,
0,,Surface,N2,1,4073,
0,,Surface,N2,1,4074,
0,,Surface,N2,1,4076,
0,,Surface,N2,1,4077,
0,,Surface,N2,1,4078,
0,,Surface,N2,1,4079,
0,,Surface,N2,1,4080,
0,,Surface,N2,1,4081,
0,,Surface,N2,1,4082,
0,,Surface,N2,1,4084,
0,,Surface,N2,1,4085,
0,,Surface,N2,1,4086,
0,,Surface,N2,1,4087,
0,,Surface,N2,1,4089,
0,,Surface,N2,1,4090,
0,,Surface,N2,1,4091,
0,,Surface,N2,1,4092,
0,,Surface,N2,1,4093,
0,,Surface,N2,1,4094,
0,,Surface,N2,1,4095,
0.00763034,,Surface,N2,1,4096,
0,,Surface,N2,1,4097,
0,,Surface,N2,1,4098,
0,,Surface,N2,1,4099,
0,,Surface,N2,1,4100,
0,,Surface,N2,1,4101,
0,,Surface,N2,1,4102,
0,,Surface,N2,1,4103,
0,,Surface,N2,1,4104,
0,,Surface,N2,1,4105,
0,,Surface,N2,1,4106,
0,,Surface,N2,1,4107,
0,,Surface,N2,1,4108,
0,,Surface,N2,1,4110,
0,,Surface,N2,1,4111,
0,,Surface,N2,1,4112,
0,,Surface,N2,1,4114,
0,,Surface,N2,1,4115,
0,,Surface,N2,1,4116,
0,,Surface,N2,1,4117,
0,,Surface,N2,1,4118,
0,,Surface,N2,1,4119,
0.12883,,Surface,N2,1,4120,
0,,Surface,N2,1,4121,
0,,Surface,N2,1,4123,
0,,Surface,N2,1,4124,
0,,Surface,N2,1,4125,
0,,Surface,N2,1,4126,
0,,Surface,N2,1,4128,
0,,Surface,N2,1,4129,
0,,Surface,N2,1,4130,
0,,Surface,N2,1,4131,
0,,Surface,N2,1,4132,
0,,Surface,N2,1,4133,
0,,Surface,N2,1,4134,
0,,Surface,N2,1,4135,
0,,Surface,N2,1,4136,
0,,Surface,N2,1,4138,
0,,Surface,N2,1,4140,
0,,Surface,N2,1,4141,
0,,Surface,N2,1,4142,
0,,Surface,N2,1,4143,
0,,Surface,N2,1,4146,
0,,Surface,N2,1,4147,
0,,Surface,N2,1,4148,
0,,Surface,N2,1,4150,
0,,Surface,N2,1,4152,
0,,Surface,N2,1,4153,
0,,Surface,N2,1,4156,
0,,Surface,N2,1,4157,
0,,Surface,N2,1,4159,
0,,Surface,N2,1,4160,
0,,Surface,N2,1,4162,
0,,Surface,N2,1,4163,
0,,Surface,N2,1,4164,
0,,Surface,N2,1,4165,
0,,Surface,N2,1,4167,
0,,Surface,N2,1,4168,
0,,Surface,N2,1,4169,
0,,Surface,N2,1,4170,
0,,Surface,N2,1,4171,
