
Time Index
 ==================== 
Time Index,Unit,Category,Time,ID,
1,,Surface,1,0,
1,,Surface,1,1,
1,,Surface,1,2,
1,,Surface,1,3,
1,,Surface,1,4,
1,,Surface,1,5,
1,,Surface,1,6,
1,,Surface,1,7,
1,,Surface,1,9,
1,,Surface,1,11,
1,,Surface,1,12,
1,,Surface,1,13,
1,,Surface,1,14,
1,,Surface,1,15,
1,,Surface,1,16,
1,,Surface,1,17,
1,,Surface,1,18,
1,,Surface,1,19,
1,,Surface,1,20,
1,,Surface,1,21,
1,,Surface,1,23,
1,,Surface,1,24,
1,,Surface,1,25,
1,,Surface,1,26,
1,,Surface,1,27,
1,,Surface,1,28,
1,,Surface,1,29,
1,,Surface,1,30,
1,,Surface,1,31,
1,,Surface,1,32,
1,,Surface,1,33,
1,,Surface,1,34,
1,,Surface,1,35,
1,,Surface,1,36,
1,,Surface,1,37,
1,,Surface,1,38,
1,,Surface,1,40,
1,,Surface,1,41,
1,,Surface,1,43,
1,,Surface,1,45,
1,,Surface,1,46,
1,,Surface,1,47,
1,,Surface,1,48,
1,,Surface,1,49,
1,,Surface,1,51,
1,,Surface,1,54,
1,,Surface,1,55,
1,,Surface,1,56,
1,,Surface,1,58,
1,,Surface,1,59,
1,,Surface,1,61,
1,,Surface,1,63,
1,,Surface,1,64,
1,,Surface,1,66,
1,,Surface,1,67,
1,,Surface,1,69,
1,,Surface,1,70,
1,,Surface,1,71,
1,,Surface,1,72,
1,,Surface,1,73,
1,,Surface,1,74,
1,,Surface,1,75,
1,,Surface,1,76,
1,,Surface,1,77,
1,,Surface,1,78,
1,,Surface,1,79,
1,,Surface,1,80,
1,,Surface,1,81,
1,,Surface,1,82,
1,,Surface,1,83,
1,,Surface,1,84,
1,,Surface,1,85,
1,,Surface,1,86,
1,,Surface,1,87,
1,,Surface,1,88,
1,,Surface,1,89,
1,,Surface,1,90,
1,,Surface,1,91,
1,,Surface,1,92,
1,,Surface,1,93,
1,,Surface,1,94,
1,,Surface,1,96,
1,,Surface,1,98,
1,,Surface,1,99,
1,,Surface,1,100,
1,,Surface,1,101,
1,,Surface,1,102,
1,,Surface,1,103,
1,,Surface,1,105,
1,,Surface,1,106,
1,,Surface,1,107,
1,,Surface,1,108,
1,,Surface,1,109,
1,,Surface,1,110,
1,,Surface,1,111,
1,,Surface,1,112,
1,,Surface,1,113,
1,,Surface,1,114,
1,,Surface,1,115,
1,,Surface,1,116,
1,,Surface,1,117,
1,,Surface,1,118,
1,,Surface,1,119,
1,,Surface,1,120,
1,,Surface,1,121,
1,,Surface,1,122,
1,,Surface,1,123,
1,,Surface,1,124,
1,,Surface,1,126,
1,,Surface,1,127,
1,,Surface,1,128,
1,,Surface,1,129,
1,,Surface,1,130,
1,,Surface,1,131,
1,,Surface,1,132,
1,,Surface,1,133,
1,,Surface,1,134,
1,,Surface,1,135,
1,,Surface,1,136,
1,,Surface,1,137,
1,,Surface,1,138,
1,,Surface,1,139,
1,,Surface,1,140,
1,,Surface,1,141,
1,,Surface,1,142,
1,,Surface,1,143,
1,,Surface,1,144,
1,,Surface,1,145,
1,,Surface,1,146,
1,,Surface,1,148,
1,,Surface,1,149,
1,,Surface,1,150,
1,,Surface,1,151,
1,,Surface,1,153,
1,,Surface,1,154,
1,,Surface,1,156,
1,,Surface,1,158,
1,,Surface,1,159,
1,,Surface,1,162,
1,,Surface,1,163,
1,,Surface,1,164,
1,,Surface,1,165,
1,,Surface,1,166,
1,,Surface,1,167,
1,,Surface,1,170,
1,,Surface,1,171,
1,,Surface,1,172,
1,,Surface,1,173,
1,,Surface,1,175,
1,,Surface,1,178,
1,,Surface,1,179,
1,,Surface,1,181,
1,,Surface,1,182,
1,,Surface,1,183,
1,,Surface,1,184,
1,,Surface,1,185,
1,,Surface,1,186,
1,,Surface,1,190,
1,,Surface,1,193,
1,,Surface,1,194,
1,,Surface,1,195,
1,,Surface,1,197,
1,,Surface,1,198,
1,,Surface,1,199,
1,,Surface,1,201,
1,,Surface,1,205,
1,,Surface,1,206,
1,,Surface,1,210,
1,,Surface,1,211,
1,,Surface,1,216,
1,,Surface,1,217,
1,,Surface,1,219,
1,,Surface,1,221,
1,,Surface,1,223,
1,,Surface,1,224,
1,,Surface,1,225,
1,,Surface,1,226,
1,,Surface,1,229,
1,,Surface,1,230,
1,,Surface,1,231,
1,,Surface,1,233,
1,,Surface,1,234,
1,,Surface,1,236,
1,,Surface,1,237,
1,,Surface,1,238,
1,,Surface,1,239,
1,,Surface,1,241,
1,,Surface,1,242,
1,,Surface,1,245,
1,,Surface,1,246,
1,,Surface,1,247,
1,,Surface,1,248,
1,,Surface,1,251,
1,,Surface,1,252,
1,,Surface,1,255,
1,,Surface,1,257,
1,,Surface,1,258,
1,,Surface,1,259,
1,,Surface,1,260,
1,,Surface,1,261,
1,,Surface,1,265,
1,,Surface,1,266,
1,,Surface,1,267,
1,,Surface,1,268,
1,,Surface,1,269,
1,,Surface,1,271,
1,,Surface,1,273,
1,,Surface,1,274,
1,,Surface,1,275,
1,,Surface,1,279,
1,,Surface,1,280,
1,,Surface,1,281,
1,,Surface,1,282,
1,,Surface,1,283,
1,,Surface,1,284,
1,,Surface,1,286,
1,,Surface,1,287,
1,,Surface,1,288,
1,,Surface,1,289,
1,,Surface,1,291,
1,,Surface,1,292,
1,,Surface,1,293,
1,,Surface,1,294,
1,,Surface,1,295,
1,,Surface,1,296,
1,,Surface,1,297,
1,,Surface,1,298,
1,,Surface,1,299,
1,,Surface,1,300,
1,,Surface,1,301,
1,,Surface,1,302,
1,,Surface,1,304,
1,,Surface,1,305,
1,,Surface,1,306,
1,,Surface,1,307,
1,,Surface,1,308,
1,,Surface,1,312,
1,,Surface,1,313,
1,,Surface,1,314,
1,,Surface,1,317,
1,,Surface,1,319,
1,,Surface,1,320,
1,,Surface,1,321,
1,,Surface,1,322,
1,,Surface,1,323,
1,,Surface,1,324,
1,,Surface,1,326,
1,,Surface,1,327,
1,,Surface,1,328,
1,,Surface,1,331,
1,,Surface,1,332,
1,,Surface,1,335,
1,,Surface,1,336,
1,,Surface,1,337,
1,,Surface,1,338,
1,,Surface,1,341,
1,,Surface,1,342,
1,,Surface,1,343,
1,,Surface,1,344,
1,,Surface,1,345,
1,,Surface,1,347,
1,,Surface,1,349,
1,,Surface,1,350,
1,,Surface,1,351,
1,,Surface,1,352,
1,,Surface,1,353,
1,,Surface,1,354,
1,,Surface,1,355,
1,,Surface,1,356,
1,,Surface,1,357,
1,,Surface,1,358,
1,,Surface,1,360,
1,,Surface,1,361,
1,,Surface,1,362,
1,,Surface,1,363,
1,,Surface,1,364,
1,,Surface,1,365,
1,,Surface,1,366,
1,,Surface,1,367,
1,,Surface,1,368,
1,,Surface,1,369,
1,,Surface,1,370,
1,,Surface,1,371,
1,,Surface,1,372,
1,,Surface,1,373,
1,,Surface,1,374,
1,,Surface,1,375,
1,,Surface,1,376,
1,,Surface,1,377,
1,,Surface,1,379,
1,,Surface,1,382,
1,,Surface,1,383,
1,,Surface,1,384,
1,,Surface,1,385,
1,,Surface,1,386,
1,,Surface,1,387,
1,,Surface,1,388,
1,,Surface,1,389,
1,,Surface,1,391,
1,,Surface,1,392,
1,,Surface,1,393,
1,,Surface,1,394,
1,,Surface,1,395,
1,,Surface,1,396,
1,,Surface,1,397,
1,,Surface,1,398,
1,,Surface,1,399,
1,,Surface,1,402,
1,,Surface,1,403,
1,,Surface,1,404,
1,,Surface,1,405,
1,,Surface,1,406,
1,,Surface,1,407,
1,,Surface,1,408,
1,,Surface,1,409,
1,,Surface,1,410,
1,,Surface,1,411,
1,,Surface,1,412,
1,,Surface,1,414,
1,,Surface,1,415,
1,,Surface,1,417,
1,,Surface,1,418,
1,,Surface,1,419,
1,,Surface,1,420,
1,,Surface,1,421,
1,,Surface,1,422,
1,,Surface,1,423,
1,,Surface,1,425,
1,,Surface,1,426,
1,,Surface,1,427,
1,,Surface,1,428,
1,,Surface,1,429,
1,,Surface,1,430,
1,,Surface,1,432,
1,,Surface,1,433,
1,,Surface,1,434,
1,,Surface,1,435,
1,,Surface,1,436,
1,,Surface,1,438,
1,,Surface,1,439,
1,,Surface,1,440,
1,,Surface,1,441,
1,,Surface,1,443,
1,,Surface,1,444,
1,,Surface,1,445,
1,,Surface,1,446,
1,,Surface,1,447,
1,,Surface,1,448,
1,,Surface,1,449,
1,,Surface,1,450,
1,,Surface,1,451,
1,,Surface,1,452,
1,,Surface,1,453,
1,,Surface,1,454,
1,,Surface,1,455,
1,,Surface,1,456,
1,,Surface,1,457,
1,,Surface,1,458,
1,,Surface,1,459,
1,,Surface,1,460,
1,,Surface,1,461,
1,,Surface,1,462,
1,,Surface,1,464,
1,,Surface,1,465,
1,,Surface,1,466,
1,,Surface,1,468,
1,,Surface,1,469,
1,,Surface,1,470,
1,,Surface,1,471,
1,,Surface,1,472,
1,,Surface,1,473,
1,,Surface,1,474,
1,,Surface,1,475,
1,,Surface,1,476,
1,,Surface,1,477,
1,,Surface,1,478,
1,,Surface,1,479,
1,,Surface,1,480,
1,,Surface,1,481,
1,,Surface,1,482,
1,,Surface,1,483,
1,,Surface,1,484,
1,,Surface,1,485,
1,,Surface,1,486,
1,,Surface,1,487,
1,,Surface,1,488,
1,,Surface,1,489,
1,,Surface,1,490,
1,,Surface,1,491,
1,,Surface,1,492,
1,,Surface,1,493,
1,,Surface,1,494,
1,,Surface,1,495,
1,,Surface,1,498,
1,,Surface,1,499,
1,,Surface,1,500,
1,,Surface,1,501,
1,,Surface,1,502,
1,,Surface,1,503,
1,,Surface,1,504,
1,,Surface,1,505,
1,,Surface,1,507,
1,,Surface,1,508,
1,,Surface,1,509,
1,,Surface,1,510,
1,,Surface,1,511,
1,,Surface,1,512,
1,,Surface,1,513,
1,,Surface,1,514,
1,,Surface,1,515,
1,,Surface,1,516,
1,,Surface,1,518,
1,,Surface,1,519,
1,,Surface,1,520,
1,,Surface,1,521,
1,,Surface,1,522,
1,,Surface,1,523,
1,,Surface,1,524,
1,,Surface,1,525,
1,,Surface,1,526,
1,,Surface,1,527,
1,,Surface,1,528,
1,,Surface,1,529,
1,,Surface,1,530,
1,,Surface,1,531,
1,,Surface,1,532,
1,,Surface,1,533,
1,,Surface,1,534,
1,,Surface,1,535,
1,,Surface,1,536,
1,,Surface,1,537,
1,,Surface,1,538,
1,,Surface,1,539,
1,,Surface,1,540,
1,,Surface,1,541,
1,,Surface,1,542,
1,,Surface,1,543,
1,,Surface,1,544,
1,,Surface,1,546,
1,,Surface,1,548,
1,,Surface,1,549,
1,,Surface,1,550,
1,,Surface,1,551,
1,,Surface,1,553,
1,,Surface,1,554,
1,,Surface,1,555,
1,,Surface,1,556,
1,,Surface,1,557,
1,,Surface,1,558,
1,,Surface,1,559,
1,,Surface,1,561,
1,,Surface,1,562,
1,,Surface,1,564,
1,,Surface,1,565,
1,,Surface,1,566,
1,,Surface,1,567,
1,,Surface,1,568,
1,,Surface,1,569,
1,,Surface,1,570,
1,,Surface,1,571,
1,,Surface,1,572,
1,,Surface,1,573,
1,,Surface,1,574,
1,,Surface,1,575,
1,,Surface,1,576,
1,,Surface,1,577,
1,,Surface,1,580,
1,,Surface,1,582,
1,,Surface,1,584,
1,,Surface,1,586,
1,,Surface,1,587,
1,,Surface,1,588,
1,,Surface,1,589,
1,,Surface,1,590,
1,,Surface,1,592,
1,,Surface,1,594,
1,,Surface,1,595,
1,,Surface,1,596,
1,,Surface,1,597,
1,,Surface,1,598,
1,,Surface,1,599,
1,,Surface,1,600,
1,,Surface,1,601,
1,,Surface,1,602,
1,,Surface,1,604,
1,,Surface,1,605,
1,,Surface,1,606,
1,,Surface,1,607,
1,,Surface,1,609,
1,,Surface,1,610,
1,,Surface,1,611,
1,,Surface,1,612,
1,,Surface,1,613,
1,,Surface,1,614,
1,,Surface,1,616,
1,,Surface,1,618,
1,,Surface,1,619,
1,,Surface,1,620,
1,,Surface,1,621,
1,,Surface,1,622,
1,,Surface,1,623,
1,,Surface,1,624,
1,,Surface,1,627,
1,,Surface,1,628,
1,,Surface,1,630,
1,,Surface,1,631,
1,,Surface,1,632,
1,,Surface,1,633,
1,,Surface,1,634,
1,,Surface,1,635,
1,,Surface,1,636,
1,,Surface,1,638,
1,,Surface,1,639,
1,,Surface,1,640,
1,,Surface,1,641,
1,,Surface,1,642,
1,,Surface,1,643,
1,,Surface,1,644,
1,,Surface,1,645,
1,,Surface,1,646,
1,,Surface,1,647,
1,,Surface,1,648,
1,,Surface,1,649,
1,,Surface,1,650,
1,,Surface,1,651,
1,,Surface,1,652,
1,,Surface,1,653,
1,,Surface,1,654,
1,,Surface,1,655,
1,,Surface,1,656,
1,,Surface,1,657,
1,,Surface,1,659,
1,,Surface,1,660,
1,,Surface,1,661,
1,,Surface,1,662,
1,,Surface,1,663,
1,,Surface,1,664,
1,,Surface,1,665,
1,,Surface,1,666,
1,,Surface,1,667,
1,,Surface,1,668,
1,,Surface,1,669,
1,,Surface,1,670,
1,,Surface,1,671,
1,,Surface,1,672,
1,,Surface,1,673,
1,,Surface,1,674,
1,,Surface,1,675,
1,,Surface,1,677,
1,,Surface,1,678,
1,,Surface,1,679,
1,,Surface,1,680,
1,,Surface,1,681,
1,,Surface,1,682,
1,,Surface,1,683,
1,,Surface,1,684,
1,,Surface,1,685,
1,,Surface,1,686,
1,,Surface,1,687,
1,,Surface,1,688,
1,,Surface,1,689,
1,,Surface,1,690,
1,,Surface,1,691,
1,,Surface,1,692,
1,,Surface,1,693,
1,,Surface,1,694,
1,,Surface,1,695,
1,,Surface,1,696,
1,,Surface,1,698,
1,,Surface,1,699,
1,,Surface,1,700,
1,,Surface,1,701,
1,,Surface,1,702,
1,,Surface,1,703,
1,,Surface,1,704,
1,,Surface,1,705,
1,,Surface,1,706,
1,,Surface,1,707,
1,,Surface,1,708,
1,,Surface,1,709,
1,,Surface,1,710,
1,,Surface,1,711,
1,,Surface,1,712,
1,,Surface,1,713,
1,,Surface,1,714,
1,,Surface,1,715,
1,,Surface,1,716,
1,,Surface,1,717,
1,,Surface,1,718,
1,,Surface,1,719,
1,,Surface,1,720,
1,,Surface,1,721,
1,,Surface,1,723,
1,,Surface,1,724,
1,,Surface,1,725,
1,,Surface,1,726,
1,,Surface,1,727,
1,,Surface,1,728,
1,,Surface,1,729,
1,,Surface,1,730,
1,,Surface,1,731,
1,,Surface,1,732,
1,,Surface,1,733,
1,,Surface,1,734,
1,,Surface,1,735,
1,,Surface,1,736,
1,,Surface,1,737,
1,,Surface,1,738,
1,,Surface,1,739,
1,,Surface,1,740,
1,,Surface,1,741,
1,,Surface,1,742,
1,,Surface,1,743,
1,,Surface,1,744,
1,,Surface,1,745,
1,,Surface,1,746,
1,,Surface,1,747,
1,,Surface,1,748,
1,,Surface,1,749,
1,,Surface,1,750,
1,,Surface,1,751,
1,,Surface,1,752,
1,,Surface,1,753,
1,,Surface,1,754,
1,,Surface,1,755,
1,,Surface,1,756,
1,,Surface,1,757,
1,,Surface,1,758,
1,,Surface,1,759,
1,,Surface,1,760,
1,,Surface,1,761,
1,,Surface,1,762,
1,,Surface,1,763,
1,,Surface,1,765,
1,,Surface,1,767,
1,,Surface,1,768,
1,,Surface,1,769,
1,,Surface,1,770,
