
Intensity Max Ch=3 Img=1
 ==================== 
Intensity Max,Unit,Category,Channel,Image,Time,ID,
40.2511,,Surface,3,Image 1,1,1,
43.7528,,Surface,3,Image 1,1,2,
62.6269,,Surface,3,Image 1,1,3,
41.813,,Surface,3,Image 1,1,4,
148.036,,Surface,3,Image 1,1,5,
142.175,,Surface,3,Image 1,1,6,
86.0215,,Surface,3,Image 1,1,7,
74.4369,,Surface,3,Image 1,1,8,
39.8867,,Surface,3,Image 1,1,9,
35.9232,,Surface,3,Image 1,1,10,
161.601,,Surface,3,Image 1,1,11,
81.6731,,Surface,3,Image 1,1,12,
37.6826,,Surface,3,Image 1,1,13,
128.91,,Surface,3,Image 1,1,14,
46.4565,,Surface,3,Image 1,1,15,
44.793,,Surface,3,Image 1,1,16,
62.8078,,Surface,3,Image 1,1,17,
69.0548,,Surface,3,Image 1,1,18,
36.6462,,Surface,3,Image 1,1,19,
40.1874,,Surface,3,Image 1,1,20,
55.7131,,Surface,3,Image 1,1,21,
42.6631,,Surface,3,Image 1,1,22,
48.8065,,Surface,3,Image 1,1,23,
35.8522,,Surface,3,Image 1,1,24,
77.2286,,Surface,3,Image 1,1,25,
38.8053,,Surface,3,Image 1,1,26,
51.1101,,Surface,3,Image 1,1,27,
39.048,,Surface,3,Image 1,1,28,
61.2619,,Surface,3,Image 1,1,29,
34.4257,,Surface,3,Image 1,1,30,
36.7193,,Surface,3,Image 1,1,31,
88.6724,,Surface,3,Image 1,1,32,
52.4588,,Surface,3,Image 1,1,33,
63.1076,,Surface,3,Image 1,1,34,
45.7293,,Surface,3,Image 1,1,35,
154.354,,Surface,3,Image 1,1,36,
36.9125,,Surface,3,Image 1,1,37,
167.619,,Surface,3,Image 1,1,39,
38.0623,,Surface,3,Image 1,1,40,
80.4758,,Surface,3,Image 1,1,41,
181.686,,Surface,3,Image 1,1,42,
47.1033,,Surface,3,Image 1,1,43,
34.1221,,Surface,3,Image 1,1,44,
119.162,,Surface,3,Image 1,1,45,
49.5711,,Surface,3,Image 1,1,46,
208.925,,Surface,3,Image 1,1,47,
61.6027,,Surface,3,Image 1,1,48,
38.5927,,Surface,3,Image 1,1,49,
72.217,,Surface,3,Image 1,1,50,
38.7,,Surface,3,Image 1,1,51,
159.685,,Surface,3,Image 1,1,53,
35.2083,,Surface,3,Image 1,1,55,
37.2669,,Surface,3,Image 1,1,56,
55.7999,,Surface,3,Image 1,1,57,
42.4271,,Surface,3,Image 1,1,58,
56.3267,,Surface,3,Image 1,1,59,
34.6031,,Surface,3,Image 1,1,61,
319.811,,Surface,3,Image 1,1,91,
40.3203,,Surface,3,Image 1,1,93,
32.845,,Surface,3,Image 1,1,94,
46.1715,,Surface,3,Image 1,1,95,
73.6058,,Surface,3,Image 1,1,96,
161.774,,Surface,3,Image 1,1,97,
52.9334,,Surface,3,Image 1,1,98,
92.7272,,Surface,3,Image 1,1,99,
36.41,,Surface,3,Image 1,1,100,
45.2837,,Surface,3,Image 1,1,101,
79.8627,,Surface,3,Image 1,1,102,
108.422,,Surface,3,Image 1,1,104,
42.6313,,Surface,3,Image 1,1,105,
49.34,,Surface,3,Image 1,1,106,
137.257,,Surface,3,Image 1,1,107,
61.3985,,Surface,3,Image 1,1,108,
58.7661,,Surface,3,Image 1,1,109,
57.0957,,Surface,3,Image 1,1,110,
62.516,,Surface,3,Image 1,1,111,
31.6301,,Surface,3,Image 1,1,112,
43.2853,,Surface,3,Image 1,1,113,
50.0494,,Surface,3,Image 1,1,114,
47.6856,,Surface,3,Image 1,1,115,
49.1456,,Surface,3,Image 1,1,116,
137.352,,Surface,3,Image 1,1,117,
40.9634,,Surface,3,Image 1,1,118,
134.433,,Surface,3,Image 1,1,119,
67.7395,,Surface,3,Image 1,1,120,
48.2928,,Surface,3,Image 1,1,121,
37.8324,,Surface,3,Image 1,1,122,
63.7197,,Surface,3,Image 1,1,124,
49.4637,,Surface,3,Image 1,1,125,
52.6658,,Surface,3,Image 1,1,126,
62.3453,,Surface,3,Image 1,1,127,
36.3808,,Surface,3,Image 1,1,128,
34.0001,,Surface,3,Image 1,1,129,
35.326,,Surface,3,Image 1,1,130,
44.5486,,Surface,3,Image 1,1,131,
71.1247,,Surface,3,Image 1,1,132,
37.0624,,Surface,3,Image 1,1,133,
64.4465,,Surface,3,Image 1,1,134,
47.1216,,Surface,3,Image 1,1,135,
131.404,,Surface,3,Image 1,1,136,
103.131,,Surface,3,Image 1,1,137,
43.1241,,Surface,3,Image 1,1,138,
107.474,,Surface,3,Image 1,1,139,
42.2442,,Surface,3,Image 1,1,140,
196.597,,Surface,3,Image 1,1,141,
39.4684,,Surface,3,Image 1,1,142,
33.5814,,Surface,3,Image 1,1,143,
62.2462,,Surface,3,Image 1,1,144,
47.3583,,Surface,3,Image 1,1,145,
56.8459,,Surface,3,Image 1,1,146,
44.7504,,Surface,3,Image 1,1,147,
35.3834,,Surface,3,Image 1,1,148,
45.2155,,Surface,3,Image 1,1,149,
132.471,,Surface,3,Image 1,1,150,
163.358,,Surface,3,Image 1,1,151,
33.4198,,Surface,3,Image 1,1,152,
55.6525,,Surface,3,Image 1,1,153,
40.4033,,Surface,3,Image 1,1,154,
43.2064,,Surface,3,Image 1,1,155,
38.1744,,Surface,3,Image 1,1,157,
33.1005,,Surface,3,Image 1,1,158,
126.266,,Surface,3,Image 1,1,159,
55.8923,,Surface,3,Image 1,1,160,
83.2999,,Surface,3,Image 1,1,161,
53.4712,,Surface,3,Image 1,1,162,
36.7501,,Surface,3,Image 1,1,163,
77.8827,,Surface,3,Image 1,1,164,
54.578,,Surface,3,Image 1,1,165,
35.9538,,Surface,3,Image 1,1,166,
49.6543,,Surface,3,Image 1,1,167,
78.3108,,Surface,3,Image 1,1,168,
45.9933,,Surface,3,Image 1,1,169,
36.8951,,Surface,3,Image 1,1,170,
45.1962,,Surface,3,Image 1,1,171,
47.2749,,Surface,3,Image 1,1,172,
161.086,,Surface,3,Image 1,1,173,
44.0229,,Surface,3,Image 1,1,174,
64.6747,,Surface,3,Image 1,1,175,
35.831,,Surface,3,Image 1,1,176,
40.2971,,Surface,3,Image 1,1,177,
32.2082,,Surface,3,Image 1,1,178,
91.6541,,Surface,3,Image 1,1,179,
49.0289,,Surface,3,Image 1,1,180,
38.5104,,Surface,3,Image 1,1,181,
122.99,,Surface,3,Image 1,1,182,
81.543,,Surface,3,Image 1,1,183,
142.532,,Surface,3,Image 1,1,184,
45.7102,,Surface,3,Image 1,1,185,
63.6586,,Surface,3,Image 1,1,186,
128.289,,Surface,3,Image 1,1,187,
91.4695,,Surface,3,Image 1,1,188,
57.5793,,Surface,3,Image 1,1,189,
84.2468,,Surface,3,Image 1,1,190,
38.4307,,Surface,3,Image 1,1,191,
40.8884,,Surface,3,Image 1,1,192,
92.9128,,Surface,3,Image 1,1,193,
126.641,,Surface,3,Image 1,1,194,
52.3126,,Surface,3,Image 1,1,195,
95.9812,,Surface,3,Image 1,1,196,
110.608,,Surface,3,Image 1,1,197,
45.4556,,Surface,3,Image 1,1,198,
126.135,,Surface,3,Image 1,1,199,
136.433,,Surface,3,Image 1,1,200,
44.5658,,Surface,3,Image 1,1,201,
43.3141,,Surface,3,Image 1,1,202,
40.6175,,Surface,3,Image 1,1,203,
74.724,,Surface,3,Image 1,1,204,
39.0703,,Surface,3,Image 1,1,205,
43.1566,,Surface,3,Image 1,1,206,
37.6928,,Surface,3,Image 1,1,207,
38.4525,,Surface,3,Image 1,1,208,
173.091,,Surface,3,Image 1,1,209,
36.2784,,Surface,3,Image 1,1,210,
48.2595,,Surface,3,Image 1,1,211,
35.9259,,Surface,3,Image 1,1,212,
84.9904,,Surface,3,Image 1,1,213,
41.5527,,Surface,3,Image 1,1,214,
147.754,,Surface,3,Image 1,1,215,
35.1974,,Surface,3,Image 1,1,216,
40.8637,,Surface,3,Image 1,1,217,
34.6632,,Surface,3,Image 1,1,218,
35.927,,Surface,3,Image 1,1,219,
50.5951,,Surface,3,Image 1,1,220,
51.8442,,Surface,3,Image 1,1,221,
35.4138,,Surface,3,Image 1,1,222,
67.1948,,Surface,3,Image 1,1,223,
78.8101,,Surface,3,Image 1,1,224,
63.7272,,Surface,3,Image 1,1,225,
53.1493,,Surface,3,Image 1,1,226,
47.4208,,Surface,3,Image 1,1,227,
61.8623,,Surface,3,Image 1,1,228,
48.2837,,Surface,3,Image 1,1,229,
49.5437,,Surface,3,Image 1,1,230,
47.441,,Surface,3,Image 1,1,231,
56.7559,,Surface,3,Image 1,1,232,
39.8178,,Surface,3,Image 1,1,233,
50.2583,,Surface,3,Image 1,1,234,
74.9699,,Surface,3,Image 1,1,235,
140.598,,Surface,3,Image 1,1,236,
117.836,,Surface,3,Image 1,1,237,
120.772,,Surface,3,Image 1,1,238,
67.9358,,Surface,3,Image 1,1,239,
56.4439,,Surface,3,Image 1,1,240,
38.8154,,Surface,3,Image 1,1,241,
34.9145,,Surface,3,Image 1,1,242,
62.9769,,Surface,3,Image 1,1,243,
50.3554,,Surface,3,Image 1,1,244,
62.532,,Surface,3,Image 1,1,245,
43.8254,,Surface,3,Image 1,1,246,
53.1778,,Surface,3,Image 1,1,247,
82.6288,,Surface,3,Image 1,1,248,
78.4172,,Surface,3,Image 1,1,249,
59.4335,,Surface,3,Image 1,1,250,
43.9296,,Surface,3,Image 1,1,251,
43.3214,,Surface,3,Image 1,1,252,
45.6355,,Surface,3,Image 1,1,253,
88.381,,Surface,3,Image 1,1,254,
112.058,,Surface,3,Image 1,1,255,
111.842,,Surface,3,Image 1,1,256,
148.076,,Surface,3,Image 1,1,257,
38.9491,,Surface,3,Image 1,1,258,
38.2211,,Surface,3,Image 1,1,259,
49.8542,,Surface,3,Image 1,1,260,
43.1129,,Surface,3,Image 1,1,261,
152.31,,Surface,3,Image 1,1,262,
72.5219,,Surface,3,Image 1,1,263,
86.1091,,Surface,3,Image 1,1,264,
52.1525,,Surface,3,Image 1,1,265,
61.1457,,Surface,3,Image 1,1,266,
35.52,,Surface,3,Image 1,1,267,
36.0059,,Surface,3,Image 1,1,268,
46.334,,Surface,3,Image 1,1,269,
67.2274,,Surface,3,Image 1,1,270,
63.5408,,Surface,3,Image 1,1,271,
40.0921,,Surface,3,Image 1,1,272,
56.2906,,Surface,3,Image 1,1,273,
57.333,,Surface,3,Image 1,1,274,
126.005,,Surface,3,Image 1,1,275,
107.042,,Surface,3,Image 1,1,276,
34.9036,,Surface,3,Image 1,1,277,
43.1627,,Surface,3,Image 1,1,278,
43.686,,Surface,3,Image 1,1,279,
102.777,,Surface,3,Image 1,1,280,
37.733,,Surface,3,Image 1,1,281,
45.0192,,Surface,3,Image 1,1,282,
139.904,,Surface,3,Image 1,1,283,
72.116,,Surface,3,Image 1,1,284,
37.7624,,Surface,3,Image 1,1,285,
42.2977,,Surface,3,Image 1,1,286,
82.5317,,Surface,3,Image 1,1,287,
42.7505,,Surface,3,Image 1,1,288,
96.9944,,Surface,3,Image 1,1,289,
52.8864,,Surface,3,Image 1,1,290,
38.8206,,Surface,3,Image 1,1,291,
53.0265,,Surface,3,Image 1,1,292,
52.6333,,Surface,3,Image 1,1,293,
177.754,,Surface,3,Image 1,1,294,
37.3612,,Surface,3,Image 1,1,295,
115.003,,Surface,3,Image 1,1,296,
41.5929,,Surface,3,Image 1,1,297,
99.4065,,Surface,3,Image 1,1,298,
144.645,,Surface,3,Image 1,1,299,
42.0313,,Surface,3,Image 1,1,300,
72.5721,,Surface,3,Image 1,1,301,
57.7116,,Surface,3,Image 1,1,302,
111.944,,Surface,3,Image 1,1,303,
52.2976,,Surface,3,Image 1,1,304,
50.6242,,Surface,3,Image 1,1,305,
137.813,,Surface,3,Image 1,1,306,
56.9521,,Surface,3,Image 1,1,307,
86.195,,Surface,3,Image 1,1,309,
109.663,,Surface,3,Image 1,1,310,
69.1756,,Surface,3,Image 1,1,311,
42.6443,,Surface,3,Image 1,1,312,
52.4045,,Surface,3,Image 1,1,313,
34.3431,,Surface,3,Image 1,1,314,
177.345,,Surface,3,Image 1,1,315,
70.6069,,Surface,3,Image 1,1,316,
80.0412,,Surface,3,Image 1,1,317,
64.1321,,Surface,3,Image 1,1,318,
122.536,,Surface,3,Image 1,1,319,
30.0691,,Surface,3,Image 1,1,320,
55.1434,,Surface,3,Image 1,1,321,
47.2357,,Surface,3,Image 1,1,322,
79.2861,,Surface,3,Image 1,1,323,
87.929,,Surface,3,Image 1,1,324,
122.617,,Surface,3,Image 1,1,325,
37.4433,,Surface,3,Image 1,1,327,
162.206,,Surface,3,Image 1,1,328,
44.4815,,Surface,3,Image 1,1,329,
181.167,,Surface,3,Image 1,1,330,
124.612,,Surface,3,Image 1,1,331,
52.5897,,Surface,3,Image 1,1,332,
155.553,,Surface,3,Image 1,1,333,
38.1335,,Surface,3,Image 1,1,334,
46.5721,,Surface,3,Image 1,1,335,
195.391,,Surface,3,Image 1,1,336,
73.4741,,Surface,3,Image 1,1,337,
47.0041,,Surface,3,Image 1,1,338,
102.312,,Surface,3,Image 1,1,339,
55.7013,,Surface,3,Image 1,1,340,
72.7795,,Surface,3,Image 1,1,341,
90.9784,,Surface,3,Image 1,1,342,
88.3674,,Surface,3,Image 1,1,343,
35.5605,,Surface,3,Image 1,1,344,
44.9532,,Surface,3,Image 1,1,345,
44.3558,,Surface,3,Image 1,1,346,
108.738,,Surface,3,Image 1,1,347,
55.0245,,Surface,3,Image 1,1,348,
40.5342,,Surface,3,Image 1,1,349,
245.992,,Surface,3,Image 1,1,350,
44.7662,,Surface,3,Image 1,1,351,
90.6953,,Surface,3,Image 1,1,352,
85.7215,,Surface,3,Image 1,1,353,
58.7812,,Surface,3,Image 1,1,354,
53.4376,,Surface,3,Image 1,1,355,
107.484,,Surface,3,Image 1,1,356,
71.3923,,Surface,3,Image 1,1,357,
45.4012,,Surface,3,Image 1,1,358,
70.7957,,Surface,3,Image 1,1,359,
50.5448,,Surface,3,Image 1,1,360,
60.2355,,Surface,3,Image 1,1,361,
45.4573,,Surface,3,Image 1,1,362,
37.4999,,Surface,3,Image 1,1,363,
111.303,,Surface,3,Image 1,1,364,
137.738,,Surface,3,Image 1,1,365,
37.3225,,Surface,3,Image 1,1,366,
198.463,,Surface,3,Image 1,1,367,
52.5223,,Surface,3,Image 1,1,368,
127.034,,Surface,3,Image 1,1,369,
56.1481,,Surface,3,Image 1,1,370,
50.3193,,Surface,3,Image 1,1,371,
43.3414,,Surface,3,Image 1,1,372,
141.555,,Surface,3,Image 1,1,373,
127.352,,Surface,3,Image 1,1,374,
43.8475,,Surface,3,Image 1,1,376,
44.441,,Surface,3,Image 1,1,377,
52.9171,,Surface,3,Image 1,1,378,
54.0578,,Surface,3,Image 1,1,379,
145.76,,Surface,3,Image 1,1,380,
57.671,,Surface,3,Image 1,1,381,
49.5799,,Surface,3,Image 1,1,382,
41.5109,,Surface,3,Image 1,1,383,
44.5744,,Surface,3,Image 1,1,384,
189.967,,Surface,3,Image 1,1,385,
48.4308,,Surface,3,Image 1,1,386,
82.118,,Surface,3,Image 1,1,387,
83.2682,,Surface,3,Image 1,1,388,
51.2699,,Surface,3,Image 1,1,389,
58.812,,Surface,3,Image 1,1,390,
50.1812,,Surface,3,Image 1,1,391,
56.5017,,Surface,3,Image 1,1,392,
127.004,,Surface,3,Image 1,1,393,
188.519,,Surface,3,Image 1,1,394,
135.196,,Surface,3,Image 1,1,395,
122.702,,Surface,3,Image 1,1,396,
139.259,,Surface,3,Image 1,1,397,
63.9755,,Surface,3,Image 1,1,398,
58.1269,,Surface,3,Image 1,1,399,
118.166,,Surface,3,Image 1,1,400,
42.5857,,Surface,3,Image 1,1,401,
88.9064,,Surface,3,Image 1,1,402,
113.428,,Surface,3,Image 1,1,403,
127.391,,Surface,3,Image 1,1,404,
53.5989,,Surface,3,Image 1,1,405,
121.929,,Surface,3,Image 1,1,406,
39.5003,,Surface,3,Image 1,1,407,
39.3283,,Surface,3,Image 1,1,408,
75.797,,Surface,3,Image 1,1,409,
38.1775,,Surface,3,Image 1,1,410,
53.2348,,Surface,3,Image 1,1,411,
53.7917,,Surface,3,Image 1,1,412,
45.8724,,Surface,3,Image 1,1,413,
53.1952,,Surface,3,Image 1,1,414,
71.0299,,Surface,3,Image 1,1,415,
104.546,,Surface,3,Image 1,1,416,
66.7872,,Surface,3,Image 1,1,417,
92.2148,,Surface,3,Image 1,1,418,
82.5141,,Surface,3,Image 1,1,419,
168.416,,Surface,3,Image 1,1,420,
109.342,,Surface,3,Image 1,1,421,
52.6635,,Surface,3,Image 1,1,423,
90.8066,,Surface,3,Image 1,1,424,
65.3126,,Surface,3,Image 1,1,425,
76.8707,,Surface,3,Image 1,1,426,
71.8144,,Surface,3,Image 1,1,427,
33.6249,,Surface,3,Image 1,1,428,
75.4651,,Surface,3,Image 1,1,429,
57.3588,,Surface,3,Image 1,1,430,
96.8834,,Surface,3,Image 1,1,431,
54.4798,,Surface,3,Image 1,1,432,
90.8638,,Surface,3,Image 1,1,433,
61.2092,,Surface,3,Image 1,1,434,
94.6839,,Surface,3,Image 1,1,435,
70.8681,,Surface,3,Image 1,1,436,
66.5167,,Surface,3,Image 1,1,437,
109.734,,Surface,3,Image 1,1,438,
65.1865,,Surface,3,Image 1,1,439,
51.703,,Surface,3,Image 1,1,440,
59.1449,,Surface,3,Image 1,1,441,
167.066,,Surface,3,Image 1,1,442,
44.8411,,Surface,3,Image 1,1,443,
128.847,,Surface,3,Image 1,1,444,
107.191,,Surface,3,Image 1,1,445,
48.4429,,Surface,3,Image 1,1,446,
120.813,,Surface,3,Image 1,1,447,
46.7366,,Surface,3,Image 1,1,448,
61.2211,,Surface,3,Image 1,1,449,
131.36,,Surface,3,Image 1,1,450,
152.737,,Surface,3,Image 1,1,451,
111.593,,Surface,3,Image 1,1,452,
75.4188,,Surface,3,Image 1,1,453,
85.6704,,Surface,3,Image 1,1,454,
64.4549,,Surface,3,Image 1,1,455,
157.801,,Surface,3,Image 1,1,456,
118.062,,Surface,3,Image 1,1,457,
81.0832,,Surface,3,Image 1,1,458,
65.1163,,Surface,3,Image 1,1,459,
46.7244,,Surface,3,Image 1,1,460,
73.3773,,Surface,3,Image 1,1,461,
127.456,,Surface,3,Image 1,1,462,
185.28,,Surface,3,Image 1,1,463,
45.2408,,Surface,3,Image 1,1,464,
137.747,,Surface,3,Image 1,1,465,
50.6544,,Surface,3,Image 1,1,466,
50.0901,,Surface,3,Image 1,1,467,
113.807,,Surface,3,Image 1,1,468,
124.889,,Surface,3,Image 1,1,469,
63.9986,,Surface,3,Image 1,1,470,
81.8488,,Surface,3,Image 1,1,471,
129.157,,Surface,3,Image 1,1,472,
227.398,,Surface,3,Image 1,1,473,
110.439,,Surface,3,Image 1,1,474,
56.7727,,Surface,3,Image 1,1,475,
228.547,,Surface,3,Image 1,1,476,
80.3761,,Surface,3,Image 1,1,478,
135.037,,Surface,3,Image 1,1,479,
133.624,,Surface,3,Image 1,1,480,
37.4118,,Surface,3,Image 1,1,481,
110.773,,Surface,3,Image 1,1,482,
127.128,,Surface,3,Image 1,1,483,
60.1869,,Surface,3,Image 1,1,484,
69.6384,,Surface,3,Image 1,1,485,
36.5159,,Surface,3,Image 1,1,486,
156.279,,Surface,3,Image 1,1,487,
148.408,,Surface,3,Image 1,1,488,
155.483,,Surface,3,Image 1,1,489,
30.7682,,Surface,3,Image 1,1,490,
211.832,,Surface,3,Image 1,1,491,
127.357,,Surface,3,Image 1,1,492,
54.6358,,Surface,3,Image 1,1,494,
73.9445,,Surface,3,Image 1,1,495,
114.89,,Surface,3,Image 1,1,496,
42.9781,,Surface,3,Image 1,1,497,
38.7599,,Surface,3,Image 1,1,498,
137.971,,Surface,3,Image 1,1,499,
75.1921,,Surface,3,Image 1,1,500,
154.895,,Surface,3,Image 1,1,501,
72.5563,,Surface,3,Image 1,1,502,
140.861,,Surface,3,Image 1,1,503,
139.144,,Surface,3,Image 1,1,504,
167.661,,Surface,3,Image 1,1,505,
169.723,,Surface,3,Image 1,1,506,
67.0401,,Surface,3,Image 1,1,507,
144.785,,Surface,3,Image 1,1,508,
183.028,,Surface,3,Image 1,1,509,
41.6024,,Surface,3,Image 1,1,510,
146.085,,Surface,3,Image 1,1,511,
66.8903,,Surface,3,Image 1,1,512,
140.824,,Surface,3,Image 1,1,513,
128.632,,Surface,3,Image 1,1,514,
53.9409,,Surface,3,Image 1,1,515,
173.125,,Surface,3,Image 1,1,516,
149.169,,Surface,3,Image 1,1,517,
46.025,,Surface,3,Image 1,1,518,
67.6095,,Surface,3,Image 1,1,519,
49.0184,,Surface,3,Image 1,1,520,
38.077,,Surface,3,Image 1,1,521,
60.6834,,Surface,3,Image 1,1,522,
60.4095,,Surface,3,Image 1,1,523,
142.983,,Surface,3,Image 1,1,524,
35.2942,,Surface,3,Image 1,1,525,
90.8566,,Surface,3,Image 1,1,526,
183.513,,Surface,3,Image 1,1,527,
118.79,,Surface,3,Image 1,1,528,
70.2953,,Surface,3,Image 1,1,529,
124.97,,Surface,3,Image 1,1,530,
92.8242,,Surface,3,Image 1,1,531,
58.3822,,Surface,3,Image 1,1,532,
143.895,,Surface,3,Image 1,1,533,
86.9465,,Surface,3,Image 1,1,534,
166.062,,Surface,3,Image 1,1,536,
105.94,,Surface,3,Image 1,1,537,
133.856,,Surface,3,Image 1,1,538,
156.088,,Surface,3,Image 1,1,539,
100.027,,Surface,3,Image 1,1,540,
91.7322,,Surface,3,Image 1,1,541,
191.651,,Surface,3,Image 1,1,542,
44.2042,,Surface,3,Image 1,1,543,
117.587,,Surface,3,Image 1,1,544,
229.862,,Surface,3,Image 1,1,545,
194.515,,Surface,3,Image 1,1,546,
49.2525,,Surface,3,Image 1,1,547,
109.789,,Surface,3,Image 1,1,548,
143.074,,Surface,3,Image 1,1,549,
49.5409,,Surface,3,Image 1,1,550,
34.2446,,Surface,3,Image 1,1,551,
76.9012,,Surface,3,Image 1,1,552,
182.384,,Surface,3,Image 1,1,553,
56.082,,Surface,3,Image 1,1,554,
38.3459,,Surface,3,Image 1,1,555,
75.8281,,Surface,3,Image 1,1,556,
63.1869,,Surface,3,Image 1,1,557,
107.024,,Surface,3,Image 1,1,558,
131.492,,Surface,3,Image 1,1,559,
104.062,,Surface,3,Image 1,1,560,
46.7472,,Surface,3,Image 1,1,561,
226.585,,Surface,3,Image 1,1,562,
169.625,,Surface,3,Image 1,1,563,
94.009,,Surface,3,Image 1,1,564,
159.257,,Surface,3,Image 1,1,565,
107.538,,Surface,3,Image 1,1,566,
149.647,,Surface,3,Image 1,1,567,
47.9626,,Surface,3,Image 1,1,568,
57.7851,,Surface,3,Image 1,1,569,
51.2826,,Surface,3,Image 1,1,570,
112.044,,Surface,3,Image 1,1,571,
114.567,,Surface,3,Image 1,1,572,
99.6754,,Surface,3,Image 1,1,573,
73.8535,,Surface,3,Image 1,1,574,
130.994,,Surface,3,Image 1,1,575,
151.704,,Surface,3,Image 1,1,576,
114.395,,Surface,3,Image 1,1,577,
178.14,,Surface,3,Image 1,1,578,
64.2643,,Surface,3,Image 1,1,579,
81.9923,,Surface,3,Image 1,1,580,
49.7598,,Surface,3,Image 1,1,581,
51.9184,,Surface,3,Image 1,1,582,
97.5401,,Surface,3,Image 1,1,583,
82.7089,,Surface,3,Image 1,1,584,
250.976,,Surface,3,Image 1,1,585,
50.6592,,Surface,3,Image 1,1,586,
175.881,,Surface,3,Image 1,1,587,
35.5189,,Surface,3,Image 1,1,588,
66.7479,,Surface,3,Image 1,1,589,
54.6767,,Surface,3,Image 1,1,590,
69.2428,,Surface,3,Image 1,1,591,
64.6452,,Surface,3,Image 1,1,592,
164.803,,Surface,3,Image 1,1,593,
126.329,,Surface,3,Image 1,1,594,
66.8598,,Surface,3,Image 1,1,595,
42.302,,Surface,3,Image 1,1,596,
204.329,,Surface,3,Image 1,1,599,
57.7443,,Surface,3,Image 1,1,600,
40.3648,,Surface,3,Image 1,1,602,
214.955,,Surface,3,Image 1,1,603,
137.569,,Surface,3,Image 1,1,604,
203.143,,Surface,3,Image 1,1,605,
112.443,,Surface,3,Image 1,1,606,
117.396,,Surface,3,Image 1,1,607,
41.5606,,Surface,3,Image 1,1,608,
65.2096,,Surface,3,Image 1,1,609,
149.216,,Surface,3,Image 1,1,611,
126.435,,Surface,3,Image 1,1,612,
140.91,,Surface,3,Image 1,1,613,
94.2004,,Surface,3,Image 1,1,614,
64.615,,Surface,3,Image 1,1,615,
153.094,,Surface,3,Image 1,1,616,
83.5249,,Surface,3,Image 1,1,617,
50.1358,,Surface,3,Image 1,1,618,
46.468,,Surface,3,Image 1,1,619,
78.4439,,Surface,3,Image 1,1,620,
48.3009,,Surface,3,Image 1,1,621,
91.6254,,Surface,3,Image 1,1,622,
221.376,,Surface,3,Image 1,1,623,
251.85,,Surface,3,Image 1,1,624,
125.261,,Surface,3,Image 1,1,626,
43.916,,Surface,3,Image 1,1,627,
271.123,,Surface,3,Image 1,1,628,
258.306,,Surface,3,Image 1,1,629,
411.744,,Surface,3,Image 1,1,630,
157.564,,Surface,3,Image 1,1,631,
152.55,,Surface,3,Image 1,1,632,
297.323,,Surface,3,Image 1,1,633,
34.2297,,Surface,3,Image 1,1,634,
189.414,,Surface,3,Image 1,1,635,
207.206,,Surface,3,Image 1,1,636,
50.5029,,Surface,3,Image 1,1,637,
87.8624,,Surface,3,Image 1,1,638,
267.536,,Surface,3,Image 1,1,639,
133.587,,Surface,3,Image 1,1,640,
131.764,,Surface,3,Image 1,1,641,
95.3194,,Surface,3,Image 1,1,642,
184.834,,Surface,3,Image 1,1,643,
180.83,,Surface,3,Image 1,1,644,
134.163,,Surface,3,Image 1,1,645,
50.4166,,Surface,3,Image 1,1,646,
41.9156,,Surface,3,Image 1,1,647,
57.0499,,Surface,3,Image 1,1,648,
103.14,,Surface,3,Image 1,1,649,
104.251,,Surface,3,Image 1,1,650,
118.292,,Surface,3,Image 1,1,651,
81.1713,,Surface,3,Image 1,1,652,
38.7433,,Surface,3,Image 1,1,653,
162.689,,Surface,3,Image 1,1,654,
178.454,,Surface,3,Image 1,1,655,
93.3431,,Surface,3,Image 1,1,656,
161.719,,Surface,3,Image 1,1,657,
257.336,,Surface,3,Image 1,1,658,
149.415,,Surface,3,Image 1,1,659,
133.905,,Surface,3,Image 1,1,660,
156.25,,Surface,3,Image 1,1,661,
151.628,,Surface,3,Image 1,1,662,
147.598,,Surface,3,Image 1,1,663,
79.0247,,Surface,3,Image 1,1,664,
48.5752,,Surface,3,Image 1,1,665,
120.143,,Surface,3,Image 1,1,666,
204.964,,Surface,3,Image 1,1,667,
64.464,,Surface,3,Image 1,1,668,
181.539,,Surface,3,Image 1,1,669,
210.089,,Surface,3,Image 1,1,670,
87.2018,,Surface,3,Image 1,1,671,
58.0318,,Surface,3,Image 1,1,673,
103.352,,Surface,3,Image 1,1,674,
219.191,,Surface,3,Image 1,1,675,
64.7961,,Surface,3,Image 1,1,677,
127.228,,Surface,3,Image 1,1,678,
169.061,,Surface,3,Image 1,1,680,
243.752,,Surface,3,Image 1,1,681,
158.635,,Surface,3,Image 1,1,682,
62.633,,Surface,3,Image 1,1,683,
222.882,,Surface,3,Image 1,1,684,
206.286,,Surface,3,Image 1,1,685,
266.894,,Surface,3,Image 1,1,686,
55.8661,,Surface,3,Image 1,1,687,
264.12,,Surface,3,Image 1,1,688,
64.8244,,Surface,3,Image 1,1,689,
185.984,,Surface,3,Image 1,1,690,
237.327,,Surface,3,Image 1,1,691,
42.7965,,Surface,3,Image 1,1,692,
152.133,,Surface,3,Image 1,1,694,
180.975,,Surface,3,Image 1,1,695,
117.02,,Surface,3,Image 1,1,697,
92.1629,,Surface,3,Image 1,1,698,
163.236,,Surface,3,Image 1,1,699,
115.838,,Surface,3,Image 1,1,700,
75.3829,,Surface,3,Image 1,1,701,
72.3454,,Surface,3,Image 1,1,702,
151.356,,Surface,3,Image 1,1,703,
77.5031,,Surface,3,Image 1,1,704,
44.0102,,Surface,3,Image 1,1,705,
64.2905,,Surface,3,Image 1,1,706,
258.596,,Surface,3,Image 1,1,708,
50.0991,,Surface,3,Image 1,1,709,
149.044,,Surface,3,Image 1,1,710,
132.451,,Surface,3,Image 1,1,711,
62.3503,,Surface,3,Image 1,1,712,
68.6176,,Surface,3,Image 1,1,713,
71.8817,,Surface,3,Image 1,1,714,
227.622,,Surface,3,Image 1,1,715,
299.93,,Surface,3,Image 1,1,716,
216.246,,Surface,3,Image 1,1,717,
324.65,,Surface,3,Image 1,1,718,
299.265,,Surface,3,Image 1,1,721,
57.7717,,Surface,3,Image 1,1,722,
233.852,,Surface,3,Image 1,1,723,
245.309,,Surface,3,Image 1,1,724,
207.907,,Surface,3,Image 1,1,725,
150.554,,Surface,3,Image 1,1,726,
105.299,,Surface,3,Image 1,1,727,
138.295,,Surface,3,Image 1,1,728,
308.107,,Surface,3,Image 1,1,729,
36.0096,,Surface,3,Image 1,1,730,
253.884,,Surface,3,Image 1,1,732,
179.771,,Surface,3,Image 1,1,733,
45.1433,,Surface,3,Image 1,1,734,
38.0092,,Surface,3,Image 1,1,735,
80.9785,,Surface,3,Image 1,1,736,
132.921,,Surface,3,Image 1,1,737,
64.5805,,Surface,3,Image 1,1,738,
197.722,,Surface,3,Image 1,1,739,
565.022,,Surface,3,Image 1,1,740,
218.392,,Surface,3,Image 1,1,741,
353.546,,Surface,3,Image 1,1,742,
182.014,,Surface,3,Image 1,1,743,
183.724,,Surface,3,Image 1,1,744,
131.307,,Surface,3,Image 1,1,746,
174.484,,Surface,3,Image 1,1,747,
81.0514,,Surface,3,Image 1,1,748,
250.224,,Surface,3,Image 1,1,749,
171.984,,Surface,3,Image 1,1,750,
281.76,,Surface,3,Image 1,1,751,
196.81,,Surface,3,Image 1,1,752,
181.59,,Surface,3,Image 1,1,753,
85.4734,,Surface,3,Image 1,1,755,
273.948,,Surface,3,Image 1,1,756,
107.954,,Surface,3,Image 1,1,757,
225.001,,Surface,3,Image 1,1,758,
312.45,,Surface,3,Image 1,1,759,
114.118,,Surface,3,Image 1,1,760,
71.783,,Surface,3,Image 1,1,761,
238.424,,Surface,3,Image 1,1,762,
47.7558,,Surface,3,Image 1,1,763,
185.97,,Surface,3,Image 1,1,764,
175.851,,Surface,3,Image 1,1,765,
89.3255,,Surface,3,Image 1,1,766,
404.553,,Surface,3,Image 1,1,767,
280.05,,Surface,3,Image 1,1,768,
56.2793,,Surface,3,Image 1,1,769,
50.6873,,Surface,3,Image 1,1,770,
266.248,,Surface,3,Image 1,1,771,
269.07,,Surface,3,Image 1,1,772,
211.966,,Surface,3,Image 1,1,773,
334.895,,Surface,3,Image 1,1,775,
254.15,,Surface,3,Image 1,1,776,
244.933,,Surface,3,Image 1,1,779,
109.909,,Surface,3,Image 1,1,780,
72.5372,,Surface,3,Image 1,1,781,
459.373,,Surface,3,Image 1,1,782,
98.8018,,Surface,3,Image 1,1,783,
360.054,,Surface,3,Image 1,1,784,
317.44,,Surface,3,Image 1,1,786,
203.33,,Surface,3,Image 1,1,787,
56.1547,,Surface,3,Image 1,1,788,
136.076,,Surface,3,Image 1,1,789,
167.724,,Surface,3,Image 1,1,790,
156.813,,Surface,3,Image 1,1,791,
397.959,,Surface,3,Image 1,1,793,
365.142,,Surface,3,Image 1,1,794,
200.089,,Surface,3,Image 1,1,795,
56.9874,,Surface,3,Image 1,1,796,
122.605,,Surface,3,Image 1,1,797,
172.575,,Surface,3,Image 1,1,798,
335.916,,Surface,3,Image 1,1,799,
34.0005,,Surface,3,Image 1,1,800,
155.956,,Surface,3,Image 1,1,801,
51.0061,,Surface,3,Image 1,1,802,
75.301,,Surface,3,Image 1,1,803,
40.9623,,Surface,3,Image 1,1,804,
383.735,,Surface,3,Image 1,1,805,
137.532,,Surface,3,Image 1,1,806,
125.341,,Surface,3,Image 1,1,807,
45.7594,,Surface,3,Image 1,1,808,
209.136,,Surface,3,Image 1,1,809,
54.7464,,Surface,3,Image 1,1,810,
294.823,,Surface,3,Image 1,1,811,
315.815,,Surface,3,Image 1,1,813,
179.951,,Surface,3,Image 1,1,814,
58.9336,,Surface,3,Image 1,1,815,
119.533,,Surface,3,Image 1,1,816,
166.886,,Surface,3,Image 1,1,817,
64.7651,,Surface,3,Image 1,1,818,
195.909,,Surface,3,Image 1,1,819,
406.4,,Surface,3,Image 1,1,820,
127.532,,Surface,3,Image 1,1,821,
53.2211,,Surface,3,Image 1,1,822,
162.341,,Surface,3,Image 1,1,824,
282.126,,Surface,3,Image 1,1,826,
70.3457,,Surface,3,Image 1,1,827,
144.573,,Surface,3,Image 1,1,828,
186.797,,Surface,3,Image 1,1,829,
55.0868,,Surface,3,Image 1,1,830,
51.4378,,Surface,3,Image 1,1,831,
141.654,,Surface,3,Image 1,1,833,
358.994,,Surface,3,Image 1,1,834,
264.184,,Surface,3,Image 1,1,835,
127.466,,Surface,3,Image 1,1,836,
380.372,,Surface,3,Image 1,1,837,
238.991,,Surface,3,Image 1,1,838,
286.293,,Surface,3,Image 1,1,839,
180.41,,Surface,3,Image 1,1,840,
43.7964,,Surface,3,Image 1,1,841,
76.1774,,Surface,3,Image 1,1,842,
115.146,,Surface,3,Image 1,1,843,
139.987,,Surface,3,Image 1,1,844,
123.282,,Surface,3,Image 1,1,845,
50.4129,,Surface,3,Image 1,1,846,
227.042,,Surface,3,Image 1,1,847,
252.847,,Surface,3,Image 1,1,849,
96.2767,,Surface,3,Image 1,1,850,
191.996,,Surface,3,Image 1,1,851,
96.3191,,Surface,3,Image 1,1,852,
150.054,,Surface,3,Image 1,1,853,
95.9042,,Surface,3,Image 1,1,854,
251.531,,Surface,3,Image 1,1,855,
154.031,,Surface,3,Image 1,1,856,
47.7377,,Surface,3,Image 1,1,857,
176.805,,Surface,3,Image 1,1,858,
181.931,,Surface,3,Image 1,1,859,
178.097,,Surface,3,Image 1,1,860,
124.742,,Surface,3,Image 1,1,861,
113.624,,Surface,3,Image 1,1,862,
44.0906,,Surface,3,Image 1,1,863,
173.384,,Surface,3,Image 1,1,864,
139.081,,Surface,3,Image 1,1,865,
273.933,,Surface,3,Image 1,1,866,
235.285,,Surface,3,Image 1,1,867,
123.933,,Surface,3,Image 1,1,868,
152.298,,Surface,3,Image 1,1,869,
166.048,,Surface,3,Image 1,1,870,
281.488,,Surface,3,Image 1,1,871,
346.449,,Surface,3,Image 1,1,873,
274.281,,Surface,3,Image 1,1,874,
85.4789,,Surface,3,Image 1,1,875,
45.773,,Surface,3,Image 1,1,877,
49.4386,,Surface,3,Image 1,1,878,
177.062,,Surface,3,Image 1,1,879,
358.636,,Surface,3,Image 1,1,880,
457.625,,Surface,3,Image 1,1,881,
252.789,,Surface,3,Image 1,1,882,
55.5941,,Surface,3,Image 1,1,883,
209.014,,Surface,3,Image 1,1,884,
50.594,,Surface,3,Image 1,1,885,
237.471,,Surface,3,Image 1,1,886,
60.3195,,Surface,3,Image 1,1,887,
157.155,,Surface,3,Image 1,1,888,
63.6262,,Surface,3,Image 1,1,889,
160.472,,Surface,3,Image 1,1,890,
55.8958,,Surface,3,Image 1,1,891,
114.162,,Surface,3,Image 1,1,892,
69.138,,Surface,3,Image 1,1,893,
42.2256,,Surface,3,Image 1,1,894,
81.8323,,Surface,3,Image 1,1,895,
52.4335,,Surface,3,Image 1,1,896,
129.172,,Surface,3,Image 1,1,897,
48.3013,,Surface,3,Image 1,1,898,
121.856,,Surface,3,Image 1,1,899,
122.492,,Surface,3,Image 1,1,900,
241.441,,Surface,3,Image 1,1,902,
258.452,,Surface,3,Image 1,1,903,
277.842,,Surface,3,Image 1,1,904,
128.301,,Surface,3,Image 1,1,905,
278.984,,Surface,3,Image 1,1,906,
153.939,,Surface,3,Image 1,1,907,
50.6512,,Surface,3,Image 1,1,908,
138.102,,Surface,3,Image 1,1,909,
45.3095,,Surface,3,Image 1,1,910,
224.432,,Surface,3,Image 1,1,911,
169.092,,Surface,3,Image 1,1,913,
165.859,,Surface,3,Image 1,1,915,
60.0431,,Surface,3,Image 1,1,916,
34.9845,,Surface,3,Image 1,1,917,
144.758,,Surface,3,Image 1,1,918,
91.3261,,Surface,3,Image 1,1,919,
107.681,,Surface,3,Image 1,1,920,
50.4956,,Surface,3,Image 1,1,921,
61.594,,Surface,3,Image 1,1,922,
226.47,,Surface,3,Image 1,1,923,
42.5636,,Surface,3,Image 1,1,924,
157.402,,Surface,3,Image 1,1,925,
323.755,,Surface,3,Image 1,1,926,
45.1602,,Surface,3,Image 1,1,927,
311.563,,Surface,3,Image 1,1,928,
163.165,,Surface,3,Image 1,1,929,
362.398,,Surface,3,Image 1,1,930,
53.2599,,Surface,3,Image 1,1,931,
151.219,,Surface,3,Image 1,1,932,
142.299,,Surface,3,Image 1,1,933,
71.8648,,Surface,3,Image 1,1,936,
253.43,,Surface,3,Image 1,1,937,
62.3261,,Surface,3,Image 1,1,938,
34.2076,,Surface,3,Image 1,1,939,
134.332,,Surface,3,Image 1,1,940,
179.163,,Surface,3,Image 1,1,941,
147.89,,Surface,3,Image 1,1,942,
480.711,,Surface,3,Image 1,1,943,
160.368,,Surface,3,Image 1,1,944,
203.24,,Surface,3,Image 1,1,945,
189.5,,Surface,3,Image 1,1,947,
204.762,,Surface,3,Image 1,1,948,
111.467,,Surface,3,Image 1,1,949,
160.071,,Surface,3,Image 1,1,950,
242.482,,Surface,3,Image 1,1,951,
161.96,,Surface,3,Image 1,1,952,
265.341,,Surface,3,Image 1,1,953,
34.4151,,Surface,3,Image 1,1,954,
102.573,,Surface,3,Image 1,1,955,
64.4402,,Surface,3,Image 1,1,956,
45.2158,,Surface,3,Image 1,1,957,
47.3118,,Surface,3,Image 1,1,958,
274.481,,Surface,3,Image 1,1,959,
147.369,,Surface,3,Image 1,1,960,
47.2843,,Surface,3,Image 1,1,961,
192.53,,Surface,3,Image 1,1,962,
148.243,,Surface,3,Image 1,1,963,
84.3109,,Surface,3,Image 1,1,965,
116.479,,Surface,3,Image 1,1,966,
224.702,,Surface,3,Image 1,1,968,
127.779,,Surface,3,Image 1,1,969,
145.81,,Surface,3,Image 1,1,970,
53.89,,Surface,3,Image 1,1,971,
94.0837,,Surface,3,Image 1,1,972,
426.262,,Surface,3,Image 1,1,973,
72.3537,,Surface,3,Image 1,1,974,
140.21,,Surface,3,Image 1,1,975,
151.574,,Surface,3,Image 1,1,976,
154.259,,Surface,3,Image 1,1,977,
208.575,,Surface,3,Image 1,1,978,
147.291,,Surface,3,Image 1,1,979,
132.781,,Surface,3,Image 1,1,980,
33.41,,Surface,3,Image 1,1,981,
78.9255,,Surface,3,Image 1,1,982,
121.198,,Surface,3,Image 1,1,983,
78.5607,,Surface,3,Image 1,1,984,
62.0602,,Surface,3,Image 1,1,985,
379.031,,Surface,3,Image 1,1,986,
90.4984,,Surface,3,Image 1,1,987,
219.552,,Surface,3,Image 1,1,988,
168.932,,Surface,3,Image 1,1,989,
66.5491,,Surface,3,Image 1,1,990,
43.9721,,Surface,3,Image 1,1,991,
134.064,,Surface,3,Image 1,1,992,
209.347,,Surface,3,Image 1,1,993,
178.455,,Surface,3,Image 1,1,994,
218.772,,Surface,3,Image 1,1,995,
128.04,,Surface,3,Image 1,1,996,
114.771,,Surface,3,Image 1,1,997,
175.542,,Surface,3,Image 1,1,998,
126.021,,Surface,3,Image 1,1,999,
296.282,,Surface,3,Image 1,1,1000,
429.741,,Surface,3,Image 1,1,1001,
88.9977,,Surface,3,Image 1,1,1003,
318.368,,Surface,3,Image 1,1,1004,
82.2691,,Surface,3,Image 1,1,1005,
68.3094,,Surface,3,Image 1,1,1006,
40.9659,,Surface,3,Image 1,1,1007,
166.006,,Surface,3,Image 1,1,1009,
48.8912,,Surface,3,Image 1,1,1010,
138.268,,Surface,3,Image 1,1,1011,
92.1768,,Surface,3,Image 1,1,1012,
112.544,,Surface,3,Image 1,1,1013,
235.835,,Surface,3,Image 1,1,1014,
211.617,,Surface,3,Image 1,1,1015,
67.7843,,Surface,3,Image 1,1,1016,
157.895,,Surface,3,Image 1,1,1017,
55.2102,,Surface,3,Image 1,1,1018,
215.786,,Surface,3,Image 1,1,1019,
35.916,,Surface,3,Image 1,1,1020,
57.2266,,Surface,3,Image 1,1,1021,
156.219,,Surface,3,Image 1,1,1022,
236.354,,Surface,3,Image 1,1,1023,
84.0078,,Surface,3,Image 1,1,1024,
122.52,,Surface,3,Image 1,1,1025,
43.0885,,Surface,3,Image 1,1,1026,
151.143,,Surface,3,Image 1,1,1027,
124.866,,Surface,3,Image 1,1,1028,
84.907,,Surface,3,Image 1,1,1029,
165.331,,Surface,3,Image 1,1,1030,
140.755,,Surface,3,Image 1,1,1031,
262.816,,Surface,3,Image 1,1,1032,
225.646,,Surface,3,Image 1,1,1033,
196.514,,Surface,3,Image 1,1,1034,
179.838,,Surface,3,Image 1,1,1035,
117.634,,Surface,3,Image 1,1,1036,
174.04,,Surface,3,Image 1,1,1037,
101.891,,Surface,3,Image 1,1,1038,
65.2066,,Surface,3,Image 1,1,1039,
125.683,,Surface,3,Image 1,1,1040,
34.1545,,Surface,3,Image 1,1,1041,
167.935,,Surface,3,Image 1,1,1042,
279.553,,Surface,3,Image 1,1,1043,
206.86,,Surface,3,Image 1,1,1044,
99.8097,,Surface,3,Image 1,1,1045,
211.439,,Surface,3,Image 1,1,1046,
138.55,,Surface,3,Image 1,1,1047,
73.6487,,Surface,3,Image 1,1,1048,
42.97,,Surface,3,Image 1,1,1049,
271.836,,Surface,3,Image 1,1,1050,
37.0045,,Surface,3,Image 1,1,1051,
269.809,,Surface,3,Image 1,1,1052,
49.1047,,Surface,3,Image 1,1,1053,
426.895,,Surface,3,Image 1,1,1054,
273.848,,Surface,3,Image 1,1,1055,
65.0151,,Surface,3,Image 1,1,1056,
93.0143,,Surface,3,Image 1,1,1057,
145.641,,Surface,3,Image 1,1,1058,
196.861,,Surface,3,Image 1,1,1059,
223.188,,Surface,3,Image 1,1,1060,
142.541,,Surface,3,Image 1,1,1061,
43.8187,,Surface,3,Image 1,1,1062,
84.7868,,Surface,3,Image 1,1,1063,
92.9922,,Surface,3,Image 1,1,1064,
145.598,,Surface,3,Image 1,1,1065,
45.439,,Surface,3,Image 1,1,1066,
203.057,,Surface,3,Image 1,1,1067,
114.179,,Surface,3,Image 1,1,1068,
222.335,,Surface,3,Image 1,1,1069,
236.583,,Surface,3,Image 1,1,1070,
44.1907,,Surface,3,Image 1,1,1071,
140.86,,Surface,3,Image 1,1,1072,
129.39,,Surface,3,Image 1,1,1073,
73.2612,,Surface,3,Image 1,1,1074,
168.704,,Surface,3,Image 1,1,1075,
122.446,,Surface,3,Image 1,1,1076,
77.0035,,Surface,3,Image 1,1,1077,
39.1051,,Surface,3,Image 1,1,1078,
63.7796,,Surface,3,Image 1,1,1079,
228.205,,Surface,3,Image 1,1,1080,
299.759,,Surface,3,Image 1,1,1081,
39.8601,,Surface,3,Image 1,1,1082,
89.1917,,Surface,3,Image 1,1,1083,
148.922,,Surface,3,Image 1,1,1084,
62.2071,,Surface,3,Image 1,1,1085,
161.253,,Surface,3,Image 1,1,1086,
303.496,,Surface,3,Image 1,1,1087,
83.0614,,Surface,3,Image 1,1,1088,
96.5552,,Surface,3,Image 1,1,1089,
407.625,,Surface,3,Image 1,1,1090,
53.546,,Surface,3,Image 1,1,1091,
46.8343,,Surface,3,Image 1,1,1092,
44.909,,Surface,3,Image 1,1,1093,
128.143,,Surface,3,Image 1,1,1094,
86.1463,,Surface,3,Image 1,1,1095,
129.265,,Surface,3,Image 1,1,1097,
119.304,,Surface,3,Image 1,1,1098,
84.8837,,Surface,3,Image 1,1,1099,
75.8911,,Surface,3,Image 1,1,1100,
206.292,,Surface,3,Image 1,1,1101,
230.387,,Surface,3,Image 1,1,1102,
136.111,,Surface,3,Image 1,1,1103,
81.0552,,Surface,3,Image 1,1,1104,
162.632,,Surface,3,Image 1,1,1105,
153.6,,Surface,3,Image 1,1,1106,
160.14,,Surface,3,Image 1,1,1107,
80.7281,,Surface,3,Image 1,1,1108,
57.2291,,Surface,3,Image 1,1,1109,
64.3967,,Surface,3,Image 1,1,1110,
118.894,,Surface,3,Image 1,1,1111,
175.866,,Surface,3,Image 1,1,1112,
137.165,,Surface,3,Image 1,1,1113,
145.047,,Surface,3,Image 1,1,1114,
131.301,,Surface,3,Image 1,1,1115,
58.7119,,Surface,3,Image 1,1,1116,
119.427,,Surface,3,Image 1,1,1117,
70.8708,,Surface,3,Image 1,1,1118,
123.6,,Surface,3,Image 1,1,1119,
41.7163,,Surface,3,Image 1,1,1120,
113.236,,Surface,3,Image 1,1,1121,
52.4301,,Surface,3,Image 1,1,1122,
123.027,,Surface,3,Image 1,1,1124,
56.5735,,Surface,3,Image 1,1,1125,
200.8,,Surface,3,Image 1,1,1127,
56.013,,Surface,3,Image 1,1,1128,
167.595,,Surface,3,Image 1,1,1129,
61.0629,,Surface,3,Image 1,1,1130,
75.5989,,Surface,3,Image 1,1,1133,
63.2502,,Surface,3,Image 1,1,1134,
72.5391,,Surface,3,Image 1,1,1135,
173.015,,Surface,3,Image 1,1,1136,
164.7,,Surface,3,Image 1,1,1137,
55.5611,,Surface,3,Image 1,1,1139,
65.7446,,Surface,3,Image 1,1,1140,
36.9612,,Surface,3,Image 1,1,1141,
187.761,,Surface,3,Image 1,1,1142,
214.185,,Surface,3,Image 1,1,1143,
128.824,,Surface,3,Image 1,1,1144,
67.9355,,Surface,3,Image 1,1,1145,
271.708,,Surface,3,Image 1,1,1146,
75.9978,,Surface,3,Image 1,1,1147,
172.954,,Surface,3,Image 1,1,1148,
102.631,,Surface,3,Image 1,1,1149,
44.4311,,Surface,3,Image 1,1,1150,
177.79,,Surface,3,Image 1,1,1152,
43.0864,,Surface,3,Image 1,1,1153,
42.2561,,Surface,3,Image 1,1,1154,
173.401,,Surface,3,Image 1,1,1155,
296.397,,Surface,3,Image 1,1,1156,
358.448,,Surface,3,Image 1,1,1157,
72.069,,Surface,3,Image 1,1,1158,
306.183,,Surface,3,Image 1,1,1159,
37.0384,,Surface,3,Image 1,1,1160,
82.2564,,Surface,3,Image 1,1,1161,
38.2449,,Surface,3,Image 1,1,1162,
215.855,,Surface,3,Image 1,1,1163,
51.6386,,Surface,3,Image 1,1,1164,
77.9289,,Surface,3,Image 1,1,1165,
138.543,,Surface,3,Image 1,1,1166,
178.707,,Surface,3,Image 1,1,1167,
75.1551,,Surface,3,Image 1,1,1168,
158.892,,Surface,3,Image 1,1,1169,
121.528,,Surface,3,Image 1,1,1170,
86.8,,Surface,3,Image 1,1,1171,
89.8656,,Surface,3,Image 1,1,1172,
63.6411,,Surface,3,Image 1,1,1173,
61.4618,,Surface,3,Image 1,1,1174,
54.1253,,Surface,3,Image 1,1,1175,
366.382,,Surface,3,Image 1,1,1176,
117.65,,Surface,3,Image 1,1,1177,
39.921,,Surface,3,Image 1,1,1178,
261.429,,Surface,3,Image 1,1,1179,
328.437,,Surface,3,Image 1,1,1181,
87.823,,Surface,3,Image 1,1,1182,
229.307,,Surface,3,Image 1,1,1183,
69.7826,,Surface,3,Image 1,1,1184,
47.9383,,Surface,3,Image 1,1,1185,
45.241,,Surface,3,Image 1,1,1186,
216.163,,Surface,3,Image 1,1,1187,
79.4493,,Surface,3,Image 1,1,1188,
267.48,,Surface,3,Image 1,1,1189,
179.558,,Surface,3,Image 1,1,1190,
141.726,,Surface,3,Image 1,1,1191,
79.946,,Surface,3,Image 1,1,1192,
176.288,,Surface,3,Image 1,1,1193,
178.831,,Surface,3,Image 1,1,1194,
80.005,,Surface,3,Image 1,1,1196,
142.991,,Surface,3,Image 1,1,1197,
104.184,,Surface,3,Image 1,1,1198,
211.265,,Surface,3,Image 1,1,1199,
299.925,,Surface,3,Image 1,1,1200,
54.0238,,Surface,3,Image 1,1,1201,
53.2332,,Surface,3,Image 1,1,1202,
58.8381,,Surface,3,Image 1,1,1203,
114.619,,Surface,3,Image 1,1,1204,
177.083,,Surface,3,Image 1,1,1205,
39.6193,,Surface,3,Image 1,1,1206,
70.7462,,Surface,3,Image 1,1,1207,
326.913,,Surface,3,Image 1,1,1208,
72.658,,Surface,3,Image 1,1,1209,
66.1842,,Surface,3,Image 1,1,1210,
48.5144,,Surface,3,Image 1,1,1211,
124.601,,Surface,3,Image 1,1,1212,
187.769,,Surface,3,Image 1,1,1213,
79.4624,,Surface,3,Image 1,1,1214,
35.5581,,Surface,3,Image 1,1,1215,
72.0157,,Surface,3,Image 1,1,1216,
163.227,,Surface,3,Image 1,1,1217,
192.113,,Surface,3,Image 1,1,1218,
131.449,,Surface,3,Image 1,1,1219,
86.7205,,Surface,3,Image 1,1,1220,
293.223,,Surface,3,Image 1,1,1221,
50.5674,,Surface,3,Image 1,1,1222,
63.3386,,Surface,3,Image 1,1,1223,
240.194,,Surface,3,Image 1,1,1224,
143.092,,Surface,3,Image 1,1,1225,
67.0592,,Surface,3,Image 1,1,1226,
43.5838,,Surface,3,Image 1,1,1227,
64.9442,,Surface,3,Image 1,1,1228,
52.2952,,Surface,3,Image 1,1,1229,
44.8241,,Surface,3,Image 1,1,1230,
366.698,,Surface,3,Image 1,1,1231,
67.5073,,Surface,3,Image 1,1,1232,
62.1077,,Surface,3,Image 1,1,1233,
82.2675,,Surface,3,Image 1,1,1234,
55.6129,,Surface,3,Image 1,1,1235,
294.95,,Surface,3,Image 1,1,1236,
58.7188,,Surface,3,Image 1,1,1237,
189.871,,Surface,3,Image 1,1,1238,
312.792,,Surface,3,Image 1,1,1239,
48.9311,,Surface,3,Image 1,1,1240,
32.6862,,Surface,3,Image 1,1,1241,
70.7514,,Surface,3,Image 1,1,1242,
44.7025,,Surface,3,Image 1,1,1243,
49.1578,,Surface,3,Image 1,1,1244,
126.239,,Surface,3,Image 1,1,1245,
133.332,,Surface,3,Image 1,1,1246,
59.5634,,Surface,3,Image 1,1,1247,
94.3722,,Surface,3,Image 1,1,1248,
46.2662,,Surface,3,Image 1,1,1249,
180.205,,Surface,3,Image 1,1,1250,
79.5389,,Surface,3,Image 1,1,1251,
57.3212,,Surface,3,Image 1,1,1252,
224.878,,Surface,3,Image 1,1,1253,
389.232,,Surface,3,Image 1,1,1254,
49.1222,,Surface,3,Image 1,1,1255,
46.1287,,Surface,3,Image 1,1,1256,
186.071,,Surface,3,Image 1,1,1257,
81.2003,,Surface,3,Image 1,1,1258,
71.095,,Surface,3,Image 1,1,1259,
126.976,,Surface,3,Image 1,1,1260,
87.435,,Surface,3,Image 1,1,1261,
33.287,,Surface,3,Image 1,1,1262,
170.264,,Surface,3,Image 1,1,1263,
161.856,,Surface,3,Image 1,1,1264,
225.138,,Surface,3,Image 1,1,1265,
145.362,,Surface,3,Image 1,1,1266,
248.646,,Surface,3,Image 1,1,1267,
109.539,,Surface,3,Image 1,1,1268,
46.4604,,Surface,3,Image 1,1,1269,
76.3654,,Surface,3,Image 1,1,1270,
187.313,,Surface,3,Image 1,1,1271,
73.2901,,Surface,3,Image 1,1,1273,
128.816,,Surface,3,Image 1,1,1274,
87.9884,,Surface,3,Image 1,1,1275,
49.4532,,Surface,3,Image 1,1,1276,
158.783,,Surface,3,Image 1,1,1277,
77.1716,,Surface,3,Image 1,1,1278,
120.798,,Surface,3,Image 1,1,1279,
64.8126,,Surface,3,Image 1,1,1280,
159.013,,Surface,3,Image 1,1,1281,
103.26,,Surface,3,Image 1,1,1282,
262.054,,Surface,3,Image 1,1,1283,
297.461,,Surface,3,Image 1,1,1284,
227.902,,Surface,3,Image 1,1,1285,
182.673,,Surface,3,Image 1,1,1286,
62.6509,,Surface,3,Image 1,1,1287,
75.9186,,Surface,3,Image 1,1,1288,
137.344,,Surface,3,Image 1,1,1289,
142.412,,Surface,3,Image 1,1,1290,
327.084,,Surface,3,Image 1,1,1291,
155.119,,Surface,3,Image 1,1,1292,
50.9688,,Surface,3,Image 1,1,1293,
267.817,,Surface,3,Image 1,1,1294,
155.296,,Surface,3,Image 1,1,1295,
34.9282,,Surface,3,Image 1,1,1296,
67.5492,,Surface,3,Image 1,1,1297,
70.5721,,Surface,3,Image 1,1,1298,
47.221,,Surface,3,Image 1,1,1299,
254.51,,Surface,3,Image 1,1,1300,
171.03,,Surface,3,Image 1,1,1301,
224.562,,Surface,3,Image 1,1,1302,
40.4044,,Surface,3,Image 1,1,1303,
37.6163,,Surface,3,Image 1,1,1304,
53.3063,,Surface,3,Image 1,1,1305,
321.431,,Surface,3,Image 1,1,1306,
192.971,,Surface,3,Image 1,1,1307,
128.759,,Surface,3,Image 1,1,1308,
95.91,,Surface,3,Image 1,1,1309,
333.318,,Surface,3,Image 1,1,1310,
215.244,,Surface,3,Image 1,1,1311,
120.159,,Surface,3,Image 1,1,1312,
381.677,,Surface,3,Image 1,1,1313,
65.9163,,Surface,3,Image 1,1,1314,
244.492,,Surface,3,Image 1,1,1315,
123.029,,Surface,3,Image 1,1,1317,
255.252,,Surface,3,Image 1,1,1318,
48.5835,,Surface,3,Image 1,1,1319,
62.979,,Surface,3,Image 1,1,1320,
134.636,,Surface,3,Image 1,1,1321,
355.83,,Surface,3,Image 1,1,1322,
100.599,,Surface,3,Image 1,1,1323,
43.5308,,Surface,3,Image 1,1,1325,
124.214,,Surface,3,Image 1,1,1326,
195.729,,Surface,3,Image 1,1,1327,
34.4701,,Surface,3,Image 1,1,1328,
283.213,,Surface,3,Image 1,1,1329,
83.7447,,Surface,3,Image 1,1,1330,
72.4528,,Surface,3,Image 1,1,1332,
117.137,,Surface,3,Image 1,1,1333,
75.3548,,Surface,3,Image 1,1,1334,
101.25,,Surface,3,Image 1,1,1335,
316.545,,Surface,3,Image 1,1,1336,
129.616,,Surface,3,Image 1,1,1337,
70.7231,,Surface,3,Image 1,1,1338,
90.0888,,Surface,3,Image 1,1,1339,
378.852,,Surface,3,Image 1,1,1340,
56.8953,,Surface,3,Image 1,1,1341,
53.1236,,Surface,3,Image 1,1,1342,
228.419,,Surface,3,Image 1,1,1343,
137.407,,Surface,3,Image 1,1,1344,
241.483,,Surface,3,Image 1,1,1345,
204.209,,Surface,3,Image 1,1,1346,
82.1706,,Surface,3,Image 1,1,1347,
65.5107,,Surface,3,Image 1,1,1348,
81.4492,,Surface,3,Image 1,1,1349,
127.89,,Surface,3,Image 1,1,1350,
57.3209,,Surface,3,Image 1,1,1351,
81.7305,,Surface,3,Image 1,1,1352,
58.7468,,Surface,3,Image 1,1,1353,
147.414,,Surface,3,Image 1,1,1354,
121.189,,Surface,3,Image 1,1,1355,
176.26,,Surface,3,Image 1,1,1356,
59.6135,,Surface,3,Image 1,1,1358,
79.2931,,Surface,3,Image 1,1,1359,
203.773,,Surface,3,Image 1,1,1360,
132.695,,Surface,3,Image 1,1,1361,
65.326,,Surface,3,Image 1,1,1362,
39.2204,,Surface,3,Image 1,1,1363,
200.614,,Surface,3,Image 1,1,1364,
136.64,,Surface,3,Image 1,1,1365,
40.2448,,Surface,3,Image 1,1,1366,
80.3873,,Surface,3,Image 1,1,1367,
173.999,,Surface,3,Image 1,1,1368,
85.7839,,Surface,3,Image 1,1,1369,
72.0764,,Surface,3,Image 1,1,1370,
46.2822,,Surface,3,Image 1,1,1371,
85.9209,,Surface,3,Image 1,1,1372,
117.983,,Surface,3,Image 1,1,1373,
90.4652,,Surface,3,Image 1,1,1374,
227.116,,Surface,3,Image 1,1,1375,
70.7913,,Surface,3,Image 1,1,1376,
175.171,,Surface,3,Image 1,1,1377,
77.3701,,Surface,3,Image 1,1,1378,
151.603,,Surface,3,Image 1,1,1379,
154.506,,Surface,3,Image 1,1,1380,
47.3651,,Surface,3,Image 1,1,1381,
76.5503,,Surface,3,Image 1,1,1382,
121.008,,Surface,3,Image 1,1,1383,
46.1753,,Surface,3,Image 1,1,1384,
98.0969,,Surface,3,Image 1,1,1385,
68.6578,,Surface,3,Image 1,1,1386,
134.495,,Surface,3,Image 1,1,1387,
120.013,,Surface,3,Image 1,1,1388,
96.8587,,Surface,3,Image 1,1,1389,
45.5044,,Surface,3,Image 1,1,1390,
66.3869,,Surface,3,Image 1,1,1391,
167.248,,Surface,3,Image 1,1,1392,
58.4929,,Surface,3,Image 1,1,1393,
125.381,,Surface,3,Image 1,1,1394,
102.35,,Surface,3,Image 1,1,1395,
189.791,,Surface,3,Image 1,1,1396,
62.7207,,Surface,3,Image 1,1,1397,
40.9755,,Surface,3,Image 1,1,1398,
311.522,,Surface,3,Image 1,1,1399,
63.9813,,Surface,3,Image 1,1,1400,
48.0024,,Surface,3,Image 1,1,1401,
127.631,,Surface,3,Image 1,1,1402,
330.644,,Surface,3,Image 1,1,1403,
64.5013,,Surface,3,Image 1,1,1405,
98.0679,,Surface,3,Image 1,1,1406,
69.3135,,Surface,3,Image 1,1,1407,
106.094,,Surface,3,Image 1,1,1409,
251.199,,Surface,3,Image 1,1,1410,
345.014,,Surface,3,Image 1,1,1411,
96.517,,Surface,3,Image 1,1,1412,
43.8474,,Surface,3,Image 1,1,1413,
165.356,,Surface,3,Image 1,1,1414,
37.3873,,Surface,3,Image 1,1,1415,
150.145,,Surface,3,Image 1,1,1416,
45.2523,,Surface,3,Image 1,1,1417,
51.2259,,Surface,3,Image 1,1,1418,
157.058,,Surface,3,Image 1,1,1419,
93.0915,,Surface,3,Image 1,1,1420,
226.38,,Surface,3,Image 1,1,1421,
234.23,,Surface,3,Image 1,1,1422,
77.0537,,Surface,3,Image 1,1,1423,
285.916,,Surface,3,Image 1,1,1424,
267.21,,Surface,3,Image 1,1,1425,
310.868,,Surface,3,Image 1,1,1426,
46.7066,,Surface,3,Image 1,1,1427,
169.102,,Surface,3,Image 1,1,1428,
38.1795,,Surface,3,Image 1,1,1429,
63.2173,,Surface,3,Image 1,1,1430,
104.638,,Surface,3,Image 1,1,1431,
111.981,,Surface,3,Image 1,1,1432,
42.7695,,Surface,3,Image 1,1,1433,
80.6804,,Surface,3,Image 1,1,1434,
379.259,,Surface,3,Image 1,1,1435,
278.586,,Surface,3,Image 1,1,1436,
88.6956,,Surface,3,Image 1,1,1437,
40.4349,,Surface,3,Image 1,1,1438,
165.928,,Surface,3,Image 1,1,1439,
79.9453,,Surface,3,Image 1,1,1440,
196.93,,Surface,3,Image 1,1,1441,
117.092,,Surface,3,Image 1,1,1442,
120.15,,Surface,3,Image 1,1,1443,
124.331,,Surface,3,Image 1,1,1444,
222.564,,Surface,3,Image 1,1,1445,
164.382,,Surface,3,Image 1,1,1446,
108.732,,Surface,3,Image 1,1,1447,
48.049,,Surface,3,Image 1,1,1448,
163.977,,Surface,3,Image 1,1,1449,
44.9197,,Surface,3,Image 1,1,1450,
62.0586,,Surface,3,Image 1,1,1451,
131.09,,Surface,3,Image 1,1,1452,
206.397,,Surface,3,Image 1,1,1453,
79.3726,,Surface,3,Image 1,1,1454,
252.274,,Surface,3,Image 1,1,1455,
62.9218,,Surface,3,Image 1,1,1456,
72.8299,,Surface,3,Image 1,1,1457,
58.2327,,Surface,3,Image 1,1,1458,
81.9773,,Surface,3,Image 1,1,1459,
390.606,,Surface,3,Image 1,1,1460,
136.685,,Surface,3,Image 1,1,1461,
78.3911,,Surface,3,Image 1,1,1462,
224.563,,Surface,3,Image 1,1,1463,
66.0937,,Surface,3,Image 1,1,1464,
155.672,,Surface,3,Image 1,1,1465,
217.097,,Surface,3,Image 1,1,1467,
118.467,,Surface,3,Image 1,1,1468,
86.0604,,Surface,3,Image 1,1,1469,
262.706,,Surface,3,Image 1,1,1470,
64.244,,Surface,3,Image 1,1,1471,
149.91,,Surface,3,Image 1,1,1472,
43.5397,,Surface,3,Image 1,1,1473,
60.4238,,Surface,3,Image 1,1,1474,
184.143,,Surface,3,Image 1,1,1475,
32.5607,,Surface,3,Image 1,1,1476,
55.4097,,Surface,3,Image 1,1,1477,
120.468,,Surface,3,Image 1,1,1478,
130.89,,Surface,3,Image 1,1,1479,
134.927,,Surface,3,Image 1,1,1480,
55.2817,,Surface,3,Image 1,1,1481,
68.7026,,Surface,3,Image 1,1,1482,
62.7231,,Surface,3,Image 1,1,1483,
53.2223,,Surface,3,Image 1,1,1484,
67.432,,Surface,3,Image 1,1,1485,
50.6695,,Surface,3,Image 1,1,1486,
153.574,,Surface,3,Image 1,1,1488,
188.263,,Surface,3,Image 1,1,1489,
215.796,,Surface,3,Image 1,1,1490,
89.3903,,Surface,3,Image 1,1,1491,
66.283,,Surface,3,Image 1,1,1492,
291.97,,Surface,3,Image 1,1,1493,
75.6241,,Surface,3,Image 1,1,1494,
65.2708,,Surface,3,Image 1,1,1495,
149.927,,Surface,3,Image 1,1,1496,
290.373,,Surface,3,Image 1,1,1497,
207.744,,Surface,3,Image 1,1,1498,
39.7292,,Surface,3,Image 1,1,1499,
352.795,,Surface,3,Image 1,1,1501,
39.1671,,Surface,3,Image 1,1,1502,
96.7148,,Surface,3,Image 1,1,1503,
98.6905,,Surface,3,Image 1,1,1504,
123.972,,Surface,3,Image 1,1,1505,
165.382,,Surface,3,Image 1,1,1506,
190.187,,Surface,3,Image 1,1,1507,
89.7608,,Surface,3,Image 1,1,1508,
202.502,,Surface,3,Image 1,1,1509,
41.3053,,Surface,3,Image 1,1,1510,
84.9795,,Surface,3,Image 1,1,1511,
106.997,,Surface,3,Image 1,1,1512,
55.2639,,Surface,3,Image 1,1,1513,
195.308,,Surface,3,Image 1,1,1514,
114.278,,Surface,3,Image 1,1,1516,
109.921,,Surface,3,Image 1,1,1517,
195.827,,Surface,3,Image 1,1,1518,
122.175,,Surface,3,Image 1,1,1520,
211.54,,Surface,3,Image 1,1,1521,
57.3639,,Surface,3,Image 1,1,1522,
143.082,,Surface,3,Image 1,1,1523,
284.656,,Surface,3,Image 1,1,1524,
291.824,,Surface,3,Image 1,1,1525,
47.6083,,Surface,3,Image 1,1,1526,
64.9495,,Surface,3,Image 1,1,1527,
123.845,,Surface,3,Image 1,1,1528,
131.621,,Surface,3,Image 1,1,1529,
46.4869,,Surface,3,Image 1,1,1530,
101.546,,Surface,3,Image 1,1,1531,
112.308,,Surface,3,Image 1,1,1532,
175.971,,Surface,3,Image 1,1,1533,
43.0671,,Surface,3,Image 1,1,1534,
73.2422,,Surface,3,Image 1,1,1535,
69.0407,,Surface,3,Image 1,1,1536,
170.917,,Surface,3,Image 1,1,1537,
279.376,,Surface,3,Image 1,1,1538,
78.1593,,Surface,3,Image 1,1,1539,
65.3262,,Surface,3,Image 1,1,1540,
60.4422,,Surface,3,Image 1,1,1541,
250.123,,Surface,3,Image 1,1,1542,
76.3732,,Surface,3,Image 1,1,1543,
56.9594,,Surface,3,Image 1,1,1544,
71.9389,,Surface,3,Image 1,1,1545,
238.011,,Surface,3,Image 1,1,1546,
86.9574,,Surface,3,Image 1,1,1547,
365.54,,Surface,3,Image 1,1,1548,
126.406,,Surface,3,Image 1,1,1549,
93.5379,,Surface,3,Image 1,1,1550,
36.3429,,Surface,3,Image 1,1,1551,
89.0461,,Surface,3,Image 1,1,1552,
144.173,,Surface,3,Image 1,1,1553,
39.1977,,Surface,3,Image 1,1,1554,
271.076,,Surface,3,Image 1,1,1555,
137.465,,Surface,3,Image 1,1,1557,
75.894,,Surface,3,Image 1,1,1558,
192.263,,Surface,3,Image 1,1,1559,
70.2283,,Surface,3,Image 1,1,1560,
144.099,,Surface,3,Image 1,1,1561,
135.557,,Surface,3,Image 1,1,1562,
125.06,,Surface,3,Image 1,1,1563,
52.9006,,Surface,3,Image 1,1,1564,
228.123,,Surface,3,Image 1,1,1567,
103.665,,Surface,3,Image 1,1,1568,
38.1912,,Surface,3,Image 1,1,1569,
101.595,,Surface,3,Image 1,1,1570,
45.2377,,Surface,3,Image 1,1,1571,
92.4205,,Surface,3,Image 1,1,1572,
124.55,,Surface,3,Image 1,1,1573,
104.175,,Surface,3,Image 1,1,1574,
103.457,,Surface,3,Image 1,1,1575,
158.13,,Surface,3,Image 1,1,1576,
265.095,,Surface,3,Image 1,1,1577,
78.516,,Surface,3,Image 1,1,1578,
86.2487,,Surface,3,Image 1,1,1579,
211.398,,Surface,3,Image 1,1,1580,
67.9936,,Surface,3,Image 1,1,1581,
203.203,,Surface,3,Image 1,1,1582,
36.795,,Surface,3,Image 1,1,1583,
211.745,,Surface,3,Image 1,1,1584,
249.208,,Surface,3,Image 1,1,1585,
80.4189,,Surface,3,Image 1,1,1586,
207.432,,Surface,3,Image 1,1,1587,
191.35,,Surface,3,Image 1,1,1588,
67.8665,,Surface,3,Image 1,1,1589,
173.985,,Surface,3,Image 1,1,1590,
166.941,,Surface,3,Image 1,1,1591,
52.2985,,Surface,3,Image 1,1,1592,
324.766,,Surface,3,Image 1,1,1594,
221.036,,Surface,3,Image 1,1,1595,
128.288,,Surface,3,Image 1,1,1596,
102.036,,Surface,3,Image 1,1,1597,
115.925,,Surface,3,Image 1,1,1598,
96.7469,,Surface,3,Image 1,1,1599,
69.1988,,Surface,3,Image 1,1,1600,
79.9986,,Surface,3,Image 1,1,1601,
71.7998,,Surface,3,Image 1,1,1602,
92.2606,,Surface,3,Image 1,1,1603,
42.8479,,Surface,3,Image 1,1,1605,
171.274,,Surface,3,Image 1,1,1606,
262.627,,Surface,3,Image 1,1,1607,
55.577,,Surface,3,Image 1,1,1609,
172.06,,Surface,3,Image 1,1,1610,
37.022,,Surface,3,Image 1,1,1611,
359.067,,Surface,3,Image 1,1,1612,
188.063,,Surface,3,Image 1,1,1613,
125.597,,Surface,3,Image 1,1,1614,
116.619,,Surface,3,Image 1,1,1615,
78.5562,,Surface,3,Image 1,1,1616,
139.886,,Surface,3,Image 1,1,1617,
191.852,,Surface,3,Image 1,1,1619,
36.7916,,Surface,3,Image 1,1,1620,
126.791,,Surface,3,Image 1,1,1621,
197.949,,Surface,3,Image 1,1,1622,
181.802,,Surface,3,Image 1,1,1624,
52.461,,Surface,3,Image 1,1,1625,
64.4243,,Surface,3,Image 1,1,1626,
43.4649,,Surface,3,Image 1,1,1627,
121.462,,Surface,3,Image 1,1,1628,
60.9738,,Surface,3,Image 1,1,1629,
187.264,,Surface,3,Image 1,1,1630,
119.904,,Surface,3,Image 1,1,1631,
72.4375,,Surface,3,Image 1,1,1632,
145.63,,Surface,3,Image 1,1,1633,
37.9316,,Surface,3,Image 1,1,1634,
129.685,,Surface,3,Image 1,1,1635,
241.618,,Surface,3,Image 1,1,1636,
59.8801,,Surface,3,Image 1,1,1637,
58.217,,Surface,3,Image 1,1,1638,
104.751,,Surface,3,Image 1,1,1639,
139.759,,Surface,3,Image 1,1,1640,
111.447,,Surface,3,Image 1,1,1641,
164.579,,Surface,3,Image 1,1,1642,
49.7219,,Surface,3,Image 1,1,1644,
256.72,,Surface,3,Image 1,1,1645,
159.463,,Surface,3,Image 1,1,1646,
311.649,,Surface,3,Image 1,1,1647,
82.4177,,Surface,3,Image 1,1,1648,
72.9492,,Surface,3,Image 1,1,1649,
135.622,,Surface,3,Image 1,1,1650,
161.283,,Surface,3,Image 1,1,1651,
96.3367,,Surface,3,Image 1,1,1652,
136.198,,Surface,3,Image 1,1,1653,
134.947,,Surface,3,Image 1,1,1654,
212.389,,Surface,3,Image 1,1,1655,
101.558,,Surface,3,Image 1,1,1656,
56.7979,,Surface,3,Image 1,1,1657,
91.5823,,Surface,3,Image 1,1,1658,
396.716,,Surface,3,Image 1,1,1659,
53.6657,,Surface,3,Image 1,1,1660,
55.0249,,Surface,3,Image 1,1,1661,
70.0704,,Surface,3,Image 1,1,1662,
92.9241,,Surface,3,Image 1,1,1663,
164.944,,Surface,3,Image 1,1,1664,
48.3584,,Surface,3,Image 1,1,1665,
53.3483,,Surface,3,Image 1,1,1666,
186.352,,Surface,3,Image 1,1,1667,
115.289,,Surface,3,Image 1,1,1668,
49.9199,,Surface,3,Image 1,1,1670,
82.3203,,Surface,3,Image 1,1,1672,
88.2488,,Surface,3,Image 1,1,1673,
59.8175,,Surface,3,Image 1,1,1674,
70.123,,Surface,3,Image 1,1,1675,
318.625,,Surface,3,Image 1,1,1676,
143.67,,Surface,3,Image 1,1,1678,
232.558,,Surface,3,Image 1,1,1679,
69.7715,,Surface,3,Image 1,1,1681,
74.4351,,Surface,3,Image 1,1,1682,
236.918,,Surface,3,Image 1,1,1683,
78.3758,,Surface,3,Image 1,1,1684,
65.731,,Surface,3,Image 1,1,1685,
204.644,,Surface,3,Image 1,1,1686,
221.723,,Surface,3,Image 1,1,1687,
105.859,,Surface,3,Image 1,1,1688,
78.2606,,Surface,3,Image 1,1,1689,
401.021,,Surface,3,Image 1,1,1690,
130.546,,Surface,3,Image 1,1,1691,
62.4899,,Surface,3,Image 1,1,1692,
111.303,,Surface,3,Image 1,1,1693,
253.597,,Surface,3,Image 1,1,1694,
73.4498,,Surface,3,Image 1,1,1695,
33.209,,Surface,3,Image 1,1,1696,
152.92,,Surface,3,Image 1,1,1697,
44.0152,,Surface,3,Image 1,1,1698,
41.3555,,Surface,3,Image 1,1,1699,
155.094,,Surface,3,Image 1,1,1701,
125.386,,Surface,3,Image 1,1,1702,
78.75,,Surface,3,Image 1,1,1703,
50.2684,,Surface,3,Image 1,1,1704,
61.9304,,Surface,3,Image 1,1,1705,
128.079,,Surface,3,Image 1,1,1706,
146.486,,Surface,3,Image 1,1,1707,
132.985,,Surface,3,Image 1,1,1708,
141.766,,Surface,3,Image 1,1,1709,
219.68,,Surface,3,Image 1,1,1710,
110.57,,Surface,3,Image 1,1,1711,
278.764,,Surface,3,Image 1,1,1712,
150.973,,Surface,3,Image 1,1,1713,
68.4234,,Surface,3,Image 1,1,1714,
78.3616,,Surface,3,Image 1,1,1715,
34.9756,,Surface,3,Image 1,1,1717,
168.647,,Surface,3,Image 1,1,1718,
56.6541,,Surface,3,Image 1,1,1719,
127.578,,Surface,3,Image 1,1,1720,
285.736,,Surface,3,Image 1,1,1721,
63.8756,,Surface,3,Image 1,1,1722,
60.5458,,Surface,3,Image 1,1,1723,
274.533,,Surface,3,Image 1,1,1724,
84.6406,,Surface,3,Image 1,1,1725,
134.417,,Surface,3,Image 1,1,1726,
85.8493,,Surface,3,Image 1,1,1728,
130.04,,Surface,3,Image 1,1,1729,
85.7661,,Surface,3,Image 1,1,1730,
79.287,,Surface,3,Image 1,1,1731,
47.3928,,Surface,3,Image 1,1,1732,
67.9521,,Surface,3,Image 1,1,1733,
65.4969,,Surface,3,Image 1,1,1734,
160.188,,Surface,3,Image 1,1,1735,
188.042,,Surface,3,Image 1,1,1736,
76.4191,,Surface,3,Image 1,1,1737,
184.334,,Surface,3,Image 1,1,1738,
338.339,,Surface,3,Image 1,1,1739,
52.1328,,Surface,3,Image 1,1,1740,
199.283,,Surface,3,Image 1,1,1741,
137.343,,Surface,3,Image 1,1,1742,
199.952,,Surface,3,Image 1,1,1744,
44.9454,,Surface,3,Image 1,1,1746,
171.745,,Surface,3,Image 1,1,1747,
68.093,,Surface,3,Image 1,1,1748,
64.2441,,Surface,3,Image 1,1,1749,
128.96,,Surface,3,Image 1,1,1750,
46.2603,,Surface,3,Image 1,1,1752,
119.529,,Surface,3,Image 1,1,1753,
306.572,,Surface,3,Image 1,1,1754,
243.537,,Surface,3,Image 1,1,1755,
76.5938,,Surface,3,Image 1,1,1756,
142.478,,Surface,3,Image 1,1,1757,
152.877,,Surface,3,Image 1,1,1758,
99.2688,,Surface,3,Image 1,1,1759,
101.528,,Surface,3,Image 1,1,1760,
68.4118,,Surface,3,Image 1,1,1761,
50.338,,Surface,3,Image 1,1,1762,
245.344,,Surface,3,Image 1,1,1763,
157.726,,Surface,3,Image 1,1,1764,
53.4755,,Surface,3,Image 1,1,1766,
52.1096,,Surface,3,Image 1,1,1767,
57.5693,,Surface,3,Image 1,1,1768,
213.093,,Surface,3,Image 1,1,1769,
67.0816,,Surface,3,Image 1,1,1770,
175.785,,Surface,3,Image 1,1,1771,
50.2874,,Surface,3,Image 1,1,1772,
95.8369,,Surface,3,Image 1,1,1773,
166.188,,Surface,3,Image 1,1,1774,
97.2518,,Surface,3,Image 1,1,1775,
318.311,,Surface,3,Image 1,1,1776,
82.941,,Surface,3,Image 1,1,1777,
83.7233,,Surface,3,Image 1,1,1778,
52.561,,Surface,3,Image 1,1,1780,
74.4973,,Surface,3,Image 1,1,1781,
295.047,,Surface,3,Image 1,1,1782,
298.401,,Surface,3,Image 1,1,1783,
122.303,,Surface,3,Image 1,1,1784,
405.066,,Surface,3,Image 1,1,1785,
67.0533,,Surface,3,Image 1,1,1786,
74.9912,,Surface,3,Image 1,1,1787,
198.752,,Surface,3,Image 1,1,1788,
155.757,,Surface,3,Image 1,1,1790,
67.7231,,Surface,3,Image 1,1,1791,
152.506,,Surface,3,Image 1,1,1792,
184.605,,Surface,3,Image 1,1,1793,
55.0563,,Surface,3,Image 1,1,1794,
55.2619,,Surface,3,Image 1,1,1795,
97.0255,,Surface,3,Image 1,1,1796,
143.441,,Surface,3,Image 1,1,1797,
102.247,,Surface,3,Image 1,1,1799,
62.3684,,Surface,3,Image 1,1,1800,
161.076,,Surface,3,Image 1,1,1801,
103.588,,Surface,3,Image 1,1,1802,
213.652,,Surface,3,Image 1,1,1803,
62.7794,,Surface,3,Image 1,1,1804,
66.7032,,Surface,3,Image 1,1,1805,
100.16,,Surface,3,Image 1,1,1806,
86.6859,,Surface,3,Image 1,1,1807,
61.7108,,Surface,3,Image 1,1,1808,
43.989,,Surface,3,Image 1,1,1809,
73.0334,,Surface,3,Image 1,1,1810,
219.859,,Surface,3,Image 1,1,1811,
68.7002,,Surface,3,Image 1,1,1812,
53.6324,,Surface,3,Image 1,1,1813,
48.5707,,Surface,3,Image 1,1,1814,
59.9565,,Surface,3,Image 1,1,1815,
119.229,,Surface,3,Image 1,1,1816,
105.537,,Surface,3,Image 1,1,1817,
106.033,,Surface,3,Image 1,1,1818,
182.468,,Surface,3,Image 1,1,1819,
64.1246,,Surface,3,Image 1,1,1820,
140.512,,Surface,3,Image 1,1,1821,
372.521,,Surface,3,Image 1,1,1822,
159.257,,Surface,3,Image 1,1,1823,
128.766,,Surface,3,Image 1,1,1824,
75.9577,,Surface,3,Image 1,1,1825,
64.3179,,Surface,3,Image 1,1,1826,
115.624,,Surface,3,Image 1,1,1827,
77.0097,,Surface,3,Image 1,1,1828,
94.4165,,Surface,3,Image 1,1,1829,
79.9271,,Surface,3,Image 1,1,1830,
215.199,,Surface,3,Image 1,1,1831,
317.171,,Surface,3,Image 1,1,1832,
97.2333,,Surface,3,Image 1,1,1833,
266.796,,Surface,3,Image 1,1,1834,
121.749,,Surface,3,Image 1,1,1835,
322.725,,Surface,3,Image 1,1,1836,
59.4279,,Surface,3,Image 1,1,1838,
159.498,,Surface,3,Image 1,1,1839,
327.728,,Surface,3,Image 1,1,1840,
258.503,,Surface,3,Image 1,1,1841,
88.5373,,Surface,3,Image 1,1,1842,
52.2086,,Surface,3,Image 1,1,1843,
87.2221,,Surface,3,Image 1,1,1844,
69.8655,,Surface,3,Image 1,1,1845,
40.9338,,Surface,3,Image 1,1,1846,
386.069,,Surface,3,Image 1,1,1847,
387.692,,Surface,3,Image 1,1,1848,
122.955,,Surface,3,Image 1,1,1849,
100.187,,Surface,3,Image 1,1,1850,
33.9028,,Surface,3,Image 1,1,1851,
75.0987,,Surface,3,Image 1,1,1852,
118.011,,Surface,3,Image 1,1,1853,
212.586,,Surface,3,Image 1,1,1854,
326.652,,Surface,3,Image 1,1,1855,
221.762,,Surface,3,Image 1,1,1857,
94.7272,,Surface,3,Image 1,1,1858,
84.143,,Surface,3,Image 1,1,1859,
101.861,,Surface,3,Image 1,1,1860,
92.7825,,Surface,3,Image 1,1,1861,
57.0457,,Surface,3,Image 1,1,1862,
184.696,,Surface,3,Image 1,1,1864,
86.4908,,Surface,3,Image 1,1,1865,
61.0573,,Surface,3,Image 1,1,1866,
94.0371,,Surface,3,Image 1,1,1867,
79.5919,,Surface,3,Image 1,1,1868,
173.31,,Surface,3,Image 1,1,1869,
50.7124,,Surface,3,Image 1,1,1870,
62.2197,,Surface,3,Image 1,1,1871,
141.705,,Surface,3,Image 1,1,1872,
41.2667,,Surface,3,Image 1,1,1873,
252.931,,Surface,3,Image 1,1,1874,
70.5657,,Surface,3,Image 1,1,1875,
140.533,,Surface,3,Image 1,1,1876,
145.726,,Surface,3,Image 1,1,1877,
69.3215,,Surface,3,Image 1,1,1878,
65.6774,,Surface,3,Image 1,1,1879,
48.1255,,Surface,3,Image 1,1,1880,
76.8309,,Surface,3,Image 1,1,1881,
47.5135,,Surface,3,Image 1,1,1882,
71.5302,,Surface,3,Image 1,1,1883,
193.947,,Surface,3,Image 1,1,1884,
206.829,,Surface,3,Image 1,1,1885,
368.29,,Surface,3,Image 1,1,1886,
141.011,,Surface,3,Image 1,1,1887,
159.739,,Surface,3,Image 1,1,1888,
103.344,,Surface,3,Image 1,1,1889,
58.5213,,Surface,3,Image 1,1,1890,
123.499,,Surface,3,Image 1,1,1891,
145.087,,Surface,3,Image 1,1,1892,
207.673,,Surface,3,Image 1,1,1893,
42.6377,,Surface,3,Image 1,1,1894,
75.0408,,Surface,3,Image 1,1,1895,
82.2113,,Surface,3,Image 1,1,1896,
321.834,,Surface,3,Image 1,1,1897,
93.4478,,Surface,3,Image 1,1,1898,
214.234,,Surface,3,Image 1,1,1899,
51.6423,,Surface,3,Image 1,1,1900,
152.002,,Surface,3,Image 1,1,1901,
105.536,,Surface,3,Image 1,1,1902,
46.5217,,Surface,3,Image 1,1,1903,
167.188,,Surface,3,Image 1,1,1904,
96.1781,,Surface,3,Image 1,1,1905,
152.382,,Surface,3,Image 1,1,1906,
119.017,,Surface,3,Image 1,1,1907,
290.063,,Surface,3,Image 1,1,1908,
146.247,,Surface,3,Image 1,1,1909,
73.5807,,Surface,3,Image 1,1,1910,
49.4455,,Surface,3,Image 1,1,1911,
114.582,,Surface,3,Image 1,1,1912,
104.734,,Surface,3,Image 1,1,1913,
263.658,,Surface,3,Image 1,1,1914,
268.965,,Surface,3,Image 1,1,1915,
57.2883,,Surface,3,Image 1,1,1916,
49.1326,,Surface,3,Image 1,1,1917,
141.066,,Surface,3,Image 1,1,1918,
86.0868,,Surface,3,Image 1,1,1919,
151.556,,Surface,3,Image 1,1,1920,
409.299,,Surface,3,Image 1,1,1921,
73.6157,,Surface,3,Image 1,1,1922,
94.877,,Surface,3,Image 1,1,1923,
192.704,,Surface,3,Image 1,1,1925,
183.162,,Surface,3,Image 1,1,1926,
124.301,,Surface,3,Image 1,1,1928,
312.596,,Surface,3,Image 1,1,1929,
162.847,,Surface,3,Image 1,1,1930,
76.7451,,Surface,3,Image 1,1,1931,
62.0492,,Surface,3,Image 1,1,1932,
118.585,,Surface,3,Image 1,1,1933,
141.449,,Surface,3,Image 1,1,1934,
302.317,,Surface,3,Image 1,1,1935,
128.12,,Surface,3,Image 1,1,1937,
117.808,,Surface,3,Image 1,1,1938,
100.417,,Surface,3,Image 1,1,1939,
104.521,,Surface,3,Image 1,1,1940,
201.041,,Surface,3,Image 1,1,1941,
53.2094,,Surface,3,Image 1,1,1942,
48.742,,Surface,3,Image 1,1,1943,
138.296,,Surface,3,Image 1,1,1944,
119.145,,Surface,3,Image 1,1,1945,
37.9848,,Surface,3,Image 1,1,1946,
109.013,,Surface,3,Image 1,1,1947,
38.1448,,Surface,3,Image 1,1,1948,
234.838,,Surface,3,Image 1,1,1949,
95.5783,,Surface,3,Image 1,1,1950,
179.057,,Surface,3,Image 1,1,1951,
89.2798,,Surface,3,Image 1,1,1952,
206.737,,Surface,3,Image 1,1,1953,
49.4522,,Surface,3,Image 1,1,1954,
237.257,,Surface,3,Image 1,1,1955,
134.272,,Surface,3,Image 1,1,1956,
136.064,,Surface,3,Image 1,1,1957,
63.9516,,Surface,3,Image 1,1,1958,
393.162,,Surface,3,Image 1,1,1959,
164.9,,Surface,3,Image 1,1,1960,
74.105,,Surface,3,Image 1,1,1961,
171.771,,Surface,3,Image 1,1,1962,
83.8375,,Surface,3,Image 1,1,1963,
60.6458,,Surface,3,Image 1,1,1964,
239.027,,Surface,3,Image 1,1,1965,
52.0511,,Surface,3,Image 1,1,1966,
110.002,,Surface,3,Image 1,1,1967,
132.821,,Surface,3,Image 1,1,1968,
253.589,,Surface,3,Image 1,1,1969,
47.4599,,Surface,3,Image 1,1,1970,
156.04,,Surface,3,Image 1,1,1971,
147.278,,Surface,3,Image 1,1,1972,
45.5301,,Surface,3,Image 1,1,1973,
63.2339,,Surface,3,Image 1,1,1974,
122.099,,Surface,3,Image 1,1,1975,
312.45,,Surface,3,Image 1,1,1976,
298.488,,Surface,3,Image 1,1,1977,
68.456,,Surface,3,Image 1,1,1979,
47.0219,,Surface,3,Image 1,1,1980,
53.1376,,Surface,3,Image 1,1,1981,
153.866,,Surface,3,Image 1,1,1982,
67.931,,Surface,3,Image 1,1,1983,
140.697,,Surface,3,Image 1,1,1984,
241.832,,Surface,3,Image 1,1,1985,
69.5492,,Surface,3,Image 1,1,1986,
41.1037,,Surface,3,Image 1,1,1988,
173.886,,Surface,3,Image 1,1,1990,
56.8683,,Surface,3,Image 1,1,1991,
78.8333,,Surface,3,Image 1,1,1992,
82.3529,,Surface,3,Image 1,1,1993,
47.7017,,Surface,3,Image 1,1,1994,
219.768,,Surface,3,Image 1,1,1995,
49.4668,,Surface,3,Image 1,1,1996,
322.446,,Surface,3,Image 1,1,1997,
83.9129,,Surface,3,Image 1,1,1998,
44.0055,,Surface,3,Image 1,1,1999,
47.1567,,Surface,3,Image 1,1,2000,
183.321,,Surface,3,Image 1,1,2001,
197.376,,Surface,3,Image 1,1,2002,
36.9896,,Surface,3,Image 1,1,2003,
66.0563,,Surface,3,Image 1,1,2004,
240.502,,Surface,3,Image 1,1,2005,
96.0414,,Surface,3,Image 1,1,2006,
137.733,,Surface,3,Image 1,1,2007,
76.4433,,Surface,3,Image 1,1,2008,
314.866,,Surface,3,Image 1,1,2009,
249.099,,Surface,3,Image 1,1,2010,
54.318,,Surface,3,Image 1,1,2011,
116.693,,Surface,3,Image 1,1,2012,
122.357,,Surface,3,Image 1,1,2013,
42.4732,,Surface,3,Image 1,1,2014,
267.524,,Surface,3,Image 1,1,2015,
96.1834,,Surface,3,Image 1,1,2017,
37.0071,,Surface,3,Image 1,1,2018,
56.6129,,Surface,3,Image 1,1,2019,
56.8538,,Surface,3,Image 1,1,2020,
73.7651,,Surface,3,Image 1,1,2021,
152.146,,Surface,3,Image 1,1,2022,
51.8324,,Surface,3,Image 1,1,2023,
72.2873,,Surface,3,Image 1,1,2024,
50.7424,,Surface,3,Image 1,1,2025,
109.778,,Surface,3,Image 1,1,2026,
154.324,,Surface,3,Image 1,1,2027,
69.2394,,Surface,3,Image 1,1,2029,
225.105,,Surface,3,Image 1,1,2030,
157.252,,Surface,3,Image 1,1,2031,
227.713,,Surface,3,Image 1,1,2032,
141.271,,Surface,3,Image 1,1,2033,
81.8566,,Surface,3,Image 1,1,2034,
117.241,,Surface,3,Image 1,1,2035,
62.0868,,Surface,3,Image 1,1,2036,
223.517,,Surface,3,Image 1,1,2037,
41.8377,,Surface,3,Image 1,1,2038,
70.291,,Surface,3,Image 1,1,2039,
88.2298,,Surface,3,Image 1,1,2040,
167.006,,Surface,3,Image 1,1,2041,
41.8208,,Surface,3,Image 1,1,2042,
91.1033,,Surface,3,Image 1,1,2043,
84.6283,,Surface,3,Image 1,1,2044,
210.45,,Surface,3,Image 1,1,2045,
129.682,,Surface,3,Image 1,1,2046,
384.576,,Surface,3,Image 1,1,2047,
172.447,,Surface,3,Image 1,1,2048,
89.4912,,Surface,3,Image 1,1,2049,
126.982,,Surface,3,Image 1,1,2050,
73.2477,,Surface,3,Image 1,1,2051,
67.6582,,Surface,3,Image 1,1,2052,
257.2,,Surface,3,Image 1,1,2054,
132.228,,Surface,3,Image 1,1,2055,
159.514,,Surface,3,Image 1,1,2057,
60.1115,,Surface,3,Image 1,1,2058,
181.164,,Surface,3,Image 1,1,2060,
116.345,,Surface,3,Image 1,1,2061,
208.564,,Surface,3,Image 1,1,2062,
101.19,,Surface,3,Image 1,1,2063,
107.27,,Surface,3,Image 1,1,2064,
87.6526,,Surface,3,Image 1,1,2065,
217.059,,Surface,3,Image 1,1,2066,
74.5715,,Surface,3,Image 1,1,2067,
115.351,,Surface,3,Image 1,1,2068,
333.191,,Surface,3,Image 1,1,2069,
129.366,,Surface,3,Image 1,1,2070,
133.662,,Surface,3,Image 1,1,2071,
194.88,,Surface,3,Image 1,1,2072,
200.587,,Surface,3,Image 1,1,2073,
75.6436,,Surface,3,Image 1,1,2074,
38.4268,,Surface,3,Image 1,1,2075,
159.072,,Surface,3,Image 1,1,2076,
154.083,,Surface,3,Image 1,1,2077,
80.0554,,Surface,3,Image 1,1,2078,
40.7764,,Surface,3,Image 1,1,2079,
380.909,,Surface,3,Image 1,1,2080,
149.421,,Surface,3,Image 1,1,2081,
104.536,,Surface,3,Image 1,1,2082,
173.798,,Surface,3,Image 1,1,2083,
46.1912,,Surface,3,Image 1,1,2084,
134.698,,Surface,3,Image 1,1,2085,
52.2956,,Surface,3,Image 1,1,2086,
169.227,,Surface,3,Image 1,1,2088,
116.088,,Surface,3,Image 1,1,2089,
101.012,,Surface,3,Image 1,1,2090,
278.516,,Surface,3,Image 1,1,2091,
40.2813,,Surface,3,Image 1,1,2092,
126.529,,Surface,3,Image 1,1,2093,
327.058,,Surface,3,Image 1,1,2094,
128.014,,Surface,3,Image 1,1,2095,
311.229,,Surface,3,Image 1,1,2096,
86.4967,,Surface,3,Image 1,1,2097,
44.5473,,Surface,3,Image 1,1,2098,
95.652,,Surface,3,Image 1,1,2099,
40.2303,,Surface,3,Image 1,1,2100,
65.1801,,Surface,3,Image 1,1,2101,
152.922,,Surface,3,Image 1,1,2102,
249.685,,Surface,3,Image 1,1,2103,
169.235,,Surface,3,Image 1,1,2104,
119.695,,Surface,3,Image 1,1,2105,
240.902,,Surface,3,Image 1,1,2106,
280.137,,Surface,3,Image 1,1,2107,
48.0947,,Surface,3,Image 1,1,2108,
37.7802,,Surface,3,Image 1,1,2109,
94.5387,,Surface,3,Image 1,1,2110,
247.899,,Surface,3,Image 1,1,2111,
141.575,,Surface,3,Image 1,1,2112,
119.955,,Surface,3,Image 1,1,2113,
52.8477,,Surface,3,Image 1,1,2114,
257.715,,Surface,3,Image 1,1,2115,
76.8283,,Surface,3,Image 1,1,2116,
55.911,,Surface,3,Image 1,1,2118,
169.487,,Surface,3,Image 1,1,2119,
226.68,,Surface,3,Image 1,1,2120,
256.744,,Surface,3,Image 1,1,2121,
56.4912,,Surface,3,Image 1,1,2122,
53.8988,,Surface,3,Image 1,1,2123,
90.0266,,Surface,3,Image 1,1,2124,
143.986,,Surface,3,Image 1,1,2125,
189.596,,Surface,3,Image 1,1,2126,
74.4206,,Surface,3,Image 1,1,2127,
51.6708,,Surface,3,Image 1,1,2128,
358.323,,Surface,3,Image 1,1,2129,
63.2905,,Surface,3,Image 1,1,2130,
224.754,,Surface,3,Image 1,1,2131,
134.108,,Surface,3,Image 1,1,2132,
100.267,,Surface,3,Image 1,1,2133,
75.5471,,Surface,3,Image 1,1,2134,
357.599,,Surface,3,Image 1,1,2135,
69.844,,Surface,3,Image 1,1,2136,
113.329,,Surface,3,Image 1,1,2137,
148.266,,Surface,3,Image 1,1,2138,
155.81,,Surface,3,Image 1,1,2139,
282.289,,Surface,3,Image 1,1,2140,
250.85,,Surface,3,Image 1,1,2141,
253.912,,Surface,3,Image 1,1,2142,
97.086,,Surface,3,Image 1,1,2143,
65.3798,,Surface,3,Image 1,1,2144,
123.906,,Surface,3,Image 1,1,2145,
169.741,,Surface,3,Image 1,1,2146,
104.739,,Surface,3,Image 1,1,2147,
167.722,,Surface,3,Image 1,1,2149,
48.5532,,Surface,3,Image 1,1,2150,
114.849,,Surface,3,Image 1,1,2151,
137.203,,Surface,3,Image 1,1,2152,
114.404,,Surface,3,Image 1,1,2155,
126.002,,Surface,3,Image 1,1,2156,
346.119,,Surface,3,Image 1,1,2157,
77.8905,,Surface,3,Image 1,1,2158,
274.75,,Surface,3,Image 1,1,2159,
44.939,,Surface,3,Image 1,1,2160,
186.938,,Surface,3,Image 1,1,2161,
61.5265,,Surface,3,Image 1,1,2162,
333.197,,Surface,3,Image 1,1,2163,
72.9691,,Surface,3,Image 1,1,2164,
56.2295,,Surface,3,Image 1,1,2166,
53.6067,,Surface,3,Image 1,1,2167,
72.9313,,Surface,3,Image 1,1,2168,
117.043,,Surface,3,Image 1,1,2170,
99.9494,,Surface,3,Image 1,1,2171,
249.367,,Surface,3,Image 1,1,2172,
305,,Surface,3,Image 1,1,2174,
134.565,,Surface,3,Image 1,1,2175,
132.125,,Surface,3,Image 1,1,2176,
243.473,,Surface,3,Image 1,1,2177,
150.472,,Surface,3,Image 1,1,2179,
58.7313,,Surface,3,Image 1,1,2180,
56.2788,,Surface,3,Image 1,1,2181,
137.2,,Surface,3,Image 1,1,2182,
79.6966,,Surface,3,Image 1,1,2183,
53.4561,,Surface,3,Image 1,1,2184,
180.204,,Surface,3,Image 1,1,2185,
268.654,,Surface,3,Image 1,1,2186,
119.021,,Surface,3,Image 1,1,2187,
96.6979,,Surface,3,Image 1,1,2188,
248.162,,Surface,3,Image 1,1,2189,
95.3445,,Surface,3,Image 1,1,2190,
52.3201,,Surface,3,Image 1,1,2191,
272.994,,Surface,3,Image 1,1,2192,
123.624,,Surface,3,Image 1,1,2193,
55.315,,Surface,3,Image 1,1,2194,
261.284,,Surface,3,Image 1,1,2195,
213.42,,Surface,3,Image 1,1,2196,
52.3245,,Surface,3,Image 1,1,2197,
80.8922,,Surface,3,Image 1,1,2198,
280.009,,Surface,3,Image 1,1,2199,
58.1956,,Surface,3,Image 1,1,2200,
36.8428,,Surface,3,Image 1,1,2204,
94.2728,,Surface,3,Image 1,1,2205,
279.331,,Surface,3,Image 1,1,2206,
86.2107,,Surface,3,Image 1,1,2207,
162.143,,Surface,3,Image 1,1,2208,
135.565,,Surface,3,Image 1,1,2209,
69.8426,,Surface,3,Image 1,1,2210,
151.177,,Surface,3,Image 1,1,2211,
72.4205,,Surface,3,Image 1,1,2212,
87.678,,Surface,3,Image 1,1,2214,
61.5149,,Surface,3,Image 1,1,2215,
99.5068,,Surface,3,Image 1,1,2216,
136.552,,Surface,3,Image 1,1,2217,
123.314,,Surface,3,Image 1,1,2218,
276.986,,Surface,3,Image 1,1,2219,
73.6886,,Surface,3,Image 1,1,2220,
358.315,,Surface,3,Image 1,1,2221,
204.345,,Surface,3,Image 1,1,2222,
286.168,,Surface,3,Image 1,1,2223,
191.857,,Surface,3,Image 1,1,2224,
279.81,,Surface,3,Image 1,1,2225,
124.405,,Surface,3,Image 1,1,2226,
60.4967,,Surface,3,Image 1,1,2227,
82.0545,,Surface,3,Image 1,1,2228,
174.628,,Surface,3,Image 1,1,2229,
106.602,,Surface,3,Image 1,1,2230,
121.934,,Surface,3,Image 1,1,2231,
100.917,,Surface,3,Image 1,1,2232,
65.2996,,Surface,3,Image 1,1,2233,
78.9012,,Surface,3,Image 1,1,2234,
326.502,,Surface,3,Image 1,1,2235,
138.237,,Surface,3,Image 1,1,2236,
136.758,,Surface,3,Image 1,1,2237,
87.8245,,Surface,3,Image 1,1,2239,
41.81,,Surface,3,Image 1,1,2240,
42.2858,,Surface,3,Image 1,1,2241,
49.8987,,Surface,3,Image 1,1,2242,
364.627,,Surface,3,Image 1,1,2243,
56.4457,,Surface,3,Image 1,1,2245,
117.19,,Surface,3,Image 1,1,2246,
95.6697,,Surface,3,Image 1,1,2247,
77.1164,,Surface,3,Image 1,1,2248,
333.678,,Surface,3,Image 1,1,2249,
87.4497,,Surface,3,Image 1,1,2250,
45.1887,,Surface,3,Image 1,1,2251,
114.452,,Surface,3,Image 1,1,2252,
39.091,,Surface,3,Image 1,1,2253,
233.83,,Surface,3,Image 1,1,2254,
88.6356,,Surface,3,Image 1,1,2255,
105.889,,Surface,3,Image 1,1,2256,
88.8077,,Surface,3,Image 1,1,2257,
271.284,,Surface,3,Image 1,1,2258,
33.3035,,Surface,3,Image 1,1,2259,
57.4748,,Surface,3,Image 1,1,2260,
80.642,,Surface,3,Image 1,1,2261,
204.53,,Surface,3,Image 1,1,2262,
111.22,,Surface,3,Image 1,1,2263,
52.4283,,Surface,3,Image 1,1,2264,
71.2807,,Surface,3,Image 1,1,2266,
92.474,,Surface,3,Image 1,1,2267,
131.247,,Surface,3,Image 1,1,2268,
53.8941,,Surface,3,Image 1,1,2269,
97.9903,,Surface,3,Image 1,1,2270,
126.417,,Surface,3,Image 1,1,2271,
69.9455,,Surface,3,Image 1,1,2272,
79.3031,,Surface,3,Image 1,1,2273,
224.966,,Surface,3,Image 1,1,2274,
120.044,,Surface,3,Image 1,1,2275,
71.2008,,Surface,3,Image 1,1,2276,
142.341,,Surface,3,Image 1,1,2277,
132.218,,Surface,3,Image 1,1,2278,
289.64,,Surface,3,Image 1,1,2279,
85.363,,Surface,3,Image 1,1,2280,
313.59,,Surface,3,Image 1,1,2281,
232.886,,Surface,3,Image 1,1,2282,
248.556,,Surface,3,Image 1,1,2283,
127.583,,Surface,3,Image 1,1,2284,
210.949,,Surface,3,Image 1,1,2285,
77.8168,,Surface,3,Image 1,1,2286,
254.641,,Surface,3,Image 1,1,2287,
137.33,,Surface,3,Image 1,1,2288,
217.542,,Surface,3,Image 1,1,2289,
43.9453,,Surface,3,Image 1,1,2290,
270.101,,Surface,3,Image 1,1,2291,
68.2579,,Surface,3,Image 1,1,2292,
207.88,,Surface,3,Image 1,1,2293,
99.3133,,Surface,3,Image 1,1,2294,
72.2829,,Surface,3,Image 1,1,2295,
56.5331,,Surface,3,Image 1,1,2296,
192.726,,Surface,3,Image 1,1,2297,
161.467,,Surface,3,Image 1,1,2298,
44.7072,,Surface,3,Image 1,1,2299,
47.0823,,Surface,3,Image 1,1,2300,
202.284,,Surface,3,Image 1,1,2301,
79.7155,,Surface,3,Image 1,1,2302,
134.5,,Surface,3,Image 1,1,2303,
76.0866,,Surface,3,Image 1,1,2305,
132.65,,Surface,3,Image 1,1,2306,
175.151,,Surface,3,Image 1,1,2307,
72.0361,,Surface,3,Image 1,1,2308,
243.343,,Surface,3,Image 1,1,2309,
45.1739,,Surface,3,Image 1,1,2310,
41.1593,,Surface,3,Image 1,1,2311,
65.3753,,Surface,3,Image 1,1,2312,
75.0604,,Surface,3,Image 1,1,2313,
218.172,,Surface,3,Image 1,1,2314,
265.466,,Surface,3,Image 1,1,2315,
68.5682,,Surface,3,Image 1,1,2316,
85.9312,,Surface,3,Image 1,1,2317,
305.4,,Surface,3,Image 1,1,2318,
158.058,,Surface,3,Image 1,1,2319,
239.089,,Surface,3,Image 1,1,2320,
149.989,,Surface,3,Image 1,1,2321,
118.21,,Surface,3,Image 1,1,2322,
92.614,,Surface,3,Image 1,1,2323,
211.592,,Surface,3,Image 1,1,2324,
70.2574,,Surface,3,Image 1,1,2325,
95.3991,,Surface,3,Image 1,1,2328,
225.659,,Surface,3,Image 1,1,2329,
78.446,,Surface,3,Image 1,1,2330,
73.9534,,Surface,3,Image 1,1,2331,
180.753,,Surface,3,Image 1,1,2332,
36.1143,,Surface,3,Image 1,1,2333,
157.711,,Surface,3,Image 1,1,2334,
39.848,,Surface,3,Image 1,1,2335,
258.303,,Surface,3,Image 1,1,2336,
69.0652,,Surface,3,Image 1,1,2337,
176.358,,Surface,3,Image 1,1,2339,
276.703,,Surface,3,Image 1,1,2340,
95.9591,,Surface,3,Image 1,1,2341,
156.385,,Surface,3,Image 1,1,2342,
54.3231,,Surface,3,Image 1,1,2343,
48.1815,,Surface,3,Image 1,1,2344,
89.9011,,Surface,3,Image 1,1,2345,
39.9279,,Surface,3,Image 1,1,2346,
166.359,,Surface,3,Image 1,1,2347,
329.948,,Surface,3,Image 1,1,2348,
167.669,,Surface,3,Image 1,1,2349,
91.6688,,Surface,3,Image 1,1,2350,
97.3714,,Surface,3,Image 1,1,2351,
90.5183,,Surface,3,Image 1,1,2352,
114.045,,Surface,3,Image 1,1,2356,
66.8539,,Surface,3,Image 1,1,2357,
95.8718,,Surface,3,Image 1,1,2358,
149.384,,Surface,3,Image 1,1,2359,
149.957,,Surface,3,Image 1,1,2361,
85.5812,,Surface,3,Image 1,1,2362,
128.272,,Surface,3,Image 1,1,2363,
232.24,,Surface,3,Image 1,1,2364,
273.039,,Surface,3,Image 1,1,2365,
66.4609,,Surface,3,Image 1,1,2367,
288.348,,Surface,3,Image 1,1,2368,
118.734,,Surface,3,Image 1,1,2369,
147.408,,Surface,3,Image 1,1,2370,
156.315,,Surface,3,Image 1,1,2372,
254.867,,Surface,3,Image 1,1,2373,
83.8095,,Surface,3,Image 1,1,2375,
246.937,,Surface,3,Image 1,1,2376,
105.604,,Surface,3,Image 1,1,2377,
65.9022,,Surface,3,Image 1,1,2378,
108.981,,Surface,3,Image 1,1,2379,
55.4319,,Surface,3,Image 1,1,2380,
93.212,,Surface,3,Image 1,1,2381,
163.739,,Surface,3,Image 1,1,2382,
195.74,,Surface,3,Image 1,1,2383,
51.2539,,Surface,3,Image 1,1,2384,
64.5101,,Surface,3,Image 1,1,2385,
184.482,,Surface,3,Image 1,1,2386,
68.7891,,Surface,3,Image 1,1,2387,
109.482,,Surface,3,Image 1,1,2388,
275.449,,Surface,3,Image 1,1,2389,
151.443,,Surface,3,Image 1,1,2390,
120.777,,Surface,3,Image 1,1,2391,
198.193,,Surface,3,Image 1,1,2392,
86.1856,,Surface,3,Image 1,1,2393,
51.9149,,Surface,3,Image 1,1,2394,
63.5486,,Surface,3,Image 1,1,2395,
272.961,,Surface,3,Image 1,1,2396,
249.436,,Surface,3,Image 1,1,2397,
168.791,,Surface,3,Image 1,1,2398,
81.7426,,Surface,3,Image 1,1,2399,
101.994,,Surface,3,Image 1,1,2400,
126.832,,Surface,3,Image 1,1,2401,
87.704,,Surface,3,Image 1,1,2402,
274.503,,Surface,3,Image 1,1,2403,
290.482,,Surface,3,Image 1,1,2404,
100.178,,Surface,3,Image 1,1,2405,
375.196,,Surface,3,Image 1,1,2406,
119.101,,Surface,3,Image 1,1,2407,
184.513,,Surface,3,Image 1,1,2408,
41.5948,,Surface,3,Image 1,1,2409,
117.409,,Surface,3,Image 1,1,2410,
79.7941,,Surface,3,Image 1,1,2411,
80.1425,,Surface,3,Image 1,1,2412,
44.5351,,Surface,3,Image 1,1,2413,
77.3323,,Surface,3,Image 1,1,2415,
51.7478,,Surface,3,Image 1,1,2416,
248.431,,Surface,3,Image 1,1,2417,
138.512,,Surface,3,Image 1,1,2418,
37.8563,,Surface,3,Image 1,1,2419,
121.832,,Surface,3,Image 1,1,2420,
36.762,,Surface,3,Image 1,1,2422,
150.008,,Surface,3,Image 1,1,2423,
66.8791,,Surface,3,Image 1,1,2424,
75.3968,,Surface,3,Image 1,1,2425,
146.345,,Surface,3,Image 1,1,2426,
200.184,,Surface,3,Image 1,1,2427,
132.763,,Surface,3,Image 1,1,2428,
34.4894,,Surface,3,Image 1,1,2429,
178.653,,Surface,3,Image 1,1,2430,
283.01,,Surface,3,Image 1,1,2431,
56.3554,,Surface,3,Image 1,1,2432,
63.88,,Surface,3,Image 1,1,2433,
189.52,,Surface,3,Image 1,1,2434,
222.041,,Surface,3,Image 1,1,2435,
99.1621,,Surface,3,Image 1,1,2436,
94.1525,,Surface,3,Image 1,1,2438,
218.033,,Surface,3,Image 1,1,2439,
120.684,,Surface,3,Image 1,1,2440,
83.431,,Surface,3,Image 1,1,2442,
77.1929,,Surface,3,Image 1,1,2443,
249.192,,Surface,3,Image 1,1,2444,
168.11,,Surface,3,Image 1,1,2446,
223.825,,Surface,3,Image 1,1,2447,
50.9549,,Surface,3,Image 1,1,2448,
47.923,,Surface,3,Image 1,1,2449,
190.853,,Surface,3,Image 1,1,2450,
86.9825,,Surface,3,Image 1,1,2451,
145.486,,Surface,3,Image 1,1,2452,
193.561,,Surface,3,Image 1,1,2453,
51.5951,,Surface,3,Image 1,1,2454,
79.6991,,Surface,3,Image 1,1,2455,
211.445,,Surface,3,Image 1,1,2456,
74.3003,,Surface,3,Image 1,1,2457,
154.899,,Surface,3,Image 1,1,2458,
161.671,,Surface,3,Image 1,1,2459,
83.3976,,Surface,3,Image 1,1,2460,
167.106,,Surface,3,Image 1,1,2461,
130.722,,Surface,3,Image 1,1,2462,
338.677,,Surface,3,Image 1,1,2463,
85.8424,,Surface,3,Image 1,1,2464,
102.148,,Surface,3,Image 1,1,2465,
71.0066,,Surface,3,Image 1,1,2466,
72.5433,,Surface,3,Image 1,1,2467,
129.196,,Surface,3,Image 1,1,2468,
90.4211,,Surface,3,Image 1,1,2469,
62.3107,,Surface,3,Image 1,1,2470,
134.047,,Surface,3,Image 1,1,2471,
79.4067,,Surface,3,Image 1,1,2472,
163.055,,Surface,3,Image 1,1,2473,
142.788,,Surface,3,Image 1,1,2474,
79.5348,,Surface,3,Image 1,1,2475,
110.744,,Surface,3,Image 1,1,2477,
70.5256,,Surface,3,Image 1,1,2478,
311.36,,Surface,3,Image 1,1,2479,
50.7723,,Surface,3,Image 1,1,2480,
323.625,,Surface,3,Image 1,1,2481,
216.99,,Surface,3,Image 1,1,2482,
184.025,,Surface,3,Image 1,1,2483,
52.8636,,Surface,3,Image 1,1,2484,
94.6459,,Surface,3,Image 1,1,2485,
191.903,,Surface,3,Image 1,1,2486,
97.9276,,Surface,3,Image 1,1,2487,
166.226,,Surface,3,Image 1,1,2488,
80.0441,,Surface,3,Image 1,1,2489,
55.9962,,Surface,3,Image 1,1,2490,
150.688,,Surface,3,Image 1,1,2491,
220.846,,Surface,3,Image 1,1,2492,
357.181,,Surface,3,Image 1,1,2493,
203.165,,Surface,3,Image 1,1,2495,
240.765,,Surface,3,Image 1,1,2496,
80.4194,,Surface,3,Image 1,1,2497,
55.0955,,Surface,3,Image 1,1,2498,
164.009,,Surface,3,Image 1,1,2499,
207.749,,Surface,3,Image 1,1,2500,
94.0607,,Surface,3,Image 1,1,2501,
120.154,,Surface,3,Image 1,1,2502,
150.592,,Surface,3,Image 1,1,2503,
80.279,,Surface,3,Image 1,1,2504,
120.095,,Surface,3,Image 1,1,2505,
46.8427,,Surface,3,Image 1,1,2506,
43.7472,,Surface,3,Image 1,1,2507,
79.8799,,Surface,3,Image 1,1,2508,
30.9262,,Surface,3,Image 1,1,2509,
139.644,,Surface,3,Image 1,1,2510,
85.513,,Surface,3,Image 1,1,2511,
162.082,,Surface,3,Image 1,1,2512,
125.821,,Surface,3,Image 1,1,2513,
150.72,,Surface,3,Image 1,1,2514,
100.869,,Surface,3,Image 1,1,2515,
135.73,,Surface,3,Image 1,1,2516,
156.848,,Surface,3,Image 1,1,2517,
89.3245,,Surface,3,Image 1,1,2518,
63.6226,,Surface,3,Image 1,1,2519,
54.408,,Surface,3,Image 1,1,2520,
347.483,,Surface,3,Image 1,1,2522,
108.216,,Surface,3,Image 1,1,2523,
221.236,,Surface,3,Image 1,1,2524,
257.178,,Surface,3,Image 1,1,2525,
277.957,,Surface,3,Image 1,1,2526,
264.693,,Surface,3,Image 1,1,2527,
63.4908,,Surface,3,Image 1,1,2528,
79.8885,,Surface,3,Image 1,1,2529,
83.4035,,Surface,3,Image 1,1,2530,
61.5552,,Surface,3,Image 1,1,2531,
209.993,,Surface,3,Image 1,1,2532,
208.542,,Surface,3,Image 1,1,2533,
100.385,,Surface,3,Image 1,1,2534,
276.138,,Surface,3,Image 1,1,2535,
172.297,,Surface,3,Image 1,1,2536,
189.148,,Surface,3,Image 1,1,2537,
270.112,,Surface,3,Image 1,1,2538,
42.9138,,Surface,3,Image 1,1,2539,
86.2176,,Surface,3,Image 1,1,2540,
150.74,,Surface,3,Image 1,1,2541,
110.149,,Surface,3,Image 1,1,2542,
179.467,,Surface,3,Image 1,1,2543,
371.685,,Surface,3,Image 1,1,2544,
176.606,,Surface,3,Image 1,1,2545,
320.184,,Surface,3,Image 1,1,2546,
241.74,,Surface,3,Image 1,1,2547,
255.86,,Surface,3,Image 1,1,2548,
197.96,,Surface,3,Image 1,1,2549,
208.16,,Surface,3,Image 1,1,2550,
78.0648,,Surface,3,Image 1,1,2551,
333.818,,Surface,3,Image 1,1,2552,
115.927,,Surface,3,Image 1,1,2553,
85.5119,,Surface,3,Image 1,1,2555,
106.487,,Surface,3,Image 1,1,2556,
353.877,,Surface,3,Image 1,1,2557,
141.202,,Surface,3,Image 1,1,2558,
70.4296,,Surface,3,Image 1,1,2559,
164.506,,Surface,3,Image 1,1,2560,
209.989,,Surface,3,Image 1,1,2562,
301.214,,Surface,3,Image 1,1,2563,
63.6265,,Surface,3,Image 1,1,2564,
114.272,,Surface,3,Image 1,1,2565,
50.4439,,Surface,3,Image 1,1,2566,
112.3,,Surface,3,Image 1,1,2567,
260.801,,Surface,3,Image 1,1,2568,
278.56,,Surface,3,Image 1,1,2569,
132.7,,Surface,3,Image 1,1,2570,
144.647,,Surface,3,Image 1,1,2571,
104.218,,Surface,3,Image 1,1,2572,
47.0453,,Surface,3,Image 1,1,2573,
221.672,,Surface,3,Image 1,1,2574,
355.583,,Surface,3,Image 1,1,2575,
180.249,,Surface,3,Image 1,1,2576,
54.4035,,Surface,3,Image 1,1,2577,
356.96,,Surface,3,Image 1,1,2578,
196.178,,Surface,3,Image 1,1,2579,
142.598,,Surface,3,Image 1,1,2580,
86.3545,,Surface,3,Image 1,1,2581,
81.5676,,Surface,3,Image 1,1,2582,
241.95,,Surface,3,Image 1,1,2583,
124.712,,Surface,3,Image 1,1,2584,
62.0642,,Surface,3,Image 1,1,2585,
142.231,,Surface,3,Image 1,1,2586,
80.8817,,Surface,3,Image 1,1,2587,
172.265,,Surface,3,Image 1,1,2588,
359.231,,Surface,3,Image 1,1,2589,
134.311,,Surface,3,Image 1,1,2591,
108.222,,Surface,3,Image 1,1,2592,
84.7265,,Surface,3,Image 1,1,2593,
45.0084,,Surface,3,Image 1,1,2594,
268.798,,Surface,3,Image 1,1,2595,
321.451,,Surface,3,Image 1,1,2597,
70.8538,,Surface,3,Image 1,1,2598,
136.712,,Surface,3,Image 1,1,2599,
307.012,,Surface,3,Image 1,1,2600,
73.9839,,Surface,3,Image 1,1,2602,
49.4811,,Surface,3,Image 1,1,2603,
108.584,,Surface,3,Image 1,1,2604,
53.4321,,Surface,3,Image 1,1,2605,
121.163,,Surface,3,Image 1,1,2607,
87.64,,Surface,3,Image 1,1,2609,
65.0736,,Surface,3,Image 1,1,2610,
116.964,,Surface,3,Image 1,1,2611,
293.298,,Surface,3,Image 1,1,2612,
210.634,,Surface,3,Image 1,1,2613,
82.1399,,Surface,3,Image 1,1,2614,
203.208,,Surface,3,Image 1,1,2615,
154.585,,Surface,3,Image 1,1,2616,
413.439,,Surface,3,Image 1,1,2617,
125.854,,Surface,3,Image 1,1,2618,
189.352,,Surface,3,Image 1,1,2619,
127.349,,Surface,3,Image 1,1,2620,
84.3125,,Surface,3,Image 1,1,2621,
103.379,,Surface,3,Image 1,1,2622,
295.667,,Surface,3,Image 1,1,2623,
102.586,,Surface,3,Image 1,1,2624,
47.0126,,Surface,3,Image 1,1,2625,
163.531,,Surface,3,Image 1,1,2626,
59.6218,,Surface,3,Image 1,1,2627,
152.168,,Surface,3,Image 1,1,2628,
80.5601,,Surface,3,Image 1,1,2629,
310.226,,Surface,3,Image 1,1,2630,
66.6391,,Surface,3,Image 1,1,2631,
102.76,,Surface,3,Image 1,1,2632,
107.499,,Surface,3,Image 1,1,2633,
190.855,,Surface,3,Image 1,1,2634,
173.542,,Surface,3,Image 1,1,2635,
438.495,,Surface,3,Image 1,1,2636,
123.974,,Surface,3,Image 1,1,2637,
162.582,,Surface,3,Image 1,1,2638,
104.712,,Surface,3,Image 1,1,2639,
168.975,,Surface,3,Image 1,1,2640,
93.9249,,Surface,3,Image 1,1,2641,
71.8325,,Surface,3,Image 1,1,2642,
37.8468,,Surface,3,Image 1,1,2643,
141.278,,Surface,3,Image 1,1,2646,
47.3964,,Surface,3,Image 1,1,2647,
87.6859,,Surface,3,Image 1,1,2648,
58.6687,,Surface,3,Image 1,1,2649,
157.024,,Surface,3,Image 1,1,2650,
187.148,,Surface,3,Image 1,1,2651,
234.855,,Surface,3,Image 1,1,2652,
123.822,,Surface,3,Image 1,1,2653,
124.052,,Surface,3,Image 1,1,2654,
46.9392,,Surface,3,Image 1,1,2655,
283.613,,Surface,3,Image 1,1,2656,
329.955,,Surface,3,Image 1,1,2657,
77.1053,,Surface,3,Image 1,1,2659,
204.237,,Surface,3,Image 1,1,2660,
35.323,,Surface,3,Image 1,1,2661,
204.225,,Surface,3,Image 1,1,2662,
236.548,,Surface,3,Image 1,1,2663,
77.9031,,Surface,3,Image 1,1,2665,
277.311,,Surface,3,Image 1,1,2666,
64.5405,,Surface,3,Image 1,1,2667,
158.317,,Surface,3,Image 1,1,2668,
144.857,,Surface,3,Image 1,1,2669,
131.894,,Surface,3,Image 1,1,2670,
244.798,,Surface,3,Image 1,1,2671,
160.785,,Surface,3,Image 1,1,2672,
115.959,,Surface,3,Image 1,1,2673,
147.715,,Surface,3,Image 1,1,2674,
309.133,,Surface,3,Image 1,1,2676,
45.7692,,Surface,3,Image 1,1,2677,
415.796,,Surface,3,Image 1,1,2678,
85.9081,,Surface,3,Image 1,1,2679,
151.303,,Surface,3,Image 1,1,2681,
166.025,,Surface,3,Image 1,1,2682,
200.858,,Surface,3,Image 1,1,2683,
49.9933,,Surface,3,Image 1,1,2684,
191.331,,Surface,3,Image 1,1,2685,
37.6727,,Surface,3,Image 1,1,2686,
37.3019,,Surface,3,Image 1,1,2687,
365.406,,Surface,3,Image 1,1,2688,
72.2696,,Surface,3,Image 1,1,2689,
163.908,,Surface,3,Image 1,1,2690,
95.677,,Surface,3,Image 1,1,2691,
146.303,,Surface,3,Image 1,1,2692,
146.692,,Surface,3,Image 1,1,2693,
383.337,,Surface,3,Image 1,1,2694,
162.229,,Surface,3,Image 1,1,2695,
182.12,,Surface,3,Image 1,1,2696,
84.3286,,Surface,3,Image 1,1,2697,
88.3637,,Surface,3,Image 1,1,2698,
208.997,,Surface,3,Image 1,1,2699,
130.039,,Surface,3,Image 1,1,2700,
74.6454,,Surface,3,Image 1,1,2701,
53.5659,,Surface,3,Image 1,1,2702,
118.331,,Surface,3,Image 1,1,2703,
144.806,,Surface,3,Image 1,1,2704,
118.763,,Surface,3,Image 1,1,2705,
154.084,,Surface,3,Image 1,1,2706,
201.703,,Surface,3,Image 1,1,2707,
79.5758,,Surface,3,Image 1,1,2708,
72.4475,,Surface,3,Image 1,1,2710,
64.7567,,Surface,3,Image 1,1,2711,
61.1188,,Surface,3,Image 1,1,2713,
51.8572,,Surface,3,Image 1,1,2714,
162.37,,Surface,3,Image 1,1,2715,
335.973,,Surface,3,Image 1,1,2716,
295.619,,Surface,3,Image 1,1,2717,
42.3361,,Surface,3,Image 1,1,2718,
57.3668,,Surface,3,Image 1,1,2719,
67.6559,,Surface,3,Image 1,1,2720,
140.912,,Surface,3,Image 1,1,2721,
135.373,,Surface,3,Image 1,1,2723,
75.7694,,Surface,3,Image 1,1,2724,
96.9241,,Surface,3,Image 1,1,2725,
345.484,,Surface,3,Image 1,1,2726,
139.676,,Surface,3,Image 1,1,2727,
213.82,,Surface,3,Image 1,1,2728,
116.197,,Surface,3,Image 1,1,2729,
128.203,,Surface,3,Image 1,1,2730,
117.9,,Surface,3,Image 1,1,2733,
123.039,,Surface,3,Image 1,1,2735,
137.108,,Surface,3,Image 1,1,2736,
124.111,,Surface,3,Image 1,1,2737,
67.9795,,Surface,3,Image 1,1,2738,
140.837,,Surface,3,Image 1,1,2739,
62.2925,,Surface,3,Image 1,1,2740,
183.397,,Surface,3,Image 1,1,2741,
167.555,,Surface,3,Image 1,1,2742,
129.801,,Surface,3,Image 1,1,2743,
60.7454,,Surface,3,Image 1,1,2744,
100.762,,Surface,3,Image 1,1,2745,
230.976,,Surface,3,Image 1,1,2746,
147.023,,Surface,3,Image 1,1,2747,
129.117,,Surface,3,Image 1,1,2748,
110.949,,Surface,3,Image 1,1,2749,
72.7062,,Surface,3,Image 1,1,2750,
72.2238,,Surface,3,Image 1,1,2751,
48.9612,,Surface,3,Image 1,1,2752,
236.958,,Surface,3,Image 1,1,2753,
109.797,,Surface,3,Image 1,1,2754,
171.805,,Surface,3,Image 1,1,2756,
171.926,,Surface,3,Image 1,1,2757,
310.033,,Surface,3,Image 1,1,2758,
206.358,,Surface,3,Image 1,1,2760,
69.7495,,Surface,3,Image 1,1,2761,
76.2987,,Surface,3,Image 1,1,2762,
164.017,,Surface,3,Image 1,1,2763,
46.8108,,Surface,3,Image 1,1,2764,
208.667,,Surface,3,Image 1,1,2765,
44.2168,,Surface,3,Image 1,1,2767,
97.9206,,Surface,3,Image 1,1,2768,
356.978,,Surface,3,Image 1,1,2769,
138.989,,Surface,3,Image 1,1,2770,
243.048,,Surface,3,Image 1,1,2771,
150.852,,Surface,3,Image 1,1,2773,
217.936,,Surface,3,Image 1,1,2774,
240.389,,Surface,3,Image 1,1,2775,
55.0695,,Surface,3,Image 1,1,2776,
105.245,,Surface,3,Image 1,1,2777,
113.918,,Surface,3,Image 1,1,2778,
168.46,,Surface,3,Image 1,1,2779,
49.0867,,Surface,3,Image 1,1,2780,
103.728,,Surface,3,Image 1,1,2781,
76.5282,,Surface,3,Image 1,1,2782,
74.4208,,Surface,3,Image 1,1,2784,
220.628,,Surface,3,Image 1,1,2785,
225.007,,Surface,3,Image 1,1,2786,
155.11,,Surface,3,Image 1,1,2787,
137.766,,Surface,3,Image 1,1,2788,
100.776,,Surface,3,Image 1,1,2789,
301.439,,Surface,3,Image 1,1,2790,
113.392,,Surface,3,Image 1,1,2791,
180.891,,Surface,3,Image 1,1,2792,
127.658,,Surface,3,Image 1,1,2793,
150.244,,Surface,3,Image 1,1,2794,
214.006,,Surface,3,Image 1,1,2796,
44.8801,,Surface,3,Image 1,1,2797,
40.2058,,Surface,3,Image 1,1,2799,
253.173,,Surface,3,Image 1,1,2800,
77.4121,,Surface,3,Image 1,1,2801,
325.392,,Surface,3,Image 1,1,2802,
106.369,,Surface,3,Image 1,1,2803,
218.616,,Surface,3,Image 1,1,2804,
196.982,,Surface,3,Image 1,1,2805,
141.56,,Surface,3,Image 1,1,2806,
286.597,,Surface,3,Image 1,1,2807,
427.469,,Surface,3,Image 1,1,2808,
236.119,,Surface,3,Image 1,1,2809,
262.265,,Surface,3,Image 1,1,2810,
77.0371,,Surface,3,Image 1,1,2811,
124.74,,Surface,3,Image 1,1,2812,
149.726,,Surface,3,Image 1,1,2813,
162.376,,Surface,3,Image 1,1,2814,
71.1976,,Surface,3,Image 1,1,2815,
58.0605,,Surface,3,Image 1,1,2816,
105.706,,Surface,3,Image 1,1,2818,
52.9895,,Surface,3,Image 1,1,2819,
99.5594,,Surface,3,Image 1,1,2820,
135.46,,Surface,3,Image 1,1,2821,
243.729,,Surface,3,Image 1,1,2822,
268.126,,Surface,3,Image 1,1,2823,
56.3974,,Surface,3,Image 1,1,2824,
90.7389,,Surface,3,Image 1,1,2825,
44.686,,Surface,3,Image 1,1,2826,
151.25,,Surface,3,Image 1,1,2827,
201.272,,Surface,3,Image 1,1,2828,
203.83,,Surface,3,Image 1,1,2829,
356.002,,Surface,3,Image 1,1,2830,
80.1829,,Surface,3,Image 1,1,2831,
82.143,,Surface,3,Image 1,1,2832,
194.897,,Surface,3,Image 1,1,2833,
110.086,,Surface,3,Image 1,1,2835,
329.039,,Surface,3,Image 1,1,2836,
137.048,,Surface,3,Image 1,1,2837,
217.264,,Surface,3,Image 1,1,2839,
166.136,,Surface,3,Image 1,1,2840,
59.2606,,Surface,3,Image 1,1,2841,
168.869,,Surface,3,Image 1,1,2843,
183.489,,Surface,3,Image 1,1,2844,
45.271,,Surface,3,Image 1,1,2847,
54.7081,,Surface,3,Image 1,1,2848,
73.7054,,Surface,3,Image 1,1,2849,
232.3,,Surface,3,Image 1,1,2850,
61.8166,,Surface,3,Image 1,1,2851,
241.509,,Surface,3,Image 1,1,2852,
144.7,,Surface,3,Image 1,1,2853,
356.475,,Surface,3,Image 1,1,2854,
109.715,,Surface,3,Image 1,1,2855,
155.408,,Surface,3,Image 1,1,2856,
67.3697,,Surface,3,Image 1,1,2857,
212.101,,Surface,3,Image 1,1,2858,
120.477,,Surface,3,Image 1,1,2859,
40.6692,,Surface,3,Image 1,1,2861,
48.1655,,Surface,3,Image 1,1,2863,
170.807,,Surface,3,Image 1,1,2865,
120.927,,Surface,3,Image 1,1,2867,
70.7342,,Surface,3,Image 1,1,2868,
244.264,,Surface,3,Image 1,1,2870,
132.242,,Surface,3,Image 1,1,2871,
109.263,,Surface,3,Image 1,1,2872,
195.627,,Surface,3,Image 1,1,2873,
46.075,,Surface,3,Image 1,1,2874,
61.1498,,Surface,3,Image 1,1,2875,
161.654,,Surface,3,Image 1,1,2876,
218.267,,Surface,3,Image 1,1,2877,
89.0725,,Surface,3,Image 1,1,2878,
73.4972,,Surface,3,Image 1,1,2879,
56.8066,,Surface,3,Image 1,1,2880,
216.404,,Surface,3,Image 1,1,2881,
218.162,,Surface,3,Image 1,1,2882,
152.083,,Surface,3,Image 1,1,2883,
80.3423,,Surface,3,Image 1,1,2884,
169.984,,Surface,3,Image 1,1,2885,
160.343,,Surface,3,Image 1,1,2886,
156.663,,Surface,3,Image 1,1,2887,
171.632,,Surface,3,Image 1,1,2888,
287.732,,Surface,3,Image 1,1,2889,
212.047,,Surface,3,Image 1,1,2890,
183.919,,Surface,3,Image 1,1,2891,
241.095,,Surface,3,Image 1,1,2892,
48.9505,,Surface,3,Image 1,1,2893,
134.753,,Surface,3,Image 1,1,2894,
154.601,,Surface,3,Image 1,1,2895,
119.77,,Surface,3,Image 1,1,2896,
38.9542,,Surface,3,Image 1,1,2897,
229.327,,Surface,3,Image 1,1,2898,
145.652,,Surface,3,Image 1,1,2899,
139.105,,Surface,3,Image 1,1,2900,
177.51,,Surface,3,Image 1,1,2901,
114.076,,Surface,3,Image 1,1,2902,
140.745,,Surface,3,Image 1,1,2904,
55.5192,,Surface,3,Image 1,1,2905,
206.11,,Surface,3,Image 1,1,2906,
88.7732,,Surface,3,Image 1,1,2907,
184.194,,Surface,3,Image 1,1,2908,
181.749,,Surface,3,Image 1,1,2909,
91.5979,,Surface,3,Image 1,1,2911,
47.8175,,Surface,3,Image 1,1,2912,
249.474,,Surface,3,Image 1,1,2913,
158.992,,Surface,3,Image 1,1,2914,
63.5089,,Surface,3,Image 1,1,2915,
106.987,,Surface,3,Image 1,1,2916,
207.881,,Surface,3,Image 1,1,2917,
102.55,,Surface,3,Image 1,1,2918,
48.8685,,Surface,3,Image 1,1,2919,
107.033,,Surface,3,Image 1,1,2920,
158.522,,Surface,3,Image 1,1,2921,
294.299,,Surface,3,Image 1,1,2923,
261.01,,Surface,3,Image 1,1,2925,
176.178,,Surface,3,Image 1,1,2926,
289.396,,Surface,3,Image 1,1,2927,
58.0511,,Surface,3,Image 1,1,2928,
106.566,,Surface,3,Image 1,1,2929,
323.954,,Surface,3,Image 1,1,2930,
305.496,,Surface,3,Image 1,1,2931,
296.889,,Surface,3,Image 1,1,2932,
64.2955,,Surface,3,Image 1,1,2933,
60.7487,,Surface,3,Image 1,1,2934,
374.187,,Surface,3,Image 1,1,2935,
96.0471,,Surface,3,Image 1,1,2936,
314.089,,Surface,3,Image 1,1,2937,
192.512,,Surface,3,Image 1,1,2938,
61.6286,,Surface,3,Image 1,1,2939,
106.372,,Surface,3,Image 1,1,2940,
59.5858,,Surface,3,Image 1,1,2941,
360.958,,Surface,3,Image 1,1,2942,
131.242,,Surface,3,Image 1,1,2943,
167.123,,Surface,3,Image 1,1,2944,
316.783,,Surface,3,Image 1,1,2945,
141.272,,Surface,3,Image 1,1,2946,
280.184,,Surface,3,Image 1,1,2948,
44.3708,,Surface,3,Image 1,1,2949,
297.234,,Surface,3,Image 1,1,2950,
248.671,,Surface,3,Image 1,1,2951,
36.033,,Surface,3,Image 1,1,2953,
70.8158,,Surface,3,Image 1,1,2954,
121.769,,Surface,3,Image 1,1,2955,
289.806,,Surface,3,Image 1,1,2956,
79.4356,,Surface,3,Image 1,1,2957,
243.93,,Surface,3,Image 1,1,2958,
75.9505,,Surface,3,Image 1,1,2959,
327.328,,Surface,3,Image 1,1,2960,
148.823,,Surface,3,Image 1,1,2961,
167.063,,Surface,3,Image 1,1,2962,
315.955,,Surface,3,Image 1,1,2963,
163.368,,Surface,3,Image 1,1,2964,
111.829,,Surface,3,Image 1,1,2965,
382.705,,Surface,3,Image 1,1,2966,
129.341,,Surface,3,Image 1,1,2968,
132.772,,Surface,3,Image 1,1,2969,
307.444,,Surface,3,Image 1,1,2970,
134.827,,Surface,3,Image 1,1,2971,
273.84,,Surface,3,Image 1,1,2972,
87.4305,,Surface,3,Image 1,1,2973,
97.1288,,Surface,3,Image 1,1,2974,
244.212,,Surface,3,Image 1,1,2975,
124.584,,Surface,3,Image 1,1,2977,
246.09,,Surface,3,Image 1,1,2978,
110.321,,Surface,3,Image 1,1,2979,
175.494,,Surface,3,Image 1,1,2981,
32.9837,,Surface,3,Image 1,1,2982,
240.087,,Surface,3,Image 1,1,2983,
155.826,,Surface,3,Image 1,1,2984,
346.582,,Surface,3,Image 1,1,2986,
77.6413,,Surface,3,Image 1,1,2987,
83.8722,,Surface,3,Image 1,1,2988,
67.4336,,Surface,3,Image 1,1,2989,
122.678,,Surface,3,Image 1,1,2990,
139.272,,Surface,3,Image 1,1,2991,
198.017,,Surface,3,Image 1,1,2992,
125.053,,Surface,3,Image 1,1,2993,
87.0848,,Surface,3,Image 1,1,2994,
68.8854,,Surface,3,Image 1,1,2995,
158.281,,Surface,3,Image 1,1,2996,
94.584,,Surface,3,Image 1,1,2997,
41.511,,Surface,3,Image 1,1,2998,
116.97,,Surface,3,Image 1,1,2999,
108.081,,Surface,3,Image 1,1,3000,
235.36,,Surface,3,Image 1,1,3001,
179.926,,Surface,3,Image 1,1,3004,
282.005,,Surface,3,Image 1,1,3005,
313.576,,Surface,3,Image 1,1,3006,
73.8026,,Surface,3,Image 1,1,3007,
85.4452,,Surface,3,Image 1,1,3008,
140.093,,Surface,3,Image 1,1,3009,
131.782,,Surface,3,Image 1,1,3010,
45.62,,Surface,3,Image 1,1,3011,
241.9,,Surface,3,Image 1,1,3012,
50.5113,,Surface,3,Image 1,1,3013,
55.9675,,Surface,3,Image 1,1,3016,
96.9644,,Surface,3,Image 1,1,3017,
339.136,,Surface,3,Image 1,1,3018,
94.2157,,Surface,3,Image 1,1,3019,
132.799,,Surface,3,Image 1,1,3020,
35.3967,,Surface,3,Image 1,1,3021,
228.179,,Surface,3,Image 1,1,3022,
209.014,,Surface,3,Image 1,1,3024,
278.553,,Surface,3,Image 1,1,3025,
72.6019,,Surface,3,Image 1,1,3026,
132.425,,Surface,3,Image 1,1,3028,
99.8533,,Surface,3,Image 1,1,3029,
217.865,,Surface,3,Image 1,1,3030,
184.889,,Surface,3,Image 1,1,3031,
50.5249,,Surface,3,Image 1,1,3032,
351.348,,Surface,3,Image 1,1,3033,
89.61,,Surface,3,Image 1,1,3034,
52.1558,,Surface,3,Image 1,1,3036,
278.951,,Surface,3,Image 1,1,3038,
250.654,,Surface,3,Image 1,1,3039,
125.937,,Surface,3,Image 1,1,3040,
109.381,,Surface,3,Image 1,1,3041,
72.1487,,Surface,3,Image 1,1,3042,
71.5393,,Surface,3,Image 1,1,3043,
73.5148,,Surface,3,Image 1,1,3044,
63.9732,,Surface,3,Image 1,1,3045,
157.5,,Surface,3,Image 1,1,3046,
182.823,,Surface,3,Image 1,1,3047,
422.449,,Surface,3,Image 1,1,3048,
127.403,,Surface,3,Image 1,1,3049,
122.082,,Surface,3,Image 1,1,3050,
196.76,,Surface,3,Image 1,1,3051,
209.997,,Surface,3,Image 1,1,3052,
44.9,,Surface,3,Image 1,1,3053,
108.811,,Surface,3,Image 1,1,3054,
230.566,,Surface,3,Image 1,1,3055,
98.642,,Surface,3,Image 1,1,3057,
80.8788,,Surface,3,Image 1,1,3058,
162.838,,Surface,3,Image 1,1,3059,
232.656,,Surface,3,Image 1,1,3060,
233.05,,Surface,3,Image 1,1,3061,
117.835,,Surface,3,Image 1,1,3062,
168.155,,Surface,3,Image 1,1,3063,
100.317,,Surface,3,Image 1,1,3064,
177.755,,Surface,3,Image 1,1,3065,
194.09,,Surface,3,Image 1,1,3066,
321.069,,Surface,3,Image 1,1,3067,
225.914,,Surface,3,Image 1,1,3068,
198.633,,Surface,3,Image 1,1,3069,
62.6979,,Surface,3,Image 1,1,3070,
129.55,,Surface,3,Image 1,1,3071,
52.7163,,Surface,3,Image 1,1,3072,
118.896,,Surface,3,Image 1,1,3073,
119.127,,Surface,3,Image 1,1,3074,
159.202,,Surface,3,Image 1,1,3075,
133.284,,Surface,3,Image 1,1,3076,
65.0749,,Surface,3,Image 1,1,3078,
311.345,,Surface,3,Image 1,1,3079,
113.571,,Surface,3,Image 1,1,3080,
167.948,,Surface,3,Image 1,1,3081,
128.941,,Surface,3,Image 1,1,3082,
52.159,,Surface,3,Image 1,1,3083,
165.382,,Surface,3,Image 1,1,3084,
185.903,,Surface,3,Image 1,1,3085,
252.367,,Surface,3,Image 1,1,3086,
95.1894,,Surface,3,Image 1,1,3087,
137.382,,Surface,3,Image 1,1,3089,
66.912,,Surface,3,Image 1,1,3090,
310.206,,Surface,3,Image 1,1,3091,
246.856,,Surface,3,Image 1,1,3093,
76.3674,,Surface,3,Image 1,1,3094,
42.2233,,Surface,3,Image 1,1,3095,
214.061,,Surface,3,Image 1,1,3096,
176.869,,Surface,3,Image 1,1,3097,
157.219,,Surface,3,Image 1,1,3099,
117.579,,Surface,3,Image 1,1,3101,
68.1058,,Surface,3,Image 1,1,3102,
47.3461,,Surface,3,Image 1,1,3104,
285.06,,Surface,3,Image 1,1,3105,
40.2566,,Surface,3,Image 1,1,3106,
227.221,,Surface,3,Image 1,1,3107,
300.524,,Surface,3,Image 1,1,3108,
210.382,,Surface,3,Image 1,1,3109,
76.3274,,Surface,3,Image 1,1,3110,
192.122,,Surface,3,Image 1,1,3111,
177.437,,Surface,3,Image 1,1,3112,
237.172,,Surface,3,Image 1,1,3114,
268.509,,Surface,3,Image 1,1,3115,
111.541,,Surface,3,Image 1,1,3116,
103.889,,Surface,3,Image 1,1,3117,
165.165,,Surface,3,Image 1,1,3118,
240.464,,Surface,3,Image 1,1,3119,
265.062,,Surface,3,Image 1,1,3120,
276.075,,Surface,3,Image 1,1,3121,
170.743,,Surface,3,Image 1,1,3122,
85.3686,,Surface,3,Image 1,1,3123,
38.6164,,Surface,3,Image 1,1,3124,
68.2627,,Surface,3,Image 1,1,3125,
132.407,,Surface,3,Image 1,1,3126,
75.8572,,Surface,3,Image 1,1,3127,
154.397,,Surface,3,Image 1,1,3128,
195.652,,Surface,3,Image 1,1,3129,
119.487,,Surface,3,Image 1,1,3130,
136.765,,Surface,3,Image 1,1,3131,
253.81,,Surface,3,Image 1,1,3132,
305.949,,Surface,3,Image 1,1,3134,
240.925,,Surface,3,Image 1,1,3135,
316.764,,Surface,3,Image 1,1,3136,
263.304,,Surface,3,Image 1,1,3137,
71.7375,,Surface,3,Image 1,1,3138,
45.3573,,Surface,3,Image 1,1,3139,
221.352,,Surface,3,Image 1,1,3140,
145.858,,Surface,3,Image 1,1,3141,
71.2093,,Surface,3,Image 1,1,3142,
142.595,,Surface,3,Image 1,1,3143,
165.427,,Surface,3,Image 1,1,3145,
144.593,,Surface,3,Image 1,1,3146,
66.6196,,Surface,3,Image 1,1,3147,
242.045,,Surface,3,Image 1,1,3148,
232.593,,Surface,3,Image 1,1,3149,
146.955,,Surface,3,Image 1,1,3150,
99.6929,,Surface,3,Image 1,1,3151,
102.106,,Surface,3,Image 1,1,3154,
42.3943,,Surface,3,Image 1,1,3155,
157.27,,Surface,3,Image 1,1,3156,
57.6856,,Surface,3,Image 1,1,3157,
80.1032,,Surface,3,Image 1,1,3158,
163.507,,Surface,3,Image 1,1,3159,
67.4144,,Surface,3,Image 1,1,3160,
210.809,,Surface,3,Image 1,1,3161,
40.2041,,Surface,3,Image 1,1,3162,
76.3363,,Surface,3,Image 1,1,3164,
159.959,,Surface,3,Image 1,1,3166,
68.4369,,Surface,3,Image 1,1,3167,
201.614,,Surface,3,Image 1,1,3168,
75.5198,,Surface,3,Image 1,1,3170,
229.747,,Surface,3,Image 1,1,3171,
184.462,,Surface,3,Image 1,1,3172,
294.686,,Surface,3,Image 1,1,3173,
191.148,,Surface,3,Image 1,1,3174,
70.0759,,Surface,3,Image 1,1,3175,
47.9331,,Surface,3,Image 1,1,3176,
42.6958,,Surface,3,Image 1,1,3177,
57.7118,,Surface,3,Image 1,1,3178,
200.946,,Surface,3,Image 1,1,3179,
194.224,,Surface,3,Image 1,1,3180,
221.414,,Surface,3,Image 1,1,3181,
63.3503,,Surface,3,Image 1,1,3182,
104.85,,Surface,3,Image 1,1,3184,
317.197,,Surface,3,Image 1,1,3185,
178.716,,Surface,3,Image 1,1,3186,
84.8143,,Surface,3,Image 1,1,3187,
252.34,,Surface,3,Image 1,1,3188,
302.797,,Surface,3,Image 1,1,3189,
126.977,,Surface,3,Image 1,1,3190,
50.6029,,Surface,3,Image 1,1,3191,
63.7522,,Surface,3,Image 1,1,3192,
216.684,,Surface,3,Image 1,1,3193,
136.332,,Surface,3,Image 1,1,3194,
244.984,,Surface,3,Image 1,1,3195,
164.086,,Surface,3,Image 1,1,3196,
158.207,,Surface,3,Image 1,1,3197,
119.981,,Surface,3,Image 1,1,3199,
141.133,,Surface,3,Image 1,1,3200,
101.856,,Surface,3,Image 1,1,3201,
158.552,,Surface,3,Image 1,1,3202,
206.121,,Surface,3,Image 1,1,3203,
40.6232,,Surface,3,Image 1,1,3204,
102.438,,Surface,3,Image 1,1,3206,
291.971,,Surface,3,Image 1,1,3207,
150.394,,Surface,3,Image 1,1,3208,
221.341,,Surface,3,Image 1,1,3209,
328.338,,Surface,3,Image 1,1,3210,
258.268,,Surface,3,Image 1,1,3212,
204.101,,Surface,3,Image 1,1,3213,
60.3305,,Surface,3,Image 1,1,3215,
225.706,,Surface,3,Image 1,1,3216,
178.686,,Surface,3,Image 1,1,3217,
140.955,,Surface,3,Image 1,1,3218,
98.5925,,Surface,3,Image 1,1,3219,
184.446,,Surface,3,Image 1,1,3220,
133.252,,Surface,3,Image 1,1,3221,
120.646,,Surface,3,Image 1,1,3222,
67.6944,,Surface,3,Image 1,1,3223,
80.1377,,Surface,3,Image 1,1,3224,
294.73,,Surface,3,Image 1,1,3225,
150.587,,Surface,3,Image 1,1,3226,
124.178,,Surface,3,Image 1,1,3227,
279.612,,Surface,3,Image 1,1,3228,
218.297,,Surface,3,Image 1,1,3229,
441.752,,Surface,3,Image 1,1,3230,
70.2133,,Surface,3,Image 1,1,3231,
98.1166,,Surface,3,Image 1,1,3232,
91.8181,,Surface,3,Image 1,1,3233,
360.809,,Surface,3,Image 1,1,3234,
270.628,,Surface,3,Image 1,1,3235,
222.605,,Surface,3,Image 1,1,3236,
214.293,,Surface,3,Image 1,1,3237,
233.956,,Surface,3,Image 1,1,3238,
312.471,,Surface,3,Image 1,1,3239,
242.074,,Surface,3,Image 1,1,3240,
219.22,,Surface,3,Image 1,1,3242,
63.0818,,Surface,3,Image 1,1,3243,
142.03,,Surface,3,Image 1,1,3246,
155.383,,Surface,3,Image 1,1,3247,
163.943,,Surface,3,Image 1,1,3249,
41.4216,,Surface,3,Image 1,1,3250,
229.835,,Surface,3,Image 1,1,3251,
118.985,,Surface,3,Image 1,1,3252,
192.664,,Surface,3,Image 1,1,3253,
148.467,,Surface,3,Image 1,1,3255,
128.321,,Surface,3,Image 1,1,3256,
312.591,,Surface,3,Image 1,1,3258,
182.073,,Surface,3,Image 1,1,3259,
156.101,,Surface,3,Image 1,1,3262,
227.401,,Surface,3,Image 1,1,3263,
152.031,,Surface,3,Image 1,1,3264,
181.85,,Surface,3,Image 1,1,3266,
223.515,,Surface,3,Image 1,1,3267,
279.251,,Surface,3,Image 1,1,3268,
85.3013,,Surface,3,Image 1,1,3270,
157.719,,Surface,3,Image 1,1,3272,
163.043,,Surface,3,Image 1,1,3274,
235.186,,Surface,3,Image 1,1,3275,
258.54,,Surface,3,Image 1,1,3276,
55.5136,,Surface,3,Image 1,1,3277,
309.013,,Surface,3,Image 1,1,3278,
93.4483,,Surface,3,Image 1,1,3279,
72.9512,,Surface,3,Image 1,1,3280,
173.954,,Surface,3,Image 1,1,3281,
186.957,,Surface,3,Image 1,1,3282,
88.1789,,Surface,3,Image 1,1,3283,
124.413,,Surface,3,Image 1,1,3284,
155.092,,Surface,3,Image 1,1,3285,
75.9866,,Surface,3,Image 1,1,3287,
140.146,,Surface,3,Image 1,1,3288,
123.592,,Surface,3,Image 1,1,3290,
212.401,,Surface,3,Image 1,1,3291,
148.424,,Surface,3,Image 1,1,3292,
231.165,,Surface,3,Image 1,1,3293,
160.906,,Surface,3,Image 1,1,3294,
237.407,,Surface,3,Image 1,1,3295,
60.7313,,Surface,3,Image 1,1,3296,
63.9452,,Surface,3,Image 1,1,3297,
149.454,,Surface,3,Image 1,1,3298,
84.1088,,Surface,3,Image 1,1,3299,
347.558,,Surface,3,Image 1,1,3300,
180.074,,Surface,3,Image 1,1,3301,
92.6152,,Surface,3,Image 1,1,3302,
173.343,,Surface,3,Image 1,1,3303,
212.351,,Surface,3,Image 1,1,3304,
136.858,,Surface,3,Image 1,1,3305,
165.691,,Surface,3,Image 1,1,3306,
172.332,,Surface,3,Image 1,1,3307,
172.113,,Surface,3,Image 1,1,3308,
129.53,,Surface,3,Image 1,1,3309,
183.222,,Surface,3,Image 1,1,3310,
190.221,,Surface,3,Image 1,1,3311,
272.812,,Surface,3,Image 1,1,3312,
150.17,,Surface,3,Image 1,1,3313,
205.881,,Surface,3,Image 1,1,3314,
229.382,,Surface,3,Image 1,1,3315,
63.9657,,Surface,3,Image 1,1,3316,
325.661,,Surface,3,Image 1,1,3317,
195.001,,Surface,3,Image 1,1,3318,
213.263,,Surface,3,Image 1,1,3319,
254.468,,Surface,3,Image 1,1,3320,
297.961,,Surface,3,Image 1,1,3321,
207.71,,Surface,3,Image 1,1,3322,
238.631,,Surface,3,Image 1,1,3323,
168.981,,Surface,3,Image 1,1,3324,
284.925,,Surface,3,Image 1,1,3325,
132.735,,Surface,3,Image 1,1,3326,
181.888,,Surface,3,Image 1,1,3327,
354.678,,Surface,3,Image 1,1,3328,
41.2969,,Surface,3,Image 1,1,3329,
124.56,,Surface,3,Image 1,1,3330,
305.635,,Surface,3,Image 1,1,3331,
367.885,,Surface,3,Image 1,1,3332,
123.166,,Surface,3,Image 1,1,3334,
141.903,,Surface,3,Image 1,1,3335,
181.204,,Surface,3,Image 1,1,3336,
73.2132,,Surface,3,Image 1,1,3337,
291.017,,Surface,3,Image 1,1,3338,
129.602,,Surface,3,Image 1,1,3339,
165.965,,Surface,3,Image 1,1,3340,
207.12,,Surface,3,Image 1,1,3341,
190.906,,Surface,3,Image 1,1,3342,
151.756,,Surface,3,Image 1,1,3344,
179.266,,Surface,3,Image 1,1,3345,
41.0897,,Surface,3,Image 1,1,3346,
44.32,,Surface,3,Image 1,1,3347,
53.3528,,Surface,3,Image 1,1,3348,
195.985,,Surface,3,Image 1,1,3349,
232.468,,Surface,3,Image 1,1,3350,
170.489,,Surface,3,Image 1,1,3351,
310.994,,Surface,3,Image 1,1,3352,
213.245,,Surface,3,Image 1,1,3353,
261.369,,Surface,3,Image 1,1,3354,
200.94,,Surface,3,Image 1,1,3355,
109.452,,Surface,3,Image 1,1,3356,
318.997,,Surface,3,Image 1,1,3357,
246.792,,Surface,3,Image 1,1,3358,
155.277,,Surface,3,Image 1,1,3360,
247.229,,Surface,3,Image 1,1,3361,
270.5,,Surface,3,Image 1,1,3363,
170.69,,Surface,3,Image 1,1,3364,
248.855,,Surface,3,Image 1,1,3365,
197.029,,Surface,3,Image 1,1,3366,
44.9486,,Surface,3,Image 1,1,3367,
76.2748,,Surface,3,Image 1,1,3369,
85.1886,,Surface,3,Image 1,1,3370,
200.227,,Surface,3,Image 1,1,3371,
85.902,,Surface,3,Image 1,1,3372,
202.847,,Surface,3,Image 1,1,3373,
65.9997,,Surface,3,Image 1,1,3374,
233.954,,Surface,3,Image 1,1,3375,
204.948,,Surface,3,Image 1,1,3377,
258.406,,Surface,3,Image 1,1,3378,
58.8746,,Surface,3,Image 1,1,3379,
117.516,,Surface,3,Image 1,1,3380,
183.971,,Surface,3,Image 1,1,3381,
225.195,,Surface,3,Image 1,1,3382,
189.266,,Surface,3,Image 1,1,3383,
256.646,,Surface,3,Image 1,1,3384,
245.141,,Surface,3,Image 1,1,3385,
171.188,,Surface,3,Image 1,1,3386,
86.2125,,Surface,3,Image 1,1,3387,
73.3239,,Surface,3,Image 1,1,3388,
135.97,,Surface,3,Image 1,1,3389,
124.324,,Surface,3,Image 1,1,3390,
348.535,,Surface,3,Image 1,1,3391,
37.9048,,Surface,3,Image 1,1,3392,
207.92,,Surface,3,Image 1,1,3393,
175.209,,Surface,3,Image 1,1,3394,
48.1955,,Surface,3,Image 1,1,3396,
120.125,,Surface,3,Image 1,1,3397,
192.264,,Surface,3,Image 1,1,3398,
85.2044,,Surface,3,Image 1,1,3399,
297.608,,Surface,3,Image 1,1,3400,
99.6308,,Surface,3,Image 1,1,3401,
176.029,,Surface,3,Image 1,1,3402,
112.479,,Surface,3,Image 1,1,3403,
230.538,,Surface,3,Image 1,1,3404,
169.346,,Surface,3,Image 1,1,3405,
43.741,,Surface,3,Image 1,1,3406,
242.147,,Surface,3,Image 1,1,3407,
147.287,,Surface,3,Image 1,1,3408,
40.9361,,Surface,3,Image 1,1,3409,
257.133,,Surface,3,Image 1,1,3410,
198.526,,Surface,3,Image 1,1,3413,
239.804,,Surface,3,Image 1,1,3414,
250.996,,Surface,3,Image 1,1,3415,
49.4144,,Surface,3,Image 1,1,3416,
312.556,,Surface,3,Image 1,1,3417,
266.285,,Surface,3,Image 1,1,3418,
234.392,,Surface,3,Image 1,1,3419,
215.241,,Surface,3,Image 1,1,3424,
166.713,,Surface,3,Image 1,1,3425,
245.399,,Surface,3,Image 1,1,3426,
141.707,,Surface,3,Image 1,1,3428,
335.988,,Surface,3,Image 1,1,3429,
249.278,,Surface,3,Image 1,1,3431,
174.66,,Surface,3,Image 1,1,3433,
47.539,,Surface,3,Image 1,1,3435,
181.536,,Surface,3,Image 1,1,3436,
71.0122,,Surface,3,Image 1,1,3438,
47.5276,,Surface,3,Image 1,1,3439,
114.7,,Surface,3,Image 1,1,3441,
356.051,,Surface,3,Image 1,1,3442,
155.044,,Surface,3,Image 1,1,3443,
318.196,,Surface,3,Image 1,1,3444,
60.1437,,Surface,3,Image 1,1,3445,
289.572,,Surface,3,Image 1,1,3446,
183.532,,Surface,3,Image 1,1,3447,
43.2303,,Surface,3,Image 1,1,3448,
245.629,,Surface,3,Image 1,1,3449,
163.681,,Surface,3,Image 1,1,3450,
397.195,,Surface,3,Image 1,1,3451,
71.3174,,Surface,3,Image 1,1,3452,
254.248,,Surface,3,Image 1,1,3453,
190.266,,Surface,3,Image 1,1,3454,
130.785,,Surface,3,Image 1,1,3455,
100.93,,Surface,3,Image 1,1,3457,
226.379,,Surface,3,Image 1,1,3458,
212.279,,Surface,3,Image 1,1,3459,
140.058,,Surface,3,Image 1,1,3460,
104.296,,Surface,3,Image 1,1,3461,
264.729,,Surface,3,Image 1,1,3462,
271.979,,Surface,3,Image 1,1,3464,
275.938,,Surface,3,Image 1,1,3465,
244.94,,Surface,3,Image 1,1,3468,
314.213,,Surface,3,Image 1,1,3469,
230.222,,Surface,3,Image 1,1,3471,
264.113,,Surface,3,Image 1,1,3472,
93.9144,,Surface,3,Image 1,1,3473,
275.857,,Surface,3,Image 1,1,3475,
171.673,,Surface,3,Image 1,1,3477,
229.596,,Surface,3,Image 1,1,3478,
410.823,,Surface,3,Image 1,1,3479,
93.6682,,Surface,3,Image 1,1,3480,
171.986,,Surface,3,Image 1,1,3481,
362.15,,Surface,3,Image 1,1,3482,
162.965,,Surface,3,Image 1,1,3483,
311.261,,Surface,3,Image 1,1,3484,
210.619,,Surface,3,Image 1,1,3485,
50.4309,,Surface,3,Image 1,1,3486,
364.044,,Surface,3,Image 1,1,3487,
208.246,,Surface,3,Image 1,1,3488,
46.8149,,Surface,3,Image 1,1,3489,
227.139,,Surface,3,Image 1,1,3490,
143.155,,Surface,3,Image 1,1,3491,
39.4977,,Surface,3,Image 1,1,3492,
265.34,,Surface,3,Image 1,1,3495,
134.516,,Surface,3,Image 1,1,3496,
194.219,,Surface,3,Image 1,1,3497,
47.3227,,Surface,3,Image 1,1,3498,
48.0909,,Surface,3,Image 1,1,3499,
146.239,,Surface,3,Image 1,1,3500,
212.903,,Surface,3,Image 1,1,3501,
43.3775,,Surface,3,Image 1,1,3502,
182.802,,Surface,3,Image 1,1,3503,
137.138,,Surface,3,Image 1,1,3504,
57.1239,,Surface,3,Image 1,1,3505,
242.493,,Surface,3,Image 1,1,3507,
123.333,,Surface,3,Image 1,1,3508,
102.023,,Surface,3,Image 1,1,3509,
160.044,,Surface,3,Image 1,1,3510,
130.179,,Surface,3,Image 1,1,3511,
275.236,,Surface,3,Image 1,1,3512,
306.481,,Surface,3,Image 1,1,3513,
243.689,,Surface,3,Image 1,1,3514,
152.729,,Surface,3,Image 1,1,3515,
40.5509,,Surface,3,Image 1,1,3516,
54.1003,,Surface,3,Image 1,1,3517,
201.841,,Surface,3,Image 1,1,3518,
127.818,,Surface,3,Image 1,1,3519,
181.619,,Surface,3,Image 1,1,3520,
146.492,,Surface,3,Image 1,1,3521,
190.042,,Surface,3,Image 1,1,3522,
113.356,,Surface,3,Image 1,1,3523,
203.032,,Surface,3,Image 1,1,3525,
72.2427,,Surface,3,Image 1,1,3526,
264.596,,Surface,3,Image 1,1,3527,
149.242,,Surface,3,Image 1,1,3528,
177.134,,Surface,3,Image 1,1,3529,
198.801,,Surface,3,Image 1,1,3530,
311.878,,Surface,3,Image 1,1,3531,
139.022,,Surface,3,Image 1,1,3532,
231.604,,Surface,3,Image 1,1,3533,
190.765,,Surface,3,Image 1,1,3535,
247.798,,Surface,3,Image 1,1,3537,
105.768,,Surface,3,Image 1,1,3538,
227.13,,Surface,3,Image 1,1,3539,
258.275,,Surface,3,Image 1,1,3540,
422.442,,Surface,3,Image 1,1,3541,
383.762,,Surface,3,Image 1,1,3542,
133.947,,Surface,3,Image 1,1,3543,
182.71,,Surface,3,Image 1,1,3544,
217.941,,Surface,3,Image 1,1,3547,
207.099,,Surface,3,Image 1,1,3548,
190.069,,Surface,3,Image 1,1,3549,
248.33,,Surface,3,Image 1,1,3550,
117.64,,Surface,3,Image 1,1,3551,
210.975,,Surface,3,Image 1,1,3552,
38.797,,Surface,3,Image 1,1,3553,
223.467,,Surface,3,Image 1,1,3554,
188.944,,Surface,3,Image 1,1,3555,
78.0593,,Surface,3,Image 1,1,3556,
263.883,,Surface,3,Image 1,1,3558,
55.2568,,Surface,3,Image 1,1,3559,
39.7994,,Surface,3,Image 1,1,3560,
185.925,,Surface,3,Image 1,1,3561,
123.119,,Surface,3,Image 1,1,3562,
76.6585,,Surface,3,Image 1,1,3563,
112.419,,Surface,3,Image 1,1,3564,
44.6145,,Surface,3,Image 1,1,3565,
150.803,,Surface,3,Image 1,1,3566,
376.842,,Surface,3,Image 1,1,3567,
166.246,,Surface,3,Image 1,1,3568,
209.45,,Surface,3,Image 1,1,3569,
177.997,,Surface,3,Image 1,1,3570,
344.363,,Surface,3,Image 1,1,3571,
129.895,,Surface,3,Image 1,1,3572,
401.781,,Surface,3,Image 1,1,3573,
126.732,,Surface,3,Image 1,1,3574,
85.8291,,Surface,3,Image 1,1,3575,
158.052,,Surface,3,Image 1,1,3576,
168.455,,Surface,3,Image 1,1,3577,
109.421,,Surface,3,Image 1,1,3579,
281.659,,Surface,3,Image 1,1,3580,
220.735,,Surface,3,Image 1,1,3581,
194.822,,Surface,3,Image 1,1,3583,
180.807,,Surface,3,Image 1,1,3584,
45.6354,,Surface,3,Image 1,1,3585,
157.079,,Surface,3,Image 1,1,3586,
333.651,,Surface,3,Image 1,1,3587,
206.151,,Surface,3,Image 1,1,3588,
190.07,,Surface,3,Image 1,1,3589,
62.8893,,Surface,3,Image 1,1,3590,
41.6274,,Surface,3,Image 1,1,3591,
281.618,,Surface,3,Image 1,1,3592,
275.488,,Surface,3,Image 1,1,3593,
203.795,,Surface,3,Image 1,1,3594,
254.457,,Surface,3,Image 1,1,3595,
169.706,,Surface,3,Image 1,1,3596,
280.247,,Surface,3,Image 1,1,3597,
249.178,,Surface,3,Image 1,1,3598,
177.56,,Surface,3,Image 1,1,3599,
393.819,,Surface,3,Image 1,1,3600,
206.13,,Surface,3,Image 1,1,3601,
172.983,,Surface,3,Image 1,1,3602,
49.0766,,Surface,3,Image 1,1,3603,
213.49,,Surface,3,Image 1,1,3604,
38.416,,Surface,3,Image 1,1,3605,
101.203,,Surface,3,Image 1,1,3606,
207.695,,Surface,3,Image 1,1,3607,
301.333,,Surface,3,Image 1,1,3608,
166.2,,Surface,3,Image 1,1,3610,
152.978,,Surface,3,Image 1,1,3611,
109.76,,Surface,3,Image 1,1,3613,
50.8632,,Surface,3,Image 1,1,3614,
303.813,,Surface,3,Image 1,1,3615,
352.569,,Surface,3,Image 1,1,3616,
191.961,,Surface,3,Image 1,1,3617,
149.42,,Surface,3,Image 1,1,3618,
286.638,,Surface,3,Image 1,1,3619,
192.356,,Surface,3,Image 1,1,3620,
197.784,,Surface,3,Image 1,1,3621,
192.733,,Surface,3,Image 1,1,3622,
177.446,,Surface,3,Image 1,1,3623,
294.793,,Surface,3,Image 1,1,3624,
254.35,,Surface,3,Image 1,1,3625,
211.672,,Surface,3,Image 1,1,3626,
93.5008,,Surface,3,Image 1,1,3627,
184.491,,Surface,3,Image 1,1,3628,
157.475,,Surface,3,Image 1,1,3629,
246.774,,Surface,3,Image 1,1,3631,
132.205,,Surface,3,Image 1,1,3632,
177.844,,Surface,3,Image 1,1,3633,
315.732,,Surface,3,Image 1,1,3635,
258.58,,Surface,3,Image 1,1,3636,
295.58,,Surface,3,Image 1,1,3637,
57.785,,Surface,3,Image 1,1,3638,
199.185,,Surface,3,Image 1,1,3639,
181.436,,Surface,3,Image 1,1,3640,
62.9596,,Surface,3,Image 1,1,3642,
179.946,,Surface,3,Image 1,1,3643,
326.516,,Surface,3,Image 1,1,3644,
50.1372,,Surface,3,Image 1,1,3645,
139.205,,Surface,3,Image 1,1,3646,
296.694,,Surface,3,Image 1,1,3647,
50.0871,,Surface,3,Image 1,1,3648,
261.84,,Surface,3,Image 1,1,3649,
162.268,,Surface,3,Image 1,1,3650,
125.792,,Surface,3,Image 1,1,3651,
199.83,,Surface,3,Image 1,1,3652,
338.368,,Surface,3,Image 1,1,3653,
268.097,,Surface,3,Image 1,1,3654,
239.379,,Surface,3,Image 1,1,3655,
236.191,,Surface,3,Image 1,1,3656,
284.245,,Surface,3,Image 1,1,3657,
326.761,,Surface,3,Image 1,1,3658,
64.5684,,Surface,3,Image 1,1,3659,
252.776,,Surface,3,Image 1,1,3660,
175.572,,Surface,3,Image 1,1,3661,
174.575,,Surface,3,Image 1,1,3662,
56.7917,,Surface,3,Image 1,1,3663,
206.707,,Surface,3,Image 1,1,3664,
181.634,,Surface,3,Image 1,1,3666,
147.08,,Surface,3,Image 1,1,3667,
265.255,,Surface,3,Image 1,1,3668,
99.2219,,Surface,3,Image 1,1,3669,
47.0585,,Surface,3,Image 1,1,3670,
142.086,,Surface,3,Image 1,1,3671,
96.2559,,Surface,3,Image 1,1,3672,
197.72,,Surface,3,Image 1,1,3673,
164.534,,Surface,3,Image 1,1,3674,
203.285,,Surface,3,Image 1,1,3675,
139.254,,Surface,3,Image 1,1,3676,
199.174,,Surface,3,Image 1,1,3677,
354.958,,Surface,3,Image 1,1,3678,
127.692,,Surface,3,Image 1,1,3679,
87.7243,,Surface,3,Image 1,1,3680,
224.334,,Surface,3,Image 1,1,3681,
209.505,,Surface,3,Image 1,1,3682,
201.03,,Surface,3,Image 1,1,3683,
219.698,,Surface,3,Image 1,1,3684,
275.044,,Surface,3,Image 1,1,3685,
137.758,,Surface,3,Image 1,1,3686,
47.7925,,Surface,3,Image 1,1,3687,
53.0416,,Surface,3,Image 1,1,3688,
98.6167,,Surface,3,Image 1,1,3690,
169.137,,Surface,3,Image 1,1,3691,
134.204,,Surface,3,Image 1,1,3692,
38.2956,,Surface,3,Image 1,1,3693,
83.3638,,Surface,3,Image 1,1,3695,
382.709,,Surface,3,Image 1,1,3696,
135.72,,Surface,3,Image 1,1,3697,
335.939,,Surface,3,Image 1,1,3698,
46.2115,,Surface,3,Image 1,1,3699,
210.201,,Surface,3,Image 1,1,3700,
135.634,,Surface,3,Image 1,1,3701,
138.093,,Surface,3,Image 1,1,3702,
205.565,,Surface,3,Image 1,1,3703,
44.786,,Surface,3,Image 1,1,3704,
216.859,,Surface,3,Image 1,1,3706,
60.032,,Surface,3,Image 1,1,3707,
216.597,,Surface,3,Image 1,1,3708,
237.897,,Surface,3,Image 1,1,3709,
292.094,,Surface,3,Image 1,1,3711,
229.555,,Surface,3,Image 1,1,3713,
64.5405,,Surface,3,Image 1,1,3715,
268.726,,Surface,3,Image 1,1,3716,
288.928,,Surface,3,Image 1,1,3717,
79.0634,,Surface,3,Image 1,1,3718,
44.9846,,Surface,3,Image 1,1,3719,
160.023,,Surface,3,Image 1,1,3721,
240.88,,Surface,3,Image 1,1,3722,
194.074,,Surface,3,Image 1,1,3723,
226.591,,Surface,3,Image 1,1,3724,
291.104,,Surface,3,Image 1,1,3725,
129.109,,Surface,3,Image 1,1,3726,
214.815,,Surface,3,Image 1,1,3727,
42.0092,,Surface,3,Image 1,1,3728,
269.606,,Surface,3,Image 1,1,3729,
213.315,,Surface,3,Image 1,1,3730,
62.7389,,Surface,3,Image 1,1,3731,
184.489,,Surface,3,Image 1,1,3732,
285.461,,Surface,3,Image 1,1,3734,
230.681,,Surface,3,Image 1,1,3735,
172.503,,Surface,3,Image 1,1,3736,
111.933,,Surface,3,Image 1,1,3737,
192.562,,Surface,3,Image 1,1,3738,
167.562,,Surface,3,Image 1,1,3740,
143.059,,Surface,3,Image 1,1,3741,
43.5541,,Surface,3,Image 1,1,3742,
230.991,,Surface,3,Image 1,1,3743,
168.814,,Surface,3,Image 1,1,3744,
236.374,,Surface,3,Image 1,1,3745,
203.359,,Surface,3,Image 1,1,3746,
308.749,,Surface,3,Image 1,1,3747,
53.3165,,Surface,3,Image 1,1,3748,
181.303,,Surface,3,Image 1,1,3749,
121.884,,Surface,3,Image 1,1,3751,
259.624,,Surface,3,Image 1,1,3752,
209.284,,Surface,3,Image 1,1,3753,
196.94,,Surface,3,Image 1,1,3754,
54.0127,,Surface,3,Image 1,1,3755,
199.96,,Surface,3,Image 1,1,3756,
294.579,,Surface,3,Image 1,1,3757,
217.852,,Surface,3,Image 1,1,3758,
185.171,,Surface,3,Image 1,1,3759,
306.974,,Surface,3,Image 1,1,3760,
289.546,,Surface,3,Image 1,1,3761,
303.864,,Surface,3,Image 1,1,3762,
185.473,,Surface,3,Image 1,1,3763,
155.898,,Surface,3,Image 1,1,3764,
46.4606,,Surface,3,Image 1,1,3765,
194.459,,Surface,3,Image 1,1,3766,
117.355,,Surface,3,Image 1,1,3767,
327.377,,Surface,3,Image 1,1,3768,
136.092,,Surface,3,Image 1,1,3769,
63.2838,,Surface,3,Image 1,1,3771,
186.701,,Surface,3,Image 1,1,3773,
253.604,,Surface,3,Image 1,1,3774,
43.477,,Surface,3,Image 1,1,3775,
118.926,,Surface,3,Image 1,1,3776,
209.577,,Surface,3,Image 1,1,3777,
192.279,,Surface,3,Image 1,1,3778,
129.299,,Surface,3,Image 1,1,3780,
237.827,,Surface,3,Image 1,1,3781,
215.214,,Surface,3,Image 1,1,3782,
208.726,,Surface,3,Image 1,1,3783,
66.9112,,Surface,3,Image 1,1,3784,
125.974,,Surface,3,Image 1,1,3785,
251.169,,Surface,3,Image 1,1,3786,
129.888,,Surface,3,Image 1,1,3787,
146.299,,Surface,3,Image 1,1,3788,
238.731,,Surface,3,Image 1,1,3790,
242.912,,Surface,3,Image 1,1,3791,
171.854,,Surface,3,Image 1,1,3792,
342.624,,Surface,3,Image 1,1,3793,
230.073,,Surface,3,Image 1,1,3794,
157.177,,Surface,3,Image 1,1,3795,
172.543,,Surface,3,Image 1,1,3796,
276.677,,Surface,3,Image 1,1,3797,
146.595,,Surface,3,Image 1,1,3798,
69.2146,,Surface,3,Image 1,1,3799,
136.352,,Surface,3,Image 1,1,3800,
161.237,,Surface,3,Image 1,1,3801,
46.7176,,Surface,3,Image 1,1,3802,
43.9983,,Surface,3,Image 1,1,3803,
274.547,,Surface,3,Image 1,1,3804,
76.1947,,Surface,3,Image 1,1,3805,
204.686,,Surface,3,Image 1,1,3806,
115.991,,Surface,3,Image 1,1,3807,
204.504,,Surface,3,Image 1,1,3808,
52.8636,,Surface,3,Image 1,1,3810,
253.128,,Surface,3,Image 1,1,3811,
47.9865,,Surface,3,Image 1,1,3812,
100.598,,Surface,3,Image 1,1,3813,
147.324,,Surface,3,Image 1,1,3814,
45.7775,,Surface,3,Image 1,1,3815,
160.242,,Surface,3,Image 1,1,3816,
376.843,,Surface,3,Image 1,1,3817,
147.243,,Surface,3,Image 1,1,3818,
189.05,,Surface,3,Image 1,1,3819,
228.06,,Surface,3,Image 1,1,3821,
196.84,,Surface,3,Image 1,1,3822,
209.171,,Surface,3,Image 1,1,3823,
183.63,,Surface,3,Image 1,1,3824,
135.168,,Surface,3,Image 1,1,3826,
201.426,,Surface,3,Image 1,1,3827,
316.987,,Surface,3,Image 1,1,3828,
159.856,,Surface,3,Image 1,1,3829,
120.133,,Surface,3,Image 1,1,3830,
232.995,,Surface,3,Image 1,1,3831,
90.7707,,Surface,3,Image 1,1,3832,
295.319,,Surface,3,Image 1,1,3833,
74.3438,,Surface,3,Image 1,1,3834,
150.144,,Surface,3,Image 1,1,3835,
70.6333,,Surface,3,Image 1,1,3836,
346.779,,Surface,3,Image 1,1,3837,
299.462,,Surface,3,Image 1,1,3838,
189.934,,Surface,3,Image 1,1,3840,
106.548,,Surface,3,Image 1,1,3841,
221.719,,Surface,3,Image 1,1,3842,
232.489,,Surface,3,Image 1,1,3843,
308.44,,Surface,3,Image 1,1,3845,
120.062,,Surface,3,Image 1,1,3846,
182.322,,Surface,3,Image 1,1,3847,
104.985,,Surface,3,Image 1,1,3848,
189.684,,Surface,3,Image 1,1,3849,
69.2244,,Surface,3,Image 1,1,3850,
248.115,,Surface,3,Image 1,1,3851,
47.2014,,Surface,3,Image 1,1,3852,
67.3359,,Surface,3,Image 1,1,3853,
153.812,,Surface,3,Image 1,1,3854,
267.059,,Surface,3,Image 1,1,3855,
50.9169,,Surface,3,Image 1,1,3856,
280.287,,Surface,3,Image 1,1,3857,
303,,Surface,3,Image 1,1,3858,
114.253,,Surface,3,Image 1,1,3859,
209.543,,Surface,3,Image 1,1,3860,
207.375,,Surface,3,Image 1,1,3861,
67.9919,,Surface,3,Image 1,1,3862,
271.009,,Surface,3,Image 1,1,3863,
35.7111,,Surface,3,Image 1,1,3864,
262.939,,Surface,3,Image 1,1,3865,
236.864,,Surface,3,Image 1,1,3866,
266.156,,Surface,3,Image 1,1,3867,
282.361,,Surface,3,Image 1,1,3868,
181.5,,Surface,3,Image 1,1,3869,
385.204,,Surface,3,Image 1,1,3870,
64.2589,,Surface,3,Image 1,1,3871,
325.763,,Surface,3,Image 1,1,3872,
261.741,,Surface,3,Image 1,1,3873,
338.6,,Surface,3,Image 1,1,3875,
71.0125,,Surface,3,Image 1,1,3876,
267.058,,Surface,3,Image 1,1,3877,
103.986,,Surface,3,Image 1,1,3879,
211.428,,Surface,3,Image 1,1,3881,
327.222,,Surface,3,Image 1,1,3882,
57.2955,,Surface,3,Image 1,1,3883,
410.001,,Surface,3,Image 1,1,3884,
140.379,,Surface,3,Image 1,1,3885,
274.846,,Surface,3,Image 1,1,3886,
36.7205,,Surface,3,Image 1,1,3887,
130.177,,Surface,3,Image 1,1,3889,
143.812,,Surface,3,Image 1,1,3890,
43.3622,,Surface,3,Image 1,1,3891,
141.453,,Surface,3,Image 1,1,3892,
279.523,,Surface,3,Image 1,1,3893,
182.364,,Surface,3,Image 1,1,3894,
44.9691,,Surface,3,Image 1,1,3895,
219.024,,Surface,3,Image 1,1,3896,
119.764,,Surface,3,Image 1,1,3897,
309.006,,Surface,3,Image 1,1,3899,
207.839,,Surface,3,Image 1,1,3900,
257.423,,Surface,3,Image 1,1,3901,
37.4867,,Surface,3,Image 1,1,3902,
173.657,,Surface,3,Image 1,1,3903,
301.195,,Surface,3,Image 1,1,3904,
273.55,,Surface,3,Image 1,1,3905,
202.967,,Surface,3,Image 1,1,3906,
190.6,,Surface,3,Image 1,1,3907,
54.2728,,Surface,3,Image 1,1,3908,
121.951,,Surface,3,Image 1,1,3909,
137.692,,Surface,3,Image 1,1,3910,
244.644,,Surface,3,Image 1,1,3911,
240.485,,Surface,3,Image 1,1,3912,
254.8,,Surface,3,Image 1,1,3913,
200.577,,Surface,3,Image 1,1,3914,
66.0154,,Surface,3,Image 1,1,3915,
119.642,,Surface,3,Image 1,1,3916,
361.954,,Surface,3,Image 1,1,3917,
207.136,,Surface,3,Image 1,1,3918,
315.072,,Surface,3,Image 1,1,3919,
274.114,,Surface,3,Image 1,1,3921,
132.277,,Surface,3,Image 1,1,3922,
144.677,,Surface,3,Image 1,1,3923,
97.0364,,Surface,3,Image 1,1,3925,
265.898,,Surface,3,Image 1,1,3926,
165.615,,Surface,3,Image 1,1,3927,
179.906,,Surface,3,Image 1,1,3928,
227.26,,Surface,3,Image 1,1,3929,
150.679,,Surface,3,Image 1,1,3930,
83.7069,,Surface,3,Image 1,1,3931,
272.85,,Surface,3,Image 1,1,3932,
322.612,,Surface,3,Image 1,1,3933,
197.922,,Surface,3,Image 1,1,3934,
299.417,,Surface,3,Image 1,1,3935,
214.477,,Surface,3,Image 1,1,3936,
175.766,,Surface,3,Image 1,1,3937,
327.266,,Surface,3,Image 1,1,3938,
251.418,,Surface,3,Image 1,1,3939,
194.816,,Surface,3,Image 1,1,3942,
243.599,,Surface,3,Image 1,1,3943,
122.259,,Surface,3,Image 1,1,3944,
128.306,,Surface,3,Image 1,1,3945,
219.382,,Surface,3,Image 1,1,3946,
33.6857,,Surface,3,Image 1,1,3947,
164.945,,Surface,3,Image 1,1,3948,
352.195,,Surface,3,Image 1,1,3950,
142.873,,Surface,3,Image 1,1,3951,
145.825,,Surface,3,Image 1,1,3952,
117.119,,Surface,3,Image 1,1,3953,
271.849,,Surface,3,Image 1,1,3954,
270.902,,Surface,3,Image 1,1,3955,
148.401,,Surface,3,Image 1,1,3956,
121.262,,Surface,3,Image 1,1,3957,
302.726,,Surface,3,Image 1,1,3958,
169.508,,Surface,3,Image 1,1,3959,
277.334,,Surface,3,Image 1,1,3960,
121.789,,Surface,3,Image 1,1,3961,
87.5668,,Surface,3,Image 1,1,3963,
167.265,,Surface,3,Image 1,1,3964,
72.4355,,Surface,3,Image 1,1,3965,
206.691,,Surface,3,Image 1,1,3966,
261.556,,Surface,3,Image 1,1,3967,
155.558,,Surface,3,Image 1,1,3968,
266.402,,Surface,3,Image 1,1,3969,
153.722,,Surface,3,Image 1,1,3970,
146.323,,Surface,3,Image 1,1,3971,
59.4768,,Surface,3,Image 1,1,3972,
153.702,,Surface,3,Image 1,1,3973,
122.74,,Surface,3,Image 1,1,3974,
107.532,,Surface,3,Image 1,1,3975,
177.348,,Surface,3,Image 1,1,3976,
239.737,,Surface,3,Image 1,1,3977,
182.003,,Surface,3,Image 1,1,3978,
187.484,,Surface,3,Image 1,1,3979,
134.242,,Surface,3,Image 1,1,3980,
213.791,,Surface,3,Image 1,1,3981,
147.013,,Surface,3,Image 1,1,3982,
154.97,,Surface,3,Image 1,1,3983,
158.435,,Surface,3,Image 1,1,3985,
291.233,,Surface,3,Image 1,1,3986,
213.838,,Surface,3,Image 1,1,3987,
53.1958,,Surface,3,Image 1,1,3988,
388.603,,Surface,3,Image 1,1,3989,
139.456,,Surface,3,Image 1,1,3990,
52.3613,,Surface,3,Image 1,1,3992,
149.792,,Surface,3,Image 1,1,3993,
80.1153,,Surface,3,Image 1,1,3994,
245.977,,Surface,3,Image 1,1,3995,
267.295,,Surface,3,Image 1,1,3996,
171.647,,Surface,3,Image 1,1,3997,
321.9,,Surface,3,Image 1,1,3998,
157.533,,Surface,3,Image 1,1,3999,
64.5467,,Surface,3,Image 1,1,4000,
158.881,,Surface,3,Image 1,1,4001,
313.337,,Surface,3,Image 1,1,4002,
72.5413,,Surface,3,Image 1,1,4003,
40.7307,,Surface,3,Image 1,1,4004,
192.302,,Surface,3,Image 1,1,4006,
337.172,,Surface,3,Image 1,1,4007,
95.229,,Surface,3,Image 1,1,4008,
119.878,,Surface,3,Image 1,1,4009,
149.451,,Surface,3,Image 1,1,4010,
136.936,,Surface,3,Image 1,1,4011,
204.754,,Surface,3,Image 1,1,4013,
367.864,,Surface,3,Image 1,1,4014,
135.407,,Surface,3,Image 1,1,4015,
182.612,,Surface,3,Image 1,1,4016,
169.268,,Surface,3,Image 1,1,4018,
127.733,,Surface,3,Image 1,1,4019,
154.536,,Surface,3,Image 1,1,4022,
240.939,,Surface,3,Image 1,1,4023,
83.6816,,Surface,3,Image 1,1,4024,
330.629,,Surface,3,Image 1,1,4025,
229.741,,Surface,3,Image 1,1,4026,
272.398,,Surface,3,Image 1,1,4027,
173.467,,Surface,3,Image 1,1,4028,
265.031,,Surface,3,Image 1,1,4029,
214.418,,Surface,3,Image 1,1,4030,
193.979,,Surface,3,Image 1,1,4031,
236.675,,Surface,3,Image 1,1,4032,
72.0643,,Surface,3,Image 1,1,4033,
170.528,,Surface,3,Image 1,1,4034,
182.418,,Surface,3,Image 1,1,4035,
233.35,,Surface,3,Image 1,1,4036,
76.0744,,Surface,3,Image 1,1,4037,
241.181,,Surface,3,Image 1,1,4038,
179.981,,Surface,3,Image 1,1,4039,
133.544,,Surface,3,Image 1,1,4040,
109.24,,Surface,3,Image 1,1,4043,
287.669,,Surface,3,Image 1,1,4044,
238.964,,Surface,3,Image 1,1,4045,
386.814,,Surface,3,Image 1,1,4046,
199.879,,Surface,3,Image 1,1,4047,
260.663,,Surface,3,Image 1,1,4048,
299.901,,Surface,3,Image 1,1,4049,
91.3798,,Surface,3,Image 1,1,4050,
176.686,,Surface,3,Image 1,1,4051,
248.215,,Surface,3,Image 1,1,4052,
193.709,,Surface,3,Image 1,1,4053,
41.507,,Surface,3,Image 1,1,4054,
170.274,,Surface,3,Image 1,1,4056,
171.308,,Surface,3,Image 1,1,4057,
192.442,,Surface,3,Image 1,1,4058,
124.763,,Surface,3,Image 1,1,4059,
39.3574,,Surface,3,Image 1,1,4060,
187.808,,Surface,3,Image 1,1,4061,
193.313,,Surface,3,Image 1,1,4062,
143.093,,Surface,3,Image 1,1,4063,
298.721,,Surface,3,Image 1,1,4064,
240.554,,Surface,3,Image 1,1,4065,
250.883,,Surface,3,Image 1,1,4066,
226.367,,Surface,3,Image 1,1,4067,
234.203,,Surface,3,Image 1,1,4068,
176.225,,Surface,3,Image 1,1,4069,
117.098,,Surface,3,Image 1,1,4070,
171.78,,Surface,3,Image 1,1,4071,
248.679,,Surface,3,Image 1,1,4072,
187.813,,Surface,3,Image 1,1,4073,
314.958,,Surface,3,Image 1,1,4074,
197.195,,Surface,3,Image 1,1,4075,
340.696,,Surface,3,Image 1,1,4076,
215.472,,Surface,3,Image 1,1,4077,
316.782,,Surface,3,Image 1,1,4078,
56.5812,,Surface,3,Image 1,1,4079,
136.024,,Surface,3,Image 1,1,4081,
236.757,,Surface,3,Image 1,1,4082,
62.2859,,Surface,3,Image 1,1,4083,
151.478,,Surface,3,Image 1,1,4084,
74.7737,,Surface,3,Image 1,1,4085,
54.2492,,Surface,3,Image 1,1,4086,
301.396,,Surface,3,Image 1,1,4087,
78.3368,,Surface,3,Image 1,1,4088,
183.088,,Surface,3,Image 1,1,4089,
87.1881,,Surface,3,Image 1,1,4090,
271.637,,Surface,3,Image 1,1,4091,
127.707,,Surface,3,Image 1,1,4092,
233.919,,Surface,3,Image 1,1,4093,
219.135,,Surface,3,Image 1,1,4094,
154.09,,Surface,3,Image 1,1,4095,
101.169,,Surface,3,Image 1,1,4096,
143.575,,Surface,3,Image 1,1,4098,
65.5108,,Surface,3,Image 1,1,4099,
139.823,,Surface,3,Image 1,1,4100,
171.593,,Surface,3,Image 1,1,4101,
257.505,,Surface,3,Image 1,1,4102,
172.557,,Surface,3,Image 1,1,4103,
457.374,,Surface,3,Image 1,1,4104,
36.366,,Surface,3,Image 1,1,4105,
127.469,,Surface,3,Image 1,1,4106,
43.5765,,Surface,3,Image 1,1,4107,
155.257,,Surface,3,Image 1,1,4108,
287.773,,Surface,3,Image 1,1,4109,
138.225,,Surface,3,Image 1,1,4110,
288.91,,Surface,3,Image 1,1,4111,
118.008,,Surface,3,Image 1,1,4112,
103.237,,Surface,3,Image 1,1,4113,
96.1972,,Surface,3,Image 1,1,4114,
165.727,,Surface,3,Image 1,1,4115,
216.597,,Surface,3,Image 1,1,4116,
215.34,,Surface,3,Image 1,1,4117,
46.2879,,Surface,3,Image 1,1,4118,
120.277,,Surface,3,Image 1,1,4119,
132.151,,Surface,3,Image 1,1,4120,
287.684,,Surface,3,Image 1,1,4121,
264.009,,Surface,3,Image 1,1,4122,
217.708,,Surface,3,Image 1,1,4123,
68.3403,,Surface,3,Image 1,1,4124,
94.4286,,Surface,3,Image 1,1,4125,
279.061,,Surface,3,Image 1,1,4126,
130.329,,Surface,3,Image 1,1,4127,
198.664,,Surface,3,Image 1,1,4128,
198.825,,Surface,3,Image 1,1,4129,
69.1089,,Surface,3,Image 1,1,4130,
96.881,,Surface,3,Image 1,1,4131,
183.2,,Surface,3,Image 1,1,4132,
168.183,,Surface,3,Image 1,1,4133,
177.789,,Surface,3,Image 1,1,4134,
238.056,,Surface,3,Image 1,1,4136,
259.278,,Surface,3,Image 1,1,4137,
152.344,,Surface,3,Image 1,1,4138,
252.544,,Surface,3,Image 1,1,4139,
61.9168,,Surface,3,Image 1,1,4140,
120.571,,Surface,3,Image 1,1,4141,
196.005,,Surface,3,Image 1,1,4142,
69.7607,,Surface,3,Image 1,1,4143,
330.487,,Surface,3,Image 1,1,4144,
199.84,,Surface,3,Image 1,1,4145,
303.418,,Surface,3,Image 1,1,4146,
151.285,,Surface,3,Image 1,1,4147,
44.162,,Surface,3,Image 1,1,4148,
295.887,,Surface,3,Image 1,1,4149,
322.651,,Surface,3,Image 1,1,4150,
72.6291,,Surface,3,Image 1,1,4151,
242.692,,Surface,3,Image 1,1,4152,
126.754,,Surface,3,Image 1,1,4153,
142.271,,Surface,3,Image 1,1,4154,
235.653,,Surface,3,Image 1,1,4155,
263.326,,Surface,3,Image 1,1,4157,
172.239,,Surface,3,Image 1,1,4158,
67.6809,,Surface,3,Image 1,1,4159,
164.423,,Surface,3,Image 1,1,4160,
89.9175,,Surface,3,Image 1,1,4161,
138.862,,Surface,3,Image 1,1,4162,
208.421,,Surface,3,Image 1,1,4163,
378.304,,Surface,3,Image 1,1,4164,
45.0838,,Surface,3,Image 1,1,4165,
166.621,,Surface,3,Image 1,1,4166,
220.027,,Surface,3,Image 1,1,4167,
145.612,,Surface,3,Image 1,1,4168,
251.618,,Surface,3,Image 1,1,4169,
142.213,,Surface,3,Image 1,1,4170,
135.86,,Surface,3,Image 1,1,4171,
225.421,,Surface,3,Image 1,1,4172,
154.451,,Surface,3,Image 1,1,4174,
195.367,,Surface,3,Image 1,1,4175,
294.957,,Surface,3,Image 1,1,4177,
225.819,,Surface,3,Image 1,1,4178,
213.479,,Surface,3,Image 1,1,4179,
249.442,,Surface,3,Image 1,1,4180,
88.9956,,Surface,3,Image 1,1,4181,
165.986,,Surface,3,Image 1,1,4182,
67.2375,,Surface,3,Image 1,1,4183,
118.493,,Surface,3,Image 1,1,4184,
199.985,,Surface,3,Image 1,1,4185,
292.465,,Surface,3,Image 1,1,4186,
75.6077,,Surface,3,Image 1,1,4187,
139.63,,Surface,3,Image 1,1,4189,
38.9279,,Surface,3,Image 1,1,4190,
300.192,,Surface,3,Image 1,1,4191,
69.3658,,Surface,3,Image 1,1,4192,
150.704,,Surface,3,Image 1,1,4194,
166.471,,Surface,3,Image 1,1,4195,
155.376,,Surface,3,Image 1,1,4196,
151.924,,Surface,3,Image 1,1,4197,
87.1935,,Surface,3,Image 1,1,4198,
96.6338,,Surface,3,Image 1,1,4199,
139.511,,Surface,3,Image 1,1,4200,
70.2558,,Surface,3,Image 1,1,4201,
87.6686,,Surface,3,Image 1,1,4202,
124.948,,Surface,3,Image 1,1,4203,
309.786,,Surface,3,Image 1,1,4204,
76.8196,,Surface,3,Image 1,1,4205,
48.2932,,Surface,3,Image 1,1,4206,
162.874,,Surface,3,Image 1,1,4207,
197.424,,Surface,3,Image 1,1,4208,
73.5674,,Surface,3,Image 1,1,4209,
413.816,,Surface,3,Image 1,1,4210,
147.052,,Surface,3,Image 1,1,4211,
43.5037,,Surface,3,Image 1,1,4212,
147.876,,Surface,3,Image 1,1,4213,
138.297,,Surface,3,Image 1,1,4214,
162.447,,Surface,3,Image 1,1,4215,
208.679,,Surface,3,Image 1,1,4216,
206.086,,Surface,3,Image 1,1,4217,
167.741,,Surface,3,Image 1,1,4218,
150.419,,Surface,3,Image 1,1,4219,
133.963,,Surface,3,Image 1,1,4220,
320.255,,Surface,3,Image 1,1,4221,
346.509,,Surface,3,Image 1,1,4222,
147.179,,Surface,3,Image 1,1,4223,
168.884,,Surface,3,Image 1,1,4224,
199.301,,Surface,3,Image 1,1,4225,
171.01,,Surface,3,Image 1,1,4226,
224.709,,Surface,3,Image 1,1,4228,
113.597,,Surface,3,Image 1,1,4229,
258.17,,Surface,3,Image 1,1,4230,
46.7233,,Surface,3,Image 1,1,4231,
224.304,,Surface,3,Image 1,1,4232,
76.9546,,Surface,3,Image 1,1,4233,
98.3252,,Surface,3,Image 1,1,4234,
142.311,,Surface,3,Image 1,1,4235,
240.498,,Surface,3,Image 1,1,4236,
212.425,,Surface,3,Image 1,1,4237,
402.623,,Surface,3,Image 1,1,4238,
120.117,,Surface,3,Image 1,1,4239,
208.625,,Surface,3,Image 1,1,4240,
180.979,,Surface,3,Image 1,1,4241,
171.659,,Surface,3,Image 1,1,4242,
96.7249,,Surface,3,Image 1,1,4243,
140.652,,Surface,3,Image 1,1,4244,
273.313,,Surface,3,Image 1,1,4245,
218.054,,Surface,3,Image 1,1,4246,
151.928,,Surface,3,Image 1,1,4247,
86.2382,,Surface,3,Image 1,1,4248,
164.671,,Surface,3,Image 1,1,4249,
156.786,,Surface,3,Image 1,1,4250,
139.999,,Surface,3,Image 1,1,4251,
70.9022,,Surface,3,Image 1,1,4252,
37.9974,,Surface,3,Image 1,1,4253,
96.3875,,Surface,3,Image 1,1,4255,
118.221,,Surface,3,Image 1,1,4256,
65.4954,,Surface,3,Image 1,1,4257,
131.024,,Surface,3,Image 1,1,4258,
146.232,,Surface,3,Image 1,1,4260,
88.6,,Surface,3,Image 1,1,4261,
225.736,,Surface,3,Image 1,1,4262,
354.49,,Surface,3,Image 1,1,4263,
206.77,,Surface,3,Image 1,1,4264,
64.5104,,Surface,3,Image 1,1,4265,
108.419,,Surface,3,Image 1,1,4267,
214.22,,Surface,3,Image 1,1,4268,
356.935,,Surface,3,Image 1,1,4269,
216.609,,Surface,3,Image 1,1,4270,
188.408,,Surface,3,Image 1,1,4271,
91.3634,,Surface,3,Image 1,1,4272,
227.943,,Surface,3,Image 1,1,4273,
182.6,,Surface,3,Image 1,1,4274,
158.41,,Surface,3,Image 1,1,4275,
61.6414,,Surface,3,Image 1,1,4277,
148.513,,Surface,3,Image 1,1,4278,
208.309,,Surface,3,Image 1,1,4279,
118.458,,Surface,3,Image 1,1,4280,
323.889,,Surface,3,Image 1,1,4281,
182.5,,Surface,3,Image 1,1,4282,
129.836,,Surface,3,Image 1,1,4284,
222.569,,Surface,3,Image 1,1,4285,
127.868,,Surface,3,Image 1,1,4286,
215.899,,Surface,3,Image 1,1,4287,
57.4977,,Surface,3,Image 1,1,4288,
241.56,,Surface,3,Image 1,1,4290,
51.5093,,Surface,3,Image 1,1,4291,
52.4613,,Surface,3,Image 1,1,4292,
152.938,,Surface,3,Image 1,1,4293,
83.9233,,Surface,3,Image 1,1,4294,
85.1034,,Surface,3,Image 1,1,4295,
91.2658,,Surface,3,Image 1,1,4296,
178.998,,Surface,3,Image 1,1,4297,
68.6956,,Surface,3,Image 1,1,4298,
108.324,,Surface,3,Image 1,1,4299,
155.423,,Surface,3,Image 1,1,4300,
78.7793,,Surface,3,Image 1,1,4301,
130.01,,Surface,3,Image 1,1,4302,
121.964,,Surface,3,Image 1,1,4303,
106.341,,Surface,3,Image 1,1,4304,
78.7691,,Surface,3,Image 1,1,4305,
187.929,,Surface,3,Image 1,1,4306,
41.6869,,Surface,3,Image 1,1,4307,
211.583,,Surface,3,Image 1,1,4308,
64.0097,,Surface,3,Image 1,1,4309,
82.5462,,Surface,3,Image 1,1,4310,
124.297,,Surface,3,Image 1,1,4311,
136.956,,Surface,3,Image 1,1,4312,
107.267,,Surface,3,Image 1,1,4313,
179.923,,Surface,3,Image 1,1,4314,
152.641,,Surface,3,Image 1,1,4315,
210.635,,Surface,3,Image 1,1,4316,
138.13,,Surface,3,Image 1,1,4317,
40.1626,,Surface,3,Image 1,1,4318,
105.421,,Surface,3,Image 1,1,4319,
167.085,,Surface,3,Image 1,1,4320,
50.4543,,Surface,3,Image 1,1,4321,
222.069,,Surface,3,Image 1,1,4322,
113.15,,Surface,3,Image 1,1,4323,
75.7167,,Surface,3,Image 1,1,4324,
143.223,,Surface,3,Image 1,1,4325,
131.548,,Surface,3,Image 1,1,4326,
56.5049,,Surface,3,Image 1,1,4327,
120.882,,Surface,3,Image 1,1,4328,
94.9969,,Surface,3,Image 1,1,4329,
90.5645,,Surface,3,Image 1,1,4330,
227.079,,Surface,3,Image 1,1,4331,
67.5478,,Surface,3,Image 1,1,4332,
174.66,,Surface,3,Image 1,1,4333,
140.388,,Surface,3,Image 1,1,4334,
98.251,,Surface,3,Image 1,1,4335,
203.315,,Surface,3,Image 1,1,4336,
167.656,,Surface,3,Image 1,1,4337,
134.69,,Surface,3,Image 1,1,4338,
122.539,,Surface,3,Image 1,1,4339,
82.7586,,Surface,3,Image 1,1,4340,
158.782,,Surface,3,Image 1,1,4341,
153.458,,Surface,3,Image 1,1,4342,
250.039,,Surface,3,Image 1,1,4343,
156.691,,Surface,3,Image 1,1,4344,
85.3002,,Surface,3,Image 1,1,4346,
297.173,,Surface,3,Image 1,1,4347,
200.73,,Surface,3,Image 1,1,4348,
199.997,,Surface,3,Image 1,1,4349,
96.4153,,Surface,3,Image 1,1,4350,
132.363,,Surface,3,Image 1,1,4351,
221.564,,Surface,3,Image 1,1,4352,
80.8585,,Surface,3,Image 1,1,4353,
70.6353,,Surface,3,Image 1,1,4354,
166.468,,Surface,3,Image 1,1,4355,
228.22,,Surface,3,Image 1,1,4356,
65.8914,,Surface,3,Image 1,1,4358,
149.008,,Surface,3,Image 1,1,4359,
44.3349,,Surface,3,Image 1,1,4360,
62.3233,,Surface,3,Image 1,1,4361,
227.56,,Surface,3,Image 1,1,4362,
277.396,,Surface,3,Image 1,1,4363,
160.019,,Surface,3,Image 1,1,4364,
44.6904,,Surface,3,Image 1,1,4365,
82.9558,,Surface,3,Image 1,1,4366,
40.3123,,Surface,3,Image 1,1,4367,
87.3888,,Surface,3,Image 1,1,4368,
122.733,,Surface,3,Image 1,1,4369,
105.926,,Surface,3,Image 1,1,4370,
41.2489,,Surface,3,Image 1,1,4371,
141.072,,Surface,3,Image 1,1,4372,
91.8709,,Surface,3,Image 1,1,4373,
57.5508,,Surface,3,Image 1,1,4374,
121.671,,Surface,3,Image 1,1,4375,
86.0388,,Surface,3,Image 1,1,4376,
91.1427,,Surface,3,Image 1,1,4377,
48.0919,,Surface,3,Image 1,1,4378,
149.586,,Surface,3,Image 1,1,4379,
77.4258,,Surface,3,Image 1,1,4380,
216.593,,Surface,3,Image 1,1,4381,
44.228,,Surface,3,Image 1,1,4382,
51.8539,,Surface,3,Image 1,1,4383,
150.05,,Surface,3,Image 1,1,4384,
184.307,,Surface,3,Image 1,1,4385,
62.6314,,Surface,3,Image 1,1,4386,
129.481,,Surface,3,Image 1,1,4387,
88.1737,,Surface,3,Image 1,1,4388,
167.037,,Surface,3,Image 1,1,4389,
205.772,,Surface,3,Image 1,1,4390,
122.409,,Surface,3,Image 1,1,4391,
117.268,,Surface,3,Image 1,1,4392,
80.3823,,Surface,3,Image 1,1,4393,
91.5334,,Surface,3,Image 1,1,4394,
215.908,,Surface,3,Image 1,1,4395,
132.017,,Surface,3,Image 1,1,4396,
114.116,,Surface,3,Image 1,1,4397,
61.8225,,Surface,3,Image 1,1,4398,
57.4237,,Surface,3,Image 1,1,4399,
113.569,,Surface,3,Image 1,1,4400,
40.104,,Surface,3,Image 1,1,4401,
184.557,,Surface,3,Image 1,1,4402,
110.698,,Surface,3,Image 1,1,4403,
104.868,,Surface,3,Image 1,1,4404,
187.544,,Surface,3,Image 1,1,4405,
129.94,,Surface,3,Image 1,1,4406,
140.172,,Surface,3,Image 1,1,4407,
182.34,,Surface,3,Image 1,1,4408,
151.026,,Surface,3,Image 1,1,4409,
171.702,,Surface,3,Image 1,1,4410,
135.971,,Surface,3,Image 1,1,4411,
106.084,,Surface,3,Image 1,1,4413,
69.2475,,Surface,3,Image 1,1,4414,
77.489,,Surface,3,Image 1,1,4415,
35.7819,,Surface,3,Image 1,1,4416,
137.369,,Surface,3,Image 1,1,4417,
118.356,,Surface,3,Image 1,1,4418,
133.696,,Surface,3,Image 1,1,4419,
163.681,,Surface,3,Image 1,1,4420,
182.432,,Surface,3,Image 1,1,4422,
196.216,,Surface,3,Image 1,1,4423,
137.795,,Surface,3,Image 1,1,4424,
170.794,,Surface,3,Image 1,1,4425,
174.065,,Surface,3,Image 1,1,4426,
51.8044,,Surface,3,Image 1,1,4427,
49.8204,,Surface,3,Image 1,1,4428,
90.1197,,Surface,3,Image 1,1,4429,
52.1147,,Surface,3,Image 1,1,4430,
331.301,,Surface,3,Image 1,1,4431,
79.4319,,Surface,3,Image 1,1,4432,
108.584,,Surface,3,Image 1,1,4433,
164.179,,Surface,3,Image 1,1,4434,
91.5984,,Surface,3,Image 1,1,4435,
124.62,,Surface,3,Image 1,1,4436,
183.213,,Surface,3,Image 1,1,4437,
48.177,,Surface,3,Image 1,1,4438,
82.9286,,Surface,3,Image 1,1,4439,
121.339,,Surface,3,Image 1,1,4440,
117.992,,Surface,3,Image 1,1,4441,
142.547,,Surface,3,Image 1,1,4442,
150.547,,Surface,3,Image 1,1,4443,
183.656,,Surface,3,Image 1,1,4444,
49.4166,,Surface,3,Image 1,1,4445,
78.9468,,Surface,3,Image 1,1,4446,
154.645,,Surface,3,Image 1,1,4447,
127.385,,Surface,3,Image 1,1,4448,
162.691,,Surface,3,Image 1,1,4449,
120.294,,Surface,3,Image 1,1,4450,
122.957,,Surface,3,Image 1,1,4451,
62.1195,,Surface,3,Image 1,1,4452,
163.622,,Surface,3,Image 1,1,4453,
171.45,,Surface,3,Image 1,1,4454,
141.416,,Surface,3,Image 1,1,4455,
128.549,,Surface,3,Image 1,1,4456,
94.426,,Surface,3,Image 1,1,4457,
123.858,,Surface,3,Image 1,1,4458,
136.672,,Surface,3,Image 1,1,4459,
124.264,,Surface,3,Image 1,1,4460,
126.368,,Surface,3,Image 1,1,4461,
77.637,,Surface,3,Image 1,1,4462,
77.0397,,Surface,3,Image 1,1,4463,
139.922,,Surface,3,Image 1,1,4464,
136.805,,Surface,3,Image 1,1,4465,
61.1962,,Surface,3,Image 1,1,4466,
46.2538,,Surface,3,Image 1,1,4467,
72.2945,,Surface,3,Image 1,1,4468,
60.7038,,Surface,3,Image 1,1,4470,
76.1126,,Surface,3,Image 1,1,4471,
120.851,,Surface,3,Image 1,1,4472,
148.458,,Surface,3,Image 1,1,4473,
133.522,,Surface,3,Image 1,1,4474,
63.9791,,Surface,3,Image 1,1,4475,
37.3627,,Surface,3,Image 1,1,4476,
52.9838,,Surface,3,Image 1,1,4477,
164.578,,Surface,3,Image 1,1,4478,
85.3673,,Surface,3,Image 1,1,4479,
59.3484,,Surface,3,Image 1,1,4480,
67.0089,,Surface,3,Image 1,1,4481,
68.0532,,Surface,3,Image 1,1,4482,
72.3753,,Surface,3,Image 1,1,4483,
172.608,,Surface,3,Image 1,1,4484,
70.2929,,Surface,3,Image 1,1,4485,
46.2289,,Surface,3,Image 1,1,4486,
43.6017,,Surface,3,Image 1,1,4488,
166.238,,Surface,3,Image 1,1,4489,
78.4684,,Surface,3,Image 1,1,4490,
41.8941,,Surface,3,Image 1,1,4491,
60.9732,,Surface,3,Image 1,1,4492,
125.253,,Surface,3,Image 1,1,4493,
133.606,,Surface,3,Image 1,1,4494,
123.352,,Surface,3,Image 1,1,4495,
44.2924,,Surface,3,Image 1,1,4496,
34.2036,,Surface,3,Image 1,1,4497,
128.333,,Surface,3,Image 1,1,4498,
156.212,,Surface,3,Image 1,1,4499,
39.8479,,Surface,3,Image 1,1,4500,
169.958,,Surface,3,Image 1,1,4501,
60.3481,,Surface,3,Image 1,1,4502,
86.9908,,Surface,3,Image 1,1,4503,
46.0869,,Surface,3,Image 1,1,4504,
63.4846,,Surface,3,Image 1,1,4505,
166.407,,Surface,3,Image 1,1,4506,
137.694,,Surface,3,Image 1,1,4507,
103.972,,Surface,3,Image 1,1,4508,
110.936,,Surface,3,Image 1,1,4509,
143.731,,Surface,3,Image 1,1,4510,
139.611,,Surface,3,Image 1,1,4511,
162.294,,Surface,3,Image 1,1,4512,
114.804,,Surface,3,Image 1,1,4513,
48.0008,,Surface,3,Image 1,1,4514,
64.8406,,Surface,3,Image 1,1,4515,
70.2956,,Surface,3,Image 1,1,4516,
43.8858,,Surface,3,Image 1,1,4517,
119.971,,Surface,3,Image 1,1,4518,
99.6754,,Surface,3,Image 1,1,4519,
70.7875,,Surface,3,Image 1,1,4520,
132.871,,Surface,3,Image 1,1,4521,
64.1313,,Surface,3,Image 1,1,4522,
136.985,,Surface,3,Image 1,1,4523,
53.5684,,Surface,3,Image 1,1,4524,
60.3005,,Surface,3,Image 1,1,4525,
38.842,,Surface,3,Image 1,1,4526,
68.6964,,Surface,3,Image 1,1,4527,
53.0712,,Surface,3,Image 1,1,4528,
84.1302,,Surface,3,Image 1,1,4529,
39.0347,,Surface,3,Image 1,1,4530,
171.881,,Surface,3,Image 1,1,4531,
65.5838,,Surface,3,Image 1,1,4532,
151.542,,Surface,3,Image 1,1,4533,
202.487,,Surface,3,Image 1,1,4535,
86.4504,,Surface,3,Image 1,1,4536,
45.6585,,Surface,3,Image 1,1,4537,
179.659,,Surface,3,Image 1,1,4538,
104.101,,Surface,3,Image 1,1,4539,
64.8645,,Surface,3,Image 1,1,4540,
47.0103,,Surface,3,Image 1,1,4541,
177.088,,Surface,3,Image 1,1,4542,
143.906,,Surface,3,Image 1,1,4543,
187.52,,Surface,3,Image 1,1,4544,
51.7342,,Surface,3,Image 1,1,4545,
56.6381,,Surface,3,Image 1,1,4546,
124.168,,Surface,3,Image 1,1,4547,
93.7037,,Surface,3,Image 1,1,4548,
87.1142,,Surface,3,Image 1,1,4549,
39.1472,,Surface,3,Image 1,1,4550,
134.225,,Surface,3,Image 1,1,4551,
120.766,,Surface,3,Image 1,1,4552,
55.5676,,Surface,3,Image 1,1,4553,
83.6728,,Surface,3,Image 1,1,4554,
133.439,,Surface,3,Image 1,1,4555,
58.1274,,Surface,3,Image 1,1,4556,
153.499,,Surface,3,Image 1,1,4557,
50.0458,,Surface,3,Image 1,1,4558,
54.3791,,Surface,3,Image 1,1,4559,
178.188,,Surface,3,Image 1,1,4560,
56.6309,,Surface,3,Image 1,1,4561,
42.5708,,Surface,3,Image 1,1,4562,
41.5592,,Surface,3,Image 1,1,4563,
53.6718,,Surface,3,Image 1,1,4564,
45.2253,,Surface,3,Image 1,1,4565,
43.0135,,Surface,3,Image 1,1,4566,
48.6304,,Surface,3,Image 1,1,4567,
74.5663,,Surface,3,Image 1,1,4568,
74.5196,,Surface,3,Image 1,1,4569,
47.4915,,Surface,3,Image 1,1,4570,
138.493,,Surface,3,Image 1,1,4571,
31.8517,,Surface,3,Image 1,1,4572,
62.6333,,Surface,3,Image 1,1,4573,
82.2599,,Surface,3,Image 1,1,4574,
120.197,,Surface,3,Image 1,1,4575,
37.3372,,Surface,3,Image 1,1,4576,
86.7924,,Surface,3,Image 1,1,4577,
39.3456,,Surface,3,Image 1,1,4578,
80.7033,,Surface,3,Image 1,1,4579,
80.9335,,Surface,3,Image 1,1,4580,
121.747,,Surface,3,Image 1,1,4581,
314.652,,Surface,3,Image 1,1,4582,
131.887,,Surface,3,Image 1,1,4583,
63.1012,,Surface,3,Image 1,1,4584,
60.9312,,Surface,3,Image 1,1,4585,
75.3935,,Surface,3,Image 1,1,4586,
53.4307,,Surface,3,Image 1,1,4587,
49.1963,,Surface,3,Image 1,1,4588,
62.5745,,Surface,3,Image 1,1,4589,
39.8536,,Surface,3,Image 1,1,4590,
87.3014,,Surface,3,Image 1,1,4591,
30.8007,,Surface,3,Image 1,1,4592,
85.0019,,Surface,3,Image 1,1,4593,
177.497,,Surface,3,Image 1,1,4594,
162.799,,Surface,3,Image 1,1,4595,
66.8393,,Surface,3,Image 1,1,4596,
123.338,,Surface,3,Image 1,1,4597,
99.6466,,Surface,3,Image 1,1,4598,
142.117,,Surface,3,Image 1,1,4599,
45.9636,,Surface,3,Image 1,1,4600,
152.376,,Surface,3,Image 1,1,4601,
233.888,,Surface,3,Image 1,1,4602,
50.2157,,Surface,3,Image 1,1,4603,
86.3267,,Surface,3,Image 1,1,4604,
148.979,,Surface,3,Image 1,1,4605,
35.0508,,Surface,3,Image 1,1,4606,
160.676,,Surface,3,Image 1,1,4607,
61.9902,,Surface,3,Image 1,1,4608,
47.3955,,Surface,3,Image 1,1,4609,
83.5096,,Surface,3,Image 1,1,4610,
68.2346,,Surface,3,Image 1,1,4611,
89.0757,,Surface,3,Image 1,1,4612,
41.5625,,Surface,3,Image 1,1,4613,
35.4048,,Surface,3,Image 1,1,4614,
44.9791,,Surface,3,Image 1,1,4615,
33.694,,Surface,3,Image 1,1,4616,
44.4587,,Surface,3,Image 1,1,4617,
67.2662,,Surface,3,Image 1,1,4618,
46.3998,,Surface,3,Image 1,1,4619,
70.4673,,Surface,3,Image 1,1,4620,
57.4794,,Surface,3,Image 1,1,4621,
148.967,,Surface,3,Image 1,1,4622,
87.5363,,Surface,3,Image 1,1,4623,
48.6177,,Surface,3,Image 1,1,4624,
82.9447,,Surface,3,Image 1,1,4625,
51.3071,,Surface,3,Image 1,1,4626,
35.7312,,Surface,3,Image 1,1,4627,
81.6676,,Surface,3,Image 1,1,4628,
41.5668,,Surface,3,Image 1,1,4629,
150.98,,Surface,3,Image 1,1,4630,
83.0352,,Surface,3,Image 1,1,4631,
65.6769,,Surface,3,Image 1,1,4632,
46.7825,,Surface,3,Image 1,1,4633,
43.7008,,Surface,3,Image 1,1,4634,
54.2159,,Surface,3,Image 1,1,4635,
74.2185,,Surface,3,Image 1,1,4636,
45.2288,,Surface,3,Image 1,1,4637,
159.89,,Surface,3,Image 1,1,4638,
175.479,,Surface,3,Image 1,1,4639,
138.426,,Surface,3,Image 1,1,4640,
59.9757,,Surface,3,Image 1,1,4641,
76.7829,,Surface,3,Image 1,1,4642,
53.3636,,Surface,3,Image 1,1,4643,
84.4174,,Surface,3,Image 1,1,4644,
133.091,,Surface,3,Image 1,1,4645,
34.5583,,Surface,3,Image 1,1,4646,
76.2119,,Surface,3,Image 1,1,4647,
53.0924,,Surface,3,Image 1,1,4648,
91.9017,,Surface,3,Image 1,1,4649,
43.0695,,Surface,3,Image 1,1,4650,
80.8962,,Surface,3,Image 1,1,4651,
57.0016,,Surface,3,Image 1,1,4652,
54.206,,Surface,3,Image 1,1,4653,
85.8008,,Surface,3,Image 1,1,4654,
42.7925,,Surface,3,Image 1,1,4656,
74.5638,,Surface,3,Image 1,1,4657,
41.5205,,Surface,3,Image 1,1,4658,
57.672,,Surface,3,Image 1,1,4659,
58.4018,,Surface,3,Image 1,1,4660,
184.258,,Surface,3,Image 1,1,4661,
138.743,,Surface,3,Image 1,1,4662,
59.9289,,Surface,3,Image 1,1,4663,
44.7308,,Surface,3,Image 1,1,4664,
40.9045,,Surface,3,Image 1,1,4665,
72.0009,,Surface,3,Image 1,1,4666,
38.2041,,Surface,3,Image 1,1,4667,
73.5529,,Surface,3,Image 1,1,4668,
137.932,,Surface,3,Image 1,1,4669,
69.0094,,Surface,3,Image 1,1,4670,
56.0816,,Surface,3,Image 1,1,4671,
49.7805,,Surface,3,Image 1,1,4672,
82.0257,,Surface,3,Image 1,1,4673,
49.9183,,Surface,3,Image 1,1,4674,
50.841,,Surface,3,Image 1,1,4675,
73.0398,,Surface,3,Image 1,1,4676,
59.5531,,Surface,3,Image 1,1,4677,
40.5657,,Surface,3,Image 1,1,4678,
40.863,,Surface,3,Image 1,1,4679,
32.7458,,Surface,3,Image 1,1,4680,
50.4674,,Surface,3,Image 1,1,4681,
38.3236,,Surface,3,Image 1,1,4682,
52.2325,,Surface,3,Image 1,1,4683,
134.497,,Surface,3,Image 1,1,4684,
49.5795,,Surface,3,Image 1,1,4685,
76.2955,,Surface,3,Image 1,1,4686,
61.1598,,Surface,3,Image 1,1,4687,
105.581,,Surface,3,Image 1,1,4688,
33.0479,,Surface,3,Image 1,1,4689,
57.203,,Surface,3,Image 1,1,4691,
46.8623,,Surface,3,Image 1,1,4692,
33.2504,,Surface,3,Image 1,1,4693,
64.9613,,Surface,3,Image 1,1,4694,
65.6754,,Surface,3,Image 1,1,4696,
154.001,,Surface,3,Image 1,1,4697,
65.481,,Surface,3,Image 1,1,4698,
57.4341,,Surface,3,Image 1,1,4699,
65.2462,,Surface,3,Image 1,1,4700,
168.514,,Surface,3,Image 1,1,4701,
37.7427,,Surface,3,Image 1,1,4702,
55.3589,,Surface,3,Image 1,1,4703,
40.3424,,Surface,3,Image 1,1,4704,
39.1802,,Surface,3,Image 1,1,4705,
59.826,,Surface,3,Image 1,1,4706,
46.7823,,Surface,3,Image 1,1,4707,
50.7111,,Surface,3,Image 1,1,4708,
68.7782,,Surface,3,Image 1,1,4709,
39.3957,,Surface,3,Image 1,1,4710,
131.396,,Surface,3,Image 1,1,4711,
213.159,,Surface,3,Image 1,1,4712,
62.2963,,Surface,3,Image 1,1,4713,
50.4073,,Surface,3,Image 1,1,4714,
88.0148,,Surface,3,Image 1,1,4715,
79.7054,,Surface,3,Image 1,1,4716,
33.6794,,Surface,3,Image 1,1,4717,
38.8524,,Surface,3,Image 1,1,4718,
78.9748,,Surface,3,Image 1,1,4720,
69.0827,,Surface,3,Image 1,1,4721,
76.4036,,Surface,3,Image 1,1,4722,
46.858,,Surface,3,Image 1,1,4723,
39.9185,,Surface,3,Image 1,1,4724,
48.1695,,Surface,3,Image 1,1,4725,
55.2244,,Surface,3,Image 1,1,4726,
55.6501,,Surface,3,Image 1,1,4727,
57.6896,,Surface,3,Image 1,1,4728,
68.7186,,Surface,3,Image 1,1,4729,
58.351,,Surface,3,Image 1,1,4730,
57.0912,,Surface,3,Image 1,1,4731,
44.3421,,Surface,3,Image 1,1,4732,
50.7688,,Surface,3,Image 1,1,4733,
55.1421,,Surface,3,Image 1,1,4735,
266.312,,Surface,3,Image 1,1,4736,
65.6698,,Surface,3,Image 1,1,4737,
142.05,,Surface,3,Image 1,1,4738,
56.6465,,Surface,3,Image 1,1,4739,
66.0779,,Surface,3,Image 1,1,4740,
37.1451,,Surface,3,Image 1,1,4741,
57.1326,,Surface,3,Image 1,1,4742,
85.5123,,Surface,3,Image 1,1,4743,
39.6712,,Surface,3,Image 1,1,4744,
95.049,,Surface,3,Image 1,1,4745,
51.7517,,Surface,3,Image 1,1,4746,
79.9979,,Surface,3,Image 1,1,4747,
43.6152,,Surface,3,Image 1,1,4748,
76.8177,,Surface,3,Image 1,1,4749,
52.281,,Surface,3,Image 1,1,4750,
39.7655,,Surface,3,Image 1,1,4751,
35.7106,,Surface,3,Image 1,1,4752,
114.556,,Surface,3,Image 1,1,4753,
101.678,,Surface,3,Image 1,1,4754,
120.375,,Surface,3,Image 1,1,4755,
134.436,,Surface,3,Image 1,1,4756,
43.7638,,Surface,3,Image 1,1,4758,
57.5677,,Surface,3,Image 1,1,4760,
39.3756,,Surface,3,Image 1,1,4761,
64.0639,,Surface,3,Image 1,1,4762,
50.6926,,Surface,3,Image 1,1,4763,
58.818,,Surface,3,Image 1,1,4764,
72.4566,,Surface,3,Image 1,1,4765,
69.6975,,Surface,3,Image 1,1,4766,
137.919,,Surface,3,Image 1,1,4767,
67.3409,,Surface,3,Image 1,1,4768,
73.2476,,Surface,3,Image 1,1,4769,
63.5258,,Surface,3,Image 1,1,4770,
162.805,,Surface,3,Image 1,1,4771,
147.405,,Surface,3,Image 1,1,4772,
48.6849,,Surface,3,Image 1,1,4773,
39.9931,,Surface,3,Image 1,1,4774,
81.8914,,Surface,3,Image 1,1,4775,
58.2256,,Surface,3,Image 1,1,4776,
46.3537,,Surface,3,Image 1,1,4777,
77.5308,,Surface,3,Image 1,1,4779,
157.031,,Surface,3,Image 1,1,4780,
63.557,,Surface,3,Image 1,1,4781,
75.3072,,Surface,3,Image 1,1,4782,
41.85,,Surface,3,Image 1,1,4783,
105.219,,Surface,3,Image 1,1,4784,
38.5667,,Surface,3,Image 1,1,4785,
39.7924,,Surface,3,Image 1,1,4787,
49.1635,,Surface,3,Image 1,1,4788,
42.2569,,Surface,3,Image 1,1,4789,
43.0849,,Surface,3,Image 1,1,4790,
57.6203,,Surface,3,Image 1,1,4791,
37.0173,,Surface,3,Image 1,1,4793,
47.4578,,Surface,3,Image 1,1,4794,
48.8913,,Surface,3,Image 1,1,4795,
39.2387,,Surface,3,Image 1,1,4796,
41.1659,,Surface,3,Image 1,1,4797,
41.8333,,Surface,3,Image 1,1,4798,
83.2031,,Surface,3,Image 1,1,4800,
51.532,,Surface,3,Image 1,1,4801,
236.749,,Surface,3,Image 1,1,4802,
136.456,,Surface,3,Image 1,1,4803,
146.966,,Surface,3,Image 1,1,4804,
90.2717,,Surface,3,Image 1,1,4805,
38.8016,,Surface,3,Image 1,1,4806,
104.967,,Surface,3,Image 1,1,4807,
111.374,,Surface,3,Image 1,1,4808,
35.2879,,Surface,3,Image 1,1,4809,
52.517,,Surface,3,Image 1,1,4810,
139.811,,Surface,3,Image 1,1,4812,
66.9169,,Surface,3,Image 1,1,4813,
82.6357,,Surface,3,Image 1,1,4815,
141.785,,Surface,3,Image 1,1,4816,
167.72,,Surface,3,Image 1,1,4817,
57.0099,,Surface,3,Image 1,1,4818,
124.246,,Surface,3,Image 1,1,4819,
38.3417,,Surface,3,Image 1,1,4820,
55.7806,,Surface,3,Image 1,1,4821,
143.727,,Surface,3,Image 1,1,4822,
30.9155,,Surface,3,Image 1,1,4823,
37.1371,,Surface,3,Image 1,1,4824,
75.7391,,Surface,3,Image 1,1,4825,
52.6622,,Surface,3,Image 1,1,4826,
32.1413,,Surface,3,Image 1,1,4827,
35.6478,,Surface,3,Image 1,1,4828,
85.5463,,Surface,3,Image 1,1,4829,
83.4626,,Surface,3,Image 1,1,4830,
39.975,,Surface,3,Image 1,1,4832,
121.947,,Surface,3,Image 1,1,4833,
38.1752,,Surface,3,Image 1,1,4834,
51.7127,,Surface,3,Image 1,1,4835,
42.3451,,Surface,3,Image 1,1,4836,
45.9888,,Surface,3,Image 1,1,4837,
39.7235,,Surface,3,Image 1,1,4838,
109.805,,Surface,3,Image 1,1,4839,
45.4021,,Surface,3,Image 1,1,4841,
44.9062,,Surface,3,Image 1,1,4843,
69.643,,Surface,3,Image 1,1,4844,
47.2049,,Surface,3,Image 1,1,4849,
74.1719,,Surface,3,Image 1,1,4850,
121.123,,Surface,3,Image 1,1,4851,
32.2821,,Surface,3,Image 1,1,4852,
41.2873,,Surface,3,Image 1,1,4855,
50.1239,,Surface,3,Image 1,1,4856,
37.4994,,Surface,3,Image 1,1,4858,
48.0285,,Surface,3,Image 1,1,4859,
47.6143,,Surface,3,Image 1,1,4860,
49.4275,,Surface,3,Image 1,1,4861,
142.492,,Surface,3,Image 1,1,4862,
126.246,,Surface,3,Image 1,1,4863,
35.3709,,Surface,3,Image 1,1,4864,
39.7992,,Surface,3,Image 1,1,4866,
35.7237,,Surface,3,Image 1,1,4867,
42.2723,,Surface,3,Image 1,1,4869,
70.1023,,Surface,3,Image 1,1,4873,
42.2038,,Surface,3,Image 1,1,4875,
63.8025,,Surface,3,Image 1,1,4876,
62.3444,,Surface,3,Image 1,1,4877,
73.5041,,Surface,3,Image 1,1,4878,
66.4068,,Surface,3,Image 1,1,4882,
38.2981,,Surface,3,Image 1,1,4884,
146.204,,Surface,3,Image 1,1,4885,
118.102,,Surface,3,Image 1,1,4886,
106.053,,Surface,3,Image 1,1,4887,
65.4915,,Surface,3,Image 1,1,4890,
36.5826,,Surface,3,Image 1,1,4891,
69.9169,,Surface,3,Image 1,1,4892,
35.5514,,Surface,3,Image 1,1,4893,
247.945,,Surface,3,Image 1,1,4894,
148.039,,Surface,3,Image 1,1,4897,
61.1661,,Surface,3,Image 1,1,4898,
138.945,,Surface,3,Image 1,1,4909,
93.2977,,Surface,3,Image 1,1,4913,
87.1779,,Surface,3,Image 1,1,4914,
